# Columns: R_MC [pc], P(R_MC) [1/pc], Cross-section weighted P(R_MC) [1/pc]
1.025651926251407861e-11, 0.000000000000000000e+00, 0.000000000000000000e+00
1.078946722229829815e-11, 0.000000000000000000e+00, 0.000000000000000000e+00
1.135010815672316663e-11, 0.000000000000000000e+00, 0.000000000000000000e+00
1.193988104464273125e-11, 0.000000000000000000e+00, 0.000000000000000000e+00
1.256029963694872804e-11, 0.000000000000000000e+00, 0.000000000000000000e+00
1.321295634186573788e-11, 0.000000000000000000e+00, 0.000000000000000000e+00
1.389952631213352601e-11, 0.000000000000000000e+00, 0.000000000000000000e+00
1.462177174456718478e-11, 0.000000000000000000e+00, 0.000000000000000000e+00
1.538154640303035716e-11, 0.000000000000000000e+00, 0.000000000000000000e+00
1.618080037643067682e-11, 0.000000000000000000e+00, 0.000000000000000000e+00
1.702158508394953640e-11, 0.000000000000000000e+00, 0.000000000000000000e+00
1.790605854035294846e-11, 0.000000000000000000e+00, 0.000000000000000000e+00
1.883649089489798225e-11, 0.000000000000000000e+00, 0.000000000000000000e+00
1.981527025805096908e-11, 0.000000000000000000e+00, 0.000000000000000000e+00
2.084490883097288542e-11, 0.000000000000000000e+00, 0.000000000000000000e+00
2.192804935350449494e-11, 0.000000000000000000e+00, 0.000000000000000000e+00
2.306747188720071646e-11, 0.000000000000000000e+00, 0.000000000000000000e+00
2.426610095082419209e-11, 0.000000000000000000e+00, 0.000000000000000000e+00
2.552701302661247069e-11, 0.000000000000000000e+00, 0.000000000000000000e+00
2.685344445658503549e-11, 0.000000000000000000e+00, 0.000000000000000000e+00
2.824879974915704763e-11, 0.000000000000000000e+00, 0.000000000000000000e+00
2.971666031738025020e-11, 0.000000000000000000e+00, 0.000000000000000000e+00
3.126079367123955679e-11, 0.000000000000000000e+00, 0.000000000000000000e+00
3.288516308759833167e-11, 0.000000000000000000e+00, 0.000000000000000000e+00
3.459393778261224212e-11, 0.000000000000000000e+00, 0.000000000000000000e+00
3.639150361272071167e-11, 0.000000000000000000e+00, 0.000000000000000000e+00
3.828247433168220594e-11, 0.000000000000000000e+00, 0.000000000000000000e+00
4.027170343254586841e-11, 0.000000000000000000e+00, 0.000000000000000000e+00
4.236429660495408969e-11, 0.000000000000000000e+00, 0.000000000000000000e+00
4.456562483975033441e-11, 0.000000000000000000e+00, 0.000000000000000000e+00
4.688133821452655254e-11, 0.000000000000000000e+00, 0.000000000000000000e+00
4.931738039549364670e-11, 0.000000000000000000e+00, 0.000000000000000000e+00
5.188000389289609384e-11, 0.000000000000000000e+00, 0.000000000000000000e+00
5.457578610912699557e-11, 0.000000000000000000e+00, 0.000000000000000000e+00
5.741164622073268011e-11, 0.000000000000000000e+00, 0.000000000000000000e+00
6.039486293763794275e-11, 0.000000000000000000e+00, 0.000000000000000000e+00
6.353309318517436562e-11, 0.000000000000000000e+00, 0.000000000000000000e+00
6.683439175686149603e-11, 0.000000000000000000e+00, 0.000000000000000000e+00
7.030723198838341702e-11, 0.000000000000000000e+00, 0.000000000000000000e+00
7.396052750582374558e-11, 0.000000000000000000e+00, 0.000000000000000000e+00
7.780365510398024982e-11, 0.000000000000000000e+00, 0.000000000000000000e+00
8.184647881347885976e-11, 0.000000000000000000e+00, 0.000000000000000000e+00
8.609937521845998927e-11, 0.000000000000000000e+00, 0.000000000000000000e+00
9.057326008981998694e-11, 0.000000000000000000e+00, 0.000000000000000000e+00
9.527961640236521090e-11, 0.000000000000000000e+00, 0.000000000000000000e+00
1.002305238077900488e-10, 0.000000000000000000e+00, 0.000000000000000000e+00
1.054386896391260237e-10, 0.000000000000000000e+00, 0.000000000000000000e+00
1.109174815262403146e-10, 0.000000000000000000e+00, 0.000000000000000000e+00
1.166809617060962959e-10, 0.000000000000000000e+00, 0.000000000000000000e+00
1.227439231158405997e-10, 0.000000000000000000e+00, 0.000000000000000000e+00
1.291219273613533562e-10, 0.000000000000000000e+00, 0.000000000000000000e+00
1.358313446587154174e-10, 0.000000000000000000e+00, 0.000000000000000000e+00
1.428893958511103824e-10, 0.000000000000000000e+00, 0.000000000000000000e+00
1.503141966090024084e-10, 0.000000000000000000e+00, 0.000000000000000000e+00
1.581248039270385857e-10, 0.000000000000000000e+00, 0.000000000000000000e+00
1.663412650370169698e-10, 0.000000000000000000e+00, 0.000000000000000000e+00
1.749846688624654551e-10, 0.000000000000000000e+00, 0.000000000000000000e+00
1.840772001468954491e-10, 0.000000000000000000e+00, 0.000000000000000000e+00
1.936421963946606826e-10, 0.000000000000000000e+00, 0.000000000000000000e+00
2.037042077705718970e-10, 0.000000000000000000e+00, 0.000000000000000000e+00
2.142890601120060623e-10, 0.000000000000000000e+00, 0.000000000000000000e+00
2.254239212152432687e-10, 0.000000000000000000e+00, 0.000000000000000000e+00
2.371373705661655168e-10, 0.000000000000000000e+00, 0.000000000000000000e+00
2.494594726942950709e-10, 0.000000000000000000e+00, 0.000000000000000000e+00
2.624218543384439019e-10, 0.000000000000000000e+00, 0.000000000000000000e+00
2.760577856220344782e-10, 0.000000000000000000e+00, 0.000000000000000000e+00
2.904022654464451017e-10, 0.000000000000000000e+00, 0.000000000000000000e+00
3.054921113215515548e-10, 0.000000000000000000e+00, 0.000000000000000000e+00
3.213660538640321425e-10, 0.000000000000000000e+00, 0.000000000000000000e+00
3.380648362059815113e-10, 0.000000000000000000e+00, 0.000000000000000000e+00
3.556313185689847556e-10, 0.000000000000000000e+00, 0.000000000000000000e+00
3.741105882720528966e-10, 0.000000000000000000e+00, 0.000000000000000000e+00
3.935500754557772142e-10, 0.000000000000000000e+00, 0.000000000000000000e+00
4.139996748197304272e-10, 0.000000000000000000e+00, 0.000000000000000000e+00
4.355118736855688095e-10, 0.000000000000000000e+00, 0.000000000000000000e+00
4.581418867145339649e-10, 0.000000000000000000e+00, 0.000000000000000000e+00
4.819477976251271319e-10, 0.000000000000000000e+00, 0.000000000000000000e+00
5.069907082747033666e-10, 0.000000000000000000e+00, 0.000000000000000000e+00
5.333348954876202279e-10, 0.000000000000000000e+00, 0.000000000000000000e+00
5.610479760324701077e-10, 0.000000000000000000e+00, 0.000000000000000000e+00
5.902010801718442306e-10, 0.000000000000000000e+00, 0.000000000000000000e+00
6.208690342300637909e-10, 0.000000000000000000e+00, 0.000000000000000000e+00
6.531305526474729939e-10, 0.000000000000000000e+00, 0.000000000000000000e+00
6.870684400142317101e-10, 0.000000000000000000e+00, 0.000000000000000000e+00
7.227698036021688210e-10, 0.000000000000000000e+00, 0.000000000000000000e+00
7.603262769401807175e-10, 0.000000000000000000e+00, 0.000000000000000000e+00
7.998342550070276743e-10, 0.000000000000000000e+00, 0.000000000000000000e+00
8.413951416451946904e-10, 0.000000000000000000e+00, 0.000000000000000000e+00
8.851156098308355951e-10, 0.000000000000000000e+00, 0.000000000000000000e+00
9.311078754678309670e-10, 0.000000000000000000e+00, 0.000000000000000000e+00
9.794899854086980821e-10, 0.000000000000000000e+00, 0.000000000000000000e+00
1.030386120441616095e-09, 0.000000000000000000e+00, 0.000000000000000000e+00
1.083926914021204014e-09, 0.000000000000000000e+00, 0.000000000000000000e+00
1.140249787561167319e-09, 0.000000000000000000e+00, 0.000000000000000000e+00
1.199499303149378128e-09, 0.000000000000000000e+00, 0.000000000000000000e+00
1.261827534590670558e-09, 0.000000000000000000e+00, 0.000000000000000000e+00
1.327394457729740273e-09, 0.000000000000000000e+00, 0.000000000000000000e+00
1.396368361055936317e-09, 0.000000000000000000e+00, 0.000000000000000000e+00
1.468926277643866174e-09, 0.000000000000000000e+00, 0.000000000000000000e+00
1.545254439538414134e-09, 0.000000000000000000e+00, 0.000000000000000000e+00
1.625548755750481709e-09, 0.000000000000000000e+00, 0.000000000000000000e+00
1.710015315090286320e-09, 0.000000000000000000e+00, 0.000000000000000000e+00
1.798870915128787322e-09, 0.000000000000000000e+00, 0.000000000000000000e+00
1.892343618644975688e-09, 0.000000000000000000e+00, 0.000000000000000000e+00
1.990673338987188583e-09, 0.000000000000000000e+00, 0.000000000000000000e+00
2.094112455850895670e-09, 0.000000000000000000e+00, 0.000000000000000000e+00
2.202926463053456075e-09, 0.000000000000000000e+00, 0.000000000000000000e+00
2.317394649968475145e-09, 0.000000000000000000e+00, 0.000000000000000000e+00
2.437810818368750009e-09, 0.000000000000000000e+00, 0.000000000000000000e+00
2.564484036517716058e-09, 0.000000000000000000e+00, 0.000000000000000000e+00
2.697739432444920460e-09, 0.000000000000000000e+00, 0.000000000000000000e+00
2.837919028441557893e-09, 0.000000000000000000e+00, 0.000000000000000000e+00
2.985382618917963357e-09, 0.000000000000000000e+00, 0.000000000000000000e+00
3.140508693876216431e-09, 0.000000000000000000e+00, 0.000000000000000000e+00
3.303695410368142213e-09, 0.000000000000000000e+00, 0.000000000000000000e+00
3.475361614432053799e-09, 0.000000000000000000e+00, 0.000000000000000000e+00
3.655947916131246718e-09, 0.000000000000000000e+00, 0.000000000000000000e+00
3.845917820453534961e-09, 0.000000000000000000e+00, 0.000000000000000000e+00
4.045758916974428963e-09, 0.000000000000000000e+00, 0.000000000000000000e+00
4.255984131337434845e-09, 0.000000000000000000e+00, 0.000000000000000000e+00
4.477133041763623226e-09, 0.000000000000000000e+00, 0.000000000000000000e+00
4.709773263969519825e-09, 0.000000000000000000e+00, 0.000000000000000000e+00
4.954501908047895353e-09, 0.000000000000000000e+00, 0.000000000000000000e+00
5.211947111050799924e-09, 0.000000000000000000e+00, 0.000000000000000000e+00
5.482769649208535777e-09, 0.000000000000000000e+00, 0.000000000000000000e+00
5.767664633922509555e-09, 0.000000000000000000e+00, 0.000000000000000000e+00
6.067363295885059185e-09, 0.000000000000000000e+00, 0.000000000000000000e+00
6.382634861905482558e-09, 0.000000000000000000e+00, 0.000000000000000000e+00
6.714288529259509001e-09, 0.000000000000000000e+00, 0.000000000000000000e+00
7.063175542629608811e-09, 0.000000000000000000e+00, 0.000000000000000000e+00
7.430191378967006415e-09, 0.000000000000000000e+00, 0.000000000000000000e+00
7.816278045883292923e-09, 0.000000000000000000e+00, 0.000000000000000000e+00
8.222426499470713005e-09, 0.000000000000000000e+00, 0.000000000000000000e+00
8.649679187756937814e-09, 0.000000000000000000e+00, 0.000000000000000000e+00
9.099132726322508595e-09, 0.000000000000000000e+00, 0.000000000000000000e+00
9.571940712948442686e-09, 0.000000000000000000e+00, 0.000000000000000000e+00
1.006931668851804562e-08, 0.000000000000000000e+00, 0.000000000000000000e+00
1.059253725177287621e-08, 0.000000000000000000e+00, 0.000000000000000000e+00
1.114294533591729230e-08, 0.000000000000000000e+00, 0.000000000000000000e+00
1.172195365548130236e-08, 0.000000000000000000e+00, 0.000000000000000000e+00
1.233104833228909634e-08, 0.000000000000000000e+00, 0.000000000000000000e+00
1.297179270983955861e-08, 0.000000000000000000e+00, 0.000000000000000000e+00
1.364583136588923983e-08, 0.000000000000000000e+00, 0.000000000000000000e+00
1.435489433353654691e-08, 0.000000000000000000e+00, 0.000000000000000000e+00
1.510080154164146180e-08, 0.000000000000000000e+00, 0.000000000000000000e+00
1.588546748597777465e-08, 0.000000000000000000e+00, 0.000000000000000000e+00
1.671090614310706979e-08, 0.000000000000000000e+00, 0.000000000000000000e+00
1.757923613958693077e-08, 0.000000000000000000e+00, 0.000000000000000000e+00
1.849268618978079709e-08, 0.000000000000000000e+00, 0.000000000000000000e+00
1.945360081622663184e-08, 0.000000000000000000e+00, 0.000000000000000000e+00
2.046444636724671542e-08, 0.000000000000000000e+00, 0.000000000000000000e+00
2.152781734724369502e-08, 0.000000000000000000e+00, 0.000000000000000000e+00
2.264644307593057319e-08, 0.000000000000000000e+00, 0.000000000000000000e+00
2.382319469358689039e-08, 0.000000000000000000e+00, 0.000000000000000000e+00
2.506109253032113907e-08, 0.000000000000000000e+00, 0.000000000000000000e+00
2.636331385825381413e-08, 0.000000000000000000e+00, 0.000000000000000000e+00
2.773320104651840969e-08, 0.000000000000000000e+00, 0.000000000000000000e+00
2.917427014001165809e-08, 0.000000000000000000e+00, 0.000000000000000000e+00
3.069021988391154998e-08, 0.000000000000000000e+00, 0.000000000000000000e+00
3.228494121712631338e-08, 0.000000000000000000e+00, 0.000000000000000000e+00
3.396252725904081622e-08, 0.000000000000000000e+00, 0.000000000000000000e+00
3.572728381519288657e-08, 0.000000000000000000e+00, 0.000000000000000000e+00
3.758374042884442742e-08, 0.000000000000000000e+00, 0.000000000000000000e+00
3.953666200681278862e-08, 0.000000000000000000e+00, 0.000000000000000000e+00
4.159106104940218542e-08, 0.000000000000000000e+00, 0.000000000000000000e+00
4.375221051582515913e-08, 6.390207608758477598e+00, 3.440038887265325918e-02
4.602565735813553354e-08, 7.312655197141312158e+01, 4.222169341223406813e-01
4.841723675840988696e-08, 2.443248166762307676e+02, 1.513927230792204925e+00
5.093308710571952695e-08, 3.348230281624829558e+02, 2.227907484620493594e+00
5.357966575133417533e-08, 5.475579158388072756e+02, 3.914951606028892694e+00
5.636376558259543076e-08, 7.745458493010318080e+02, 5.954294210785773700e+00
5.929253245799994260e-08, 1.111251265978053425e+03, 9.190866831819612059e+00
6.237348354824184070e-08, 1.487974893553318907e+03, 1.324880309484251661e+01
6.561452663029043443e-08, 2.351832332021450384e+03, 2.255803432505131312e+01
6.902398038402412175e-08, 3.358182522412445906e+03, 3.472089741048083056e+01
7.261059574351543687e-08, 4.861160432375761957e+03, 5.421216646435722453e+01
7.638357835776907026e-08, 7.297693648795473564e+03, 8.783976882635579386e+01
8.035261221856177783e-08, 1.047424305087609173e+04, 1.361618183930843031e+02
8.452788451602899226e-08, 1.555672632971794155e+04, 2.185525567756935743e+02
8.892011178579481813e-08, 2.252694664438969994e+04, 3.422330435151515644e+02
9.354056741475511679e-08, 3.263944823298984556e+04, 5.365621613064496387e+02
9.840111057611325498e-08, 4.706496607065077114e+04, 8.377351026566931296e+02
1.035142166679343147e-07, 6.866213918005900632e+04, 1.324128706354020323e+03
1.088930093333433319e-07, 9.866438912559223536e+04, 2.062752570670490968e+03
1.145512941445534903e-07, 1.393025108184854034e+05, 3.159270751942920469e+03
1.205035940371795992e-07, 1.953067385361308407e+05, 4.807849042526388075e+03
1.267651865857844781e-07, 2.658766915317812818e+05, 7.108547935773731297e+03
1.333521432163324045e-07, 3.572601531000028481e+05, 1.038030610629566399e+04
1.402813704561957486e-07, 4.714726634088305873e+05, 1.489571241543287397e+04
1.475706533275893077e-07, 6.012689314306321321e+05, 2.066821706756910135e+04
1.552387009958081715e-07, 7.444905971190955024e+05, 2.785923036756335205e+04
1.633051947894334705e-07, 8.989316647950862534e+05, 3.663987885693566932e+04
1.717908387157587761e-07, 1.061667413715660805e+06, 4.715964811549174192e+04
1.807174126010925653e-07, 1.226396396327513270e+06, 5.940188240049068554e+04
1.901078279923299666e-07, 1.386021737275960622e+06, 7.324101472063593974e+04
1.999861869632742842e-07, 1.533034108584659407e+06, 8.842474205031740712e+04
2.103778439766472978e-07, 1.680927276162998984e+06, 1.058829856871880911e+05
2.213094709605636295e-07, 1.815239743705340894e+06, 1.249335017235616397e+05
2.328091257665007940e-07, 1.945285401473480277e+06, 1.463534725954778260e+05
2.449063241844743992e-07, 2.058797993917506654e+06, 1.693986706674829766e+05
2.576321157002572855e-07, 2.169987393466628622e+06, 1.953558489940361469e+05
2.710191631890842058e-07, 2.274721014242853038e+06, 2.241616255729168479e+05
2.851018267503907082e-07, 2.374243789330719505e+06, 2.562169769132561632e+05
2.999162518987646980e-07, 2.471867825049352832e+06, 2.922384911356990342e+05
3.155004623374623941e-07, 2.525176335018081591e+06, 3.271961345017993008e+05
3.318944575526103405e-07, 2.521584225240147673e+06, 3.582312979642710416e+05
3.491403154785858900e-07, 2.464264794500707183e+06, 3.839856345372189535e+05
3.672823004980842474e-07, 2.357171570064810105e+06, 4.030092530727565172e+05
3.863669770540689493e-07, 2.211540506370319054e+06, 4.150193640014726552e+05
4.064433291652127549e-07, 2.039056068009536015e+06, 4.201462737069087452e+05
4.275628861515860074e-07, 1.850258363925874466e+06, 4.187403011871580966e+05
4.497798548932875053e-07, 1.655143670973936096e+06, 4.115544078140644124e+05
4.731512589614802628e-07, 1.461850063337132568e+06, 3.994907994572661701e+05
4.977370849789355307e-07, 1.285300745395525591e+06, 3.861441790185029968e+05
5.236004365857494849e-07, 1.120625378994443687e+06, 3.702283202229459421e+05
5.508076964054029391e-07, 9.704849758250910090e+05, 3.526805415670035291e+05
5.794286964268809173e-07, 8.362131615977664478e+05, 3.343549238581520622e+05
6.095368972401687385e-07, 7.181941677689671051e+05, 3.160390783539097174e+05
6.412095765851608593e-07, 6.155487480767309899e+05, 2.981778776214501122e+05
6.745280276979215670e-07, 5.267644555158002768e+05, 2.809604473195269820e+05
7.095777679633887827e-07, 4.512959482548506348e+05, 2.650962416330996784e+05
7.464487584100661313e-07, 3.861553981731872773e+05, 2.498684305121168145e+05
7.852356346100710336e-07, 3.301660035242767772e+05, 2.353849520456213795e+05
8.260379495771783370e-07, 2.821839788883138099e+05, 2.216981105577968701e+05
8.689604292863010418e-07, 2.411750364703603263e+05, 2.088468601828381652e+05
9.141132414702490036e-07, 2.062913036241083173e+05, 1.969344460908295296e+05
9.616122783836638888e-07, 1.763116136892871873e+05, 1.855849383304047515e+05
1.011579454259898283e-06, 1.506887812312393798e+05, 1.749187720658712205e+05
1.064143018224315170e-06, 1.287896373574856843e+05, 1.648920271685307962e+05
1.119437883467150232e-06, 1.100730296917023370e+05, 1.554638586289475788e+05
1.177605973520806597e-06, 9.407644989231064392e+04, 1.465962597819307994e+05
1.238796586530369050e-06, 8.040460455325870134e+04, 1.382538454394424334e+05
1.303166778452298707e-06, 6.871964706115404260e+04, 1.304036531384592527e+05
1.370881766164852098e-06, 5.873282902699366969e+04, 1.230149608800462884e+05
1.442115351524868011e-06, 5.019736499001928314e+04, 1.160591198886875645e+05
1.517050367459335277e-06, 4.290233407253602491e+04, 1.095094010588867095e+05
1.595879147236730565e-06, 3.666746788875177299e+04, 1.033408538806614233e+05
1.678804018122558985e-06, 3.133869591103026323e+04, 9.753017674813370104e+04
1.766037820686164116e-06, 2.678433821456487567e+04, 9.205559765713686647e+04
1.857804455091697021e-06, 2.289185151892998329e+04, 8.689676438969529408e+04
1.954339455775392327e-06, 1.956504811755154878e+04, 8.203464336634858046e+04
2.055890595984140433e-06, 1.672171897172951503e+04, 7.745142642244679155e+04
2.162718523727020259e-06, 1.429160223320170553e+04, 7.313044483251782367e+04
2.275097430772069504e-06, 1.221464699516662404e+04, 6.905608996831219702e+04
2.393315756405384890e-06, 1.043952936710783615e+04, 6.521374003178688872e+04
2.517676927758854593e-06, 8.922384203966901623e+03, 6.158969235467822000e+04
2.648500138606698363e-06, 7.625721149271811555e+03, 5.817110080193686008e+04
2.786121168629766473e-06, 6.517498206431988365e+03, 5.494591785762785003e+04
2.930893245250318698e-06, 5.570329945109559048e+03, 5.190284100934924209e+04
3.083187950249353467e-06, 4.760810776558832913e+03, 4.903126308116731525e+04
3.243396173493490004e-06, 4.068936575309631280e+03, 4.632122619584446511e+04
3.411929116219281216e-06, 3.477610354818494216e+03, 4.376337907505816111e+04
3.589219346450049739e-06, 2.972219781779342156e+03, 4.134893741164297535e+04
3.775721909254159727e-06, 2.540276088998911746e+03, 3.906964707088616706e+04
3.971915494694400700e-06, 2.171105463969587618e+03, 3.691774989879272471e+04
4.178303666466213542e-06, 1.855585287005634882e+03, 3.488595193421134900e+04
4.395416154378242806e-06, 1.585918701091715320e+03, 3.296739383895919309e+04
4.623810213992598294e-06, 1.355441942812087063e+03, 3.115562337576466598e+04
4.864072056914609241e-06, 1.158459673291888294e+03, 2.944456977811379329e+04
5.116818355403072973e-06, 9.901042399936994798e+02, 2.782851986907080209e+04
5.382697825162881249e-06, 8.462153915706486487e+02, 2.630209579796483013e+04
5.662392890382528157e-06, 7.232374733953523673e+02, 2.486023427460626044e+04
5.956621435290097563e-06, 6.181315633510575935e+02, 2.349816719051299879e+04
6.266138646723349015e-06, 5.283003766619779071e+02, 2.221140352557994629e+04
6.591738952443213146e-06, 4.515240840770275668e+02, 2.099571244679220399e+04
6.934258060165687003e-06, 3.859054574023974737e+02, 1.984710751304046789e+04
7.294575102545679062e-06, 3.298229868676244223e+02, 1.876183190690718402e+04
7.673614893618186056e-06, 2.818908118027690080e+02, 1.773634462051730952e+04
8.072350302488374979e-06, 2.409244744688366211e+02, 1.676730752823896182e+04
8.491804750363126655e-06, 2.059116507802222600e+02, 1.585157328422677710e+04
8.933054837332944550e-06, 1.759871335342639895e+02, 1.498617389319173526e+04
9.397233105646374780e-06, 1.504114539212878014e+02, 1.416831020236434597e+04
9.885530946569380493e-06, 1.285526115633416282e+02, 1.339534229332151153e+04
1.039920165829057908e-05, 1.098704428021106452e+02, 1.266477871291874180e+04
1.093956366272093086e-05, 9.390330171505867440e+01, 1.197427079850839800e+04
1.150800388944435666e-05, 8.025661758195028028e+01, 1.132160075798487378e+04
1.210598133550481593e-05, 6.859316272758516675e+01, 1.070467572207947705e+04
1.273503081016660354e-05, 5.862472234353811018e+01, 1.012152112266205950e+04
1.339676687425934466e-05, 5.010496287212043143e+01, 9.570272498475054817e+03
1.409288798421873337e-05, 4.282335412082847625e+01, 9.049170645749238247e+03
1.482518085145951458e-05, 3.659996135130424477e+01, 8.556554838459494931e+03
1.559552502826952309e-05, 3.128099344223448597e+01, 8.090855765270043776e+03
1.640589773199538679e-05, 2.673501458044299994e+01, 7.650592861412486855e+03
1.725837891990201987e-05, 2.284968870884079095e+01, 7.234367702182739777e+03
1.815515662773133475e-05, 1.952900483050020597e+01, 6.840859518414585182e+03
1.909853258566236888e-05, 1.669090346338553132e+01, 6.468820311689168193e+03
2.009092812608727908e-05, 1.426525310352728049e+01, 6.117072191083857433e+03
2.113489039836645523e-05, 1.219211568129853340e+01, 5.784503306900156531e+03
2.223309890651400654e-05, 1.042025940530732342e+01, 5.470061399896122566e+03
2.338837238659353628e-05, 8.905900848260419167e+00, 5.172753801597114034e+03
2.460367604147624960e-05, 7.611616006130027756e+00, 4.891640579607054860e+03
2.588212915153087737e-05, 6.505421742464682744e+00, 4.625834657312934723e+03
2.722701308077910045e-05, 5.559985031254823795e+00, 4.374499344664690398e+03
2.864177969906579846e-05, 4.751943752382141284e+00, 4.136843212996258444e+03
3.013006024186119008e-05, 4.061334740927351916e+00, 3.912122086970391138e+03
3.169567463043487023e-05, 3.471084766799965138e+00, 3.699621930659574446e+03
3.334264127632347269e-05, 2.966606590609937477e+00, 3.498671220232022733e+03
3.507518739525679514e-05, 2.535442229981215156e+00, 3.308646411901721422e+03
3.689775985701500575e-05, 2.166931317815885549e+00, 3.128942201786059286e+03
3.881503659906478245e-05, 1.851972594774969672e+00, 2.958999475808717307e+03
4.083193863326918895e-05, 1.582778414117490984e+00, 2.798275454337086103e+03
4.295364267648868727e-05, 1.352700877020423409e+00, 2.646269671487108553e+03
4.518559443749217176e-05, 1.156055743861587493e+00, 2.502505046938783380e+03
4.753352259428048591e-05, 9.879793019237793628e-01, 2.366517243110933578e+03
5.000345349769783158e-05, 8.443165616016133912e-01, 2.237868022627505979e+03
5.260172663907057610e-05, 7.215300219443879781e-01, 2.116179560041080549e+03
5.533501092157360027e-05, 6.165782070337947340e-01, 2.001044551812692134e+03
5.821032177708709908e-05, 5.268722635036547919e-01, 1.892107724058082340e+03
6.123503917247733364e-05, 4.501919603633695588e-01, 1.789005092143323282e+03
6.441692655151768125e-05, 3.846455736134782311e-01, 1.691411256738141219e+03
6.776415076106743183e-05, 3.286155193432612753e-01, 1.599014620046131540e+03
7.128530301265190909e-05, 2.807254291594699080e-01, 1.511552362348323186e+03
7.498942093324550431e-05, 2.397861968931701837e-01, 1.428709162234464429e+03
7.888601176185532765e-05, 2.047884453293233042e-01, 1.350219521927437654e+03
8.298507675144217602e-05, 1.748652251924978085e-01, 1.275800274885780937e+03
8.729713683881113037e-05, 1.492839263219418455e-01, 1.205240083339366038e+03
9.183325964835800334e-05, 1.274176581946321329e-01, 1.138340896626719314e+03
9.660508789898121246e-05, 1.087291260116853703e-01, 1.074908995775518406e+03
1.016248692870694932e-04, 9.275252045449897120e-02, 1.014694802740179853e+03
1.069054879222656676e-04, 7.910163953743890031e-02, 9.575906804129211878e+02
1.124604973966924549e-04, 6.743257029843212347e-02, 9.033365937448339764e+02
1.183041555725163470e-04, 5.746107986135477741e-02, 8.518043529525676831e+02
1.244514611771384207e-04, 4.894691147760899669e-02, 8.029310060480758011e+02
1.309181922999405612e-04, 4.167178935878119994e-02, 7.564541283590552894e+02
1.377209468893944241e-04, 3.545612983324657186e-02, 7.122294153144539450e+02
1.448771853544760326e-04, 3.015453058176701187e-02, 6.703009955440920749e+02
1.524052753797290724e-04, 2.562594522306886266e-02, 6.303568229049834599e+02
1.603245390690039994e-04, 2.176508392644386017e-02, 5.924568326784046803e+02
1.686553025388738941e-04, 1.847108717573455253e-02, 5.563897615719395162e+02
1.774189480890164621e-04, 1.566520879561384902e-02, 5.221720760568999822e+02
1.866379690834667616e-04, 1.327213405883705816e-02, 4.895639775022206663e+02
1.963360276836043495e-04, 1.123361337301227898e-02, 4.585427584266610666e+02
2.065380155810527039e-04, 9.497838023348215489e-03, 4.290196737105396778e+02
2.172701178863743125e-04, 8.019380128561045054e-03, 4.008535400351294697e+02
2.285598803375427502e-04, 6.763983109228622129e-03, 3.741452906461435077e+02
2.404362800006929737e-04, 5.695119544699515750e-03, 3.486051607775524417e+02
2.529297996446142408e-04, 4.786576013790519793e-03, 3.242272123043023271e+02
2.660725059798808335e-04, 4.017441386634128427e-03, 3.011396249776136642e+02
2.798981319634359969e-04, 3.363879978346744938e-03, 2.790313532487955399e+02
2.944421633798757201e-04, 2.808006733540239445e-03, 2.577538163027202245e+02
3.097419299216577857e-04, 2.340026221218584074e-03, 2.376962900874737841e+02
3.258367010020083690e-04, 1.943351178299853243e-03, 2.184479373869816925e+02
3.427677865464497770e-04, 1.605865108119537785e-03, 1.997565143308426059e+02
3.605786430216419711e-04, 1.322149752552411340e-03, 1.819985809031864221e+02
3.793149849736817260e-04, 1.083680577650015337e-03, 1.650761501260959676e+02
3.990249023621416529e-04, 8.813259024418063645e-04, 1.485646478068353247e+02
4.197589839910068955e-04, 7.125357615937969596e-04, 1.329173619909738022e+02
4.415704473533120706e-04, 5.734815120112991696e-04, 1.183833880266546004e+02
4.645152752227491933e-04, 4.581030415583205477e-04, 1.046480156738963672e+02
4.886523593428331686e-04, 3.642680666552437730e-04, 9.208429684310348762e+01
5.140436515824254367e-04, 2.875879436951684601e-04, 8.045109679887971765e+01
5.407543229455804949e-04, 2.261062457921405536e-04, 6.999561412819694795e+01
5.688529308438407088e-04, 1.760380679216566862e-04, 6.030620329025950355e+01
5.984115950603185932e-04, 1.366748279300751242e-04, 5.181329321445456770e+01
6.295061828571967780e-04, 1.051483141638320649e-04, 4.411155592198651476e+01
6.622165037017614837e-04, 8.031643409085091959e-05, 3.728653365786707496e+01
6.966265141107679491e-04, 6.064958713122845700e-05, 3.115825258710796675e+01
7.328245331389029006e-04, 4.588932056082663599e-05, 2.608883226331182215e+01
7.709034690644293083e-04, 3.438170357056238060e-05, 2.163058588594497067e+01
8.109610578538404418e-04, 2.551337879456878888e-05, 1.776261290210387145e+01
8.531001140175886385e-04, 1.882393860007035259e-05, 1.450265296002971382e+01
8.974287945007472294e-04, 1.380801072514153796e-05, 1.177243361752657691e+01
9.440608762859225515e-04, 1.012628425209646771e-05, 9.553962144181443961e+00
9.931160484209324620e-04, 7.319856310527991333e-06, 7.642480000008087693e+00
1.044720219220798265e-03, 5.358581623044167443e-06, 6.191274216617133064e+00
1.099005839432519709e-03, 3.752951388453510074e-06, 4.798457361931960818e+00
1.156112242192098129e-03, 2.619142521641236577e-06, 3.705837891620443525e+00
1.216186000646367902e-03, 1.838824959041438215e-06, 2.879163521641457280e+00
1.279381304157525346e-03, 1.208996076799535727e-06, 2.094833712200496301e+00
1.345860354055946825e-03, 8.531414765714128026e-07, 1.635853862365019840e+00
1.415793779957078133e-03, 5.628644671949698355e-07, 1.194334906021032872e+00
1.489361077710912385e-03, 3.766381671533592701e-07, 8.843934585959726258e-01
1.566751070108147060e-03, 2.593140217518881039e-07, 6.738234961339808482e-01
1.648162391525506785e-03, 1.755029177946202392e-07, 5.046653630794580847e-01
1.733803997754137464e-03, 1.231443544998380807e-07, 3.918616119504832462e-01
1.823895702319638500e-03, 8.732239730669821935e-08, 3.074984757549125702e-01
1.918668740670287148e-03, 6.240728614804202574e-08, 2.431933873637767973e-01
2.018366363681555527e-03, 4.699318985890621176e-08, 2.026518533278202083e-01
2.123244462000214820e-03, 3.449912880841691159e-08, 1.646353199806038226e-01
2.233572222830528409e-03, 1.628938385938146089e-08, 8.602383685762228505e-02
2.349632820848305062e-03, 1.298877479078467433e-08, 7.590696759804946292e-02
2.471724145016129109e-03, 7.988173217711464634e-09, 5.166069771305986658e-02
2.600159563165272119e-03, 4.416098788934429107e-09, 3.160464705106301453e-02
2.735268726306713891e-03, 3.157640451206868513e-09, 2.500772837502563198e-02
2.877398414735666578e-03, 2.371423794744334723e-09, 2.078357109147968562e-02
3.026913428101298334e-03, 2.026791961887077150e-09, 1.965710832425955623e-02
3.184197521726119060e-03, 1.732244428800173583e-09, 1.859170061389778944e-02
3.349654391578272498e-03, 1.480502595991853749e-09, 1.758403861900203688e-02
3.523708710424869068e-03, 1.265345640774734048e-09, 1.663099238464646121e-02
3.706807217825759931e-03, 1.081456793768723665e-09, 1.572960161735805634e-02
3.899419866765435790e-03, 0.000000000000000000e+00, 0.000000000000000000e+00
4.102041029866064330e-03, 0.000000000000000000e+00, 0.000000000000000000e+00
4.315190768277641156e-03, 0.000000000000000000e+00, 0.000000000000000000e+00
4.539416166502023217e-03, 0.000000000000000000e+00, 0.000000000000000000e+00
4.775292736576902328e-03, 0.000000000000000000e+00, 0.000000000000000000e+00
5.023425895223866157e-03, 0.000000000000000000e+00, 0.000000000000000000e+00
5.284452517751802615e-03, 0.000000000000000000e+00, 0.000000000000000000e+00
5.559042572704037122e-03, 0.000000000000000000e+00, 0.000000000000000000e+00
5.847900841444799748e-03, 0.000000000000000000e+00, 0.000000000000000000e+00
6.151768727098664430e-03, 0.000000000000000000e+00, 0.000000000000000000e+00
6.471426157485817530e-03, 0.000000000000000000e+00, 0.000000000000000000e+00
6.807693586937403271e-03, 0.000000000000000000e+00, 0.000000000000000000e+00
7.161434102129013088e-03, 0.000000000000000000e+00, 0.000000000000000000e+00
7.533555637337169958e-03, 0.000000000000000000e+00, 0.000000000000000000e+00
7.925013304804717773e-03, 0.000000000000000000e+00, 0.000000000000000000e+00
8.336811846196331283e-03, 0.000000000000000000e+00, 0.000000000000000000e+00
8.770008211436322587e-03, 0.000000000000000000e+00, 0.000000000000000000e+00
9.225714271547610229e-03, 0.000000000000000000e+00, 0.000000000000000000e+00
9.705099672454878257e-03, 0.000000000000000000e+00, 0.000000000000000000e+00
1.020939483707678647e-02, 0.000000000000000000e+00, 0.000000000000000000e+00
1.073989412341243982e-02, 0.000000000000000000e+00, 0.000000000000000000e+00
1.129795914672797677e-02, 0.000000000000000000e+00, 0.000000000000000000e+00
1.188502227437018832e-02, 0.000000000000000000e+00, 0.000000000000000000e+00
1.250259030217718698e-02, 0.000000000000000000e+00, 0.000000000000000000e+00
1.315224832192234822e-02, 0.000000000000000000e+00, 0.000000000000000000e+00
1.383566378971778053e-02, 0.000000000000000000e+00, 0.000000000000000000e+00
1.455459080581963938e-02, 0.000000000000000000e+00, 0.000000000000000000e+00
1.531087461682028965e-02, 0.000000000000000000e+00, 0.000000000000000000e+00
1.610645635178269836e-02, 0.000000000000000000e+00, 0.000000000000000000e+00
1.694337800447328832e-02, 0.000000000000000000e+00, 0.000000000000000000e+00
1.782378767448087112e-02, 0.000000000000000000e+00, 0.000000000000000000e+00
1.874994508067413454e-02, 0.000000000000000000e+00, 0.000000000000000000e+00
1.972422736114849348e-02, 0.000000000000000000e+00, 0.000000000000000000e+00
2.074913517454906459e-02, 0.000000000000000000e+00, 0.000000000000000000e+00
2.182729911842998943e-02, 0.000000000000000000e+00, 0.000000000000000000e+00
2.296148648112360593e-02, 0.000000000000000000e+00, 0.000000000000000000e+00
2.415460834444940405e-02, 0.000000000000000000e+00, 0.000000000000000000e+00
2.540972705549301297e-02, 0.000000000000000000e+00, 0.000000000000000000e+00
2.673006408663303191e-02, 0.000000000000000000e+00, 0.000000000000000000e+00
2.811900830398933807e-02, 0.000000000000000000e+00, 0.000000000000000000e+00
2.958012466551540251e-02, 0.000000000000000000e+00, 0.000000000000000000e+00
3.111716337106013724e-02, 0.000000000000000000e+00, 0.000000000000000000e+00
3.273406948788379345e-02, 0.000000000000000000e+00, 0.000000000000000000e+00
3.443499307633384604e-02, 0.000000000000000000e+00, 0.000000000000000000e+00
3.622429984166987416e-02, 0.000000000000000000e+00, 0.000000000000000000e+00
3.810658233937726236e-02, 0.000000000000000000e+00, 0.000000000000000000e+00
4.008667176273017496e-02, 0.000000000000000000e+00, 0.000000000000000000e+00
4.216965034285814068e-02, 0.000000000000000000e+00, 0.000000000000000000e+00
4.436086439314318453e-02, 0.000000000000000000e+00, 0.000000000000000000e+00
4.666593803142881497e-02, 0.000000000000000000e+00, 0.000000000000000000e+00
4.909078761526029094e-02, 0.000000000000000000e+00, 0.000000000000000000e+00
5.164163692720710741e-02, 0.000000000000000000e+00, 0.000000000000000000e+00
5.432503314924325144e-02, 0.000000000000000000e+00, 0.000000000000000000e+00
5.714786366718654226e-02, 0.000000000000000000e+00, 0.000000000000000000e+00
6.011737374832767239e-02, 0.000000000000000000e+00, 0.000000000000000000e+00
6.324118513762183591e-02, 0.000000000000000000e+00, 0.000000000000000000e+00
6.652731562017405453e-02, 0.000000000000000000e+00, 0.000000000000000000e+00
6.998419960022730923e-02, 0.000000000000000000e+00, 0.000000000000000000e+00
7.362070974947361457e-02, 0.000000000000000000e+00, 0.000000000000000000e+00
7.744617978025175598e-02, 0.000000000000000000e+00, 0.000000000000000000e+00
8.147042840208371106e-02, 0.000000000000000000e+00, 0.000000000000000000e+00
8.570378452303674399e-02, 0.000000000000000000e+00, 0.000000000000000000e+00
9.015711376059551418e-02, 0.000000000000000000e+00, 0.000000000000000000e+00
9.484184633008958809e-02, 0.000000000000000000e+00, 0.000000000000000000e+00
9.977000638225524964e-02, 0.000000000000000000e+00, 0.000000000000000000e+00
1.049542428652322085e-01, 0.000000000000000000e+00, 0.000000000000000000e+00
1.104078619902073566e-01, 0.000000000000000000e+00, 0.000000000000000000e+00
1.161448613840341398e-01, 0.000000000000000000e+00, 0.000000000000000000e+00
1.221799660164868684e-01, 0.000000000000000000e+00, 0.000000000000000000e+00
1.285286659943612741e-01, 0.000000000000000000e+00, 0.000000000000000000e+00
1.352072563194275101e-01, 0.000000000000000000e+00, 0.000000000000000000e+00
1.422328787122818239e-01, 0.000000000000000000e+00, 0.000000000000000000e+00
1.496235656094432875e-01, 0.000000000000000000e+00, 0.000000000000000000e+00
1.573982864466219878e-01, 0.000000000000000000e+00, 0.000000000000000000e+00
1.655769963469526096e-01, 0.000000000000000000e+00, 0.000000000000000000e+00
1.741806873391609223e-01, 0.000000000000000000e+00, 0.000000000000000000e+00
1.832314422371207341e-01, 0.000000000000000000e+00, 0.000000000000000000e+00
1.927524913190932776e-01, 0.000000000000000000e+00, 0.000000000000000000e+00
2.027682719521279597e-01, 0.000000000000000000e+00, 0.000000000000000000e+00
2.133044913146575072e-01, 0.000000000000000000e+00, 0.000000000000000000e+00
2.243881923782766186e-01, 0.000000000000000000e+00, 0.000000000000000000e+00
2.360478233180573204e-01, 0.000000000000000000e+00, 0.000000000000000000e+00
2.483133105295562693e-01, 0.000000000000000000e+00, 0.000000000000000000e+00
2.612161354399200053e-01, 0.000000000000000000e+00, 0.000000000000000000e+00
2.747894153102391490e-01, 0.000000000000000000e+00, 0.000000000000000000e+00
2.890679882365471687e-01, 0.000000000000000000e+00, 0.000000000000000000e+00
3.040885025676277054e-01, 0.000000000000000000e+00, 0.000000000000000000e+00
3.198895109691397010e-01, 0.000000000000000000e+00, 0.000000000000000000e+00
3.365115693754908155e-01, 0.000000000000000000e+00, 0.000000000000000000e+00
3.539973410834342804e-01, 0.000000000000000000e+00, 0.000000000000000000e+00
3.723917062545675227e-01, 0.000000000000000000e+00, 0.000000000000000000e+00
3.917418771077822437e-01, 0.000000000000000000e+00, 0.000000000000000000e+00
4.120975190973295565e-01, 0.000000000000000000e+00, 0.000000000000000000e+00
4.335108783875284422e-01, 0.000000000000000000e+00, 0.000000000000000000e+00
4.560369159512959736e-01, 0.000000000000000000e+00, 0.000000000000000000e+00
4.797334486366891526e-01, 0.000000000000000000e+00, 0.000000000000000000e+00
5.046612975635276221e-01, 0.000000000000000000e+00, 0.000000000000000000e+00
5.308844442309867961e-01, 0.000000000000000000e+00, 0.000000000000000000e+00
5.584701947368295727e-01, 0.000000000000000000e+00, 0.000000000000000000e+00
5.874893525297757435e-01, 0.000000000000000000e+00, 0.000000000000000000e+00
6.180164001384151895e-01, 0.000000000000000000e+00, 0.000000000000000000e+00
6.501296903430903162e-01, 0.000000000000000000e+00, 0.000000000000000000e+00
6.839116472814292802e-01, 0.000000000000000000e+00, 0.000000000000000000e+00
7.194489780036983362e-01, 0.000000000000000000e+00, 0.000000000000000000e+00
7.568328950209720629e-01, 0.000000000000000000e+00, 0.000000000000000000e+00
7.961593504173167801e-01, 0.000000000000000000e+00, 0.000000000000000000e+00
8.375292821268809362e-01, 0.000000000000000000e+00, 0.000000000000000000e+00
8.810488730080129338e-01, 0.000000000000000000e+00, 0.000000000000000000e+00
9.268298233793484942e-01, 0.000000000000000000e+00, 0.000000000000000000e+00
9.749896377173866702e-01, 0.000000000000000000e+00, 0.000000000000000000e+00
