# M_f [M_sun], P(M_f) [M_sun^-1]
3.554939309087782630e-22, 4.698640984792416256e+19
4.164867986368243590e-22, 4.391512233728608666e+19
4.879443454781822347e-22, 3.960955939599464038e+19
5.716620192126315073e-22, 3.437124346652484813e+19
6.697433165046825470e-22, 3.153517259795598131e+19
7.846526355214260603e-22, 2.805643018926401536e+19
9.192771965891135454e-22, 2.528506532361955738e+19
1.076999586711594898e-21, 2.167538800232622490e+19
1.261782750709730719e-21, 1.956426197109095219e+19
1.478269564475659425e-21, 1.721514782209251738e+19
1.731899492227074708e-21, 1.701345014618230579e+19
2.029045258900605437e-21, 1.571060845615169126e+19
2.377172971725329711e-21, 1.373853686620079104e+19
2.785029714203261248e-21, 1.205814221072677069e+19
3.262863325997498860e-21, 1.078132758248589517e+19
3.822679890934355379e-21, 9.459294221803755520e+18
4.478545402782572019e-21, 8.888844092258328576e+18
5.246939188487060978e-21, 8.244552379596901376e+18
6.147167968996433368e-21, 7.517342355113134080e+18
7.201850961408169007e-21, 6.921907335577015296e+18
8.437488211144998925e-21, 6.432829864403022848e+18
9.885126434120334154e-21, 5.904443966474906624e+18
1.158113909889358002e-20, 5.459579653318728704e+18
1.356814034921921673e-20, 5.054974695087186944e+18
1.589605573027771623e-20, 4.662405860500134912e+18
1.862337662173687523e-20, 4.251247118458973184e+18
2.181862989662507000e-20, 3.949886182035781120e+18
2.556209973277687262e-20, 3.748384401172755968e+18
2.994784483921711958e-20, 3.438192914703661568e+18
3.508606178246820418e-20, 3.144398626027872256e+18
4.110585379389697468e-20, 2.913104736453485056e+18
4.815847462736724022e-20, 2.588274434273270272e+18
5.642112897261175748e-20, 2.317927780424973312e+18
6.610142491380065642e-20, 2.122629923081742592e+18
7.744259030612173168e-20, 1.902513529564739328e+18
9.072958413744709407e-20, 1.719017442659822592e+18
1.062962564296273862e-19, 1.531098194174907648e+18
1.245337365796392977e-19, 1.333320673784963328e+18
1.459002609066893339e-19, 1.199788067656762112e+18
1.709326863329692882e-19, 1.095425263783118976e+18
2.002599794916861493e-19, 9.761601484564106240e+17
2.346190201907295332e-19, 8.579029902818176000e+17
2.748731163110049905e-19, 7.692074314774156800e+17
3.220336953461912371e-19, 7.748697515148730880e+17
3.772857176071966462e-19, 7.075017957950639360e+17
4.420174496254335417e-19, 5.405304477560930560e+17
5.178553458437248030e-19, 4.129645559741218560e+17
6.067049150348568050e-19, 3.155043812959422720e+17
7.107985982605515872e-19, 2.410449351570335680e+17
8.327518613560927099e-19, 1.841580155755680320e+17
9.756289113246611492e-19, 1.406964833284594560e+17
1.143019687836545591e-18, 1.074919294668035520e+17
1.339130064327491740e-18, 8.212369369262747200e+16
1.568887525095887845e-18, 6.274239470046282400e+16
1.838064973649593682e-18, 4.793510758883580800e+16
2.153425783120427356e-18, 3.662235957876681600e+16
2.522893733294045941e-18, 2.797943487726421200e+16
2.955752104106024924e-18, 2.137625169583433200e+16
3.462876928042592619e-18, 1.633142837116299200e+16
4.057010262163551902e-18, 1.247718994132190200e+16
4.753080346001232680e-18, 9.532556815833384000e+15
5.568576689647165650e-18, 7.282860954624821000e+15
6.523989516518419787e-18, 5.564096255508311000e+15
7.643324602276253526e-18, 4.250962270658439500e+15
8.954706445778864130e-18, 3.247729621620432500e+15
1.049108492738794133e-17, 2.481261188309010500e+15
1.229106321017912490e-17, 1.895680306520350250e+15
1.439986768596596156e-17, 1.448297277796123000e+15
1.687048433707514473e-17, 1.106497228281001250e+15
1.976499006618515979e-17, 8.453624369553550000e+14
2.315611244532450716e-17, 6.458557975109637500e+14
2.712905707440121844e-17, 4.934329855971058750e+14
3.178364846361432647e-17, 3.769821564095203125e+14
3.723683823172148955e-17, 2.880138750334987500e+14
4.362564364134417995e-17, 2.200422242842179688e+14
5.111059030517391504e-17, 1.681119719052235625e+14
5.987974556477713349e-17, 1.284373269257571094e+14
7.015344388498441742e-17, 9.812594998965235938e+13
8.218982299448246298e-17, 7.496809760715070312e+13
9.629130987410051721e-17, 5.727552863873364062e+13
1.128122195602306520e-16, 4.375842905920947656e+13
1.321676576914936317e-16, 3.343138263825569141e+13
1.548439504847211017e-16, 2.554153266318501562e+13
1.814108642046238339e-16, 1.951369758898446484e+13
2.125359211544772699e-16, 1.490843946664141211e+13
2.490011718924986992e-16, 1.139002827716145703e+13
2.917228450939035525e-16, 8.701966724607425781e+12
3.417743687825801351e-16, 6.648291209953571289e+12
4.004133413656054675e-16, 5.079285799537468750e+12
4.691131301468769991e-16, 3.880567715619523926e+12
5.495998912665211303e-16, 2.964748665428468262e+12
6.438959412319121213e-16, 2.265064107445067871e+12
7.543705697967002551e-16, 1.730506019165187744e+12
8.837995709161229663e-16, 1.322104338029020508e+12
1.035434987557938712e-15, 1.010085987148656494e+12
1.213086822782425552e-15, 7.717043746752137451e+11
1.421218770170270965e-15, 5.895811341507257080e+11
1.665060368928408994e-15, 4.504392163032023926e+11
1.950738401691563623e-15, 3.441349728210292969e+11
2.285430836530691886e-15, 2.629186696811777649e+11
2.677547181126970641e-15, 2.008695201691755676e+11
3.136939780704104200e-15, 1.534640510072242126e+11
3.675151368806934184e-15, 1.172463344947138214e+11
4.305705090906085245e-15, 8.957604639147190857e+10
5.044444287983953543e-15, 6.843598242714286804e+10
5.909930577530328216e-15, 5.228500117431079102e+10
6.923910234161186932e-15, 3.994567259566994476e+10
8.111860588175597371e-15, 3.051844168083228302e+10
9.503630170902745736e-15, 2.331604957697773361e+10
1.113418869117993458e-14, 1.781343141623177719e+10
1.304450568692773882e-14, 1.360943833176829529e+10
1.528257992888903767e-14, 1.039759310704356956e+10
1.790464544140884680e-14, 7.943747551085943222e+09
2.097658444282498875e-14, 6.069012749769344330e+09
2.457558270711805719e-14, 4.636717812685935974e+09
2.879206893956380988e-14, 3.542446351805113792e+09
3.373198689528892016e-14, 2.706424385172595024e+09
3.951945733015404868e-14, 2.067704694209122896e+09
4.629989666834555381e-14, 1.579723685269597292e+09
5.424367074655676216e-14, 1.206906831462856770e+09
6.355037543901280041e-14, 9.220752422755597830e+08
7.445385171865133341e-14, 7.044642802546542883e+08
8.722806116326921614e-14, 5.382097898512201309e+08
1.021939695350504780e-13, 4.111915761341886520e+08
1.197276113908228647e-13, 3.141498270143303275e+08
1.402695383550534565e-13, 2.400100574553761780e+08
1.643358884536128603e-13, 1.833673702284090221e+08
1.925313546372367750e-13, 1.400924310865810812e+08
2.255643783427914986e-13, 1.070304343431004733e+08
2.642649498469248929e-13, 8.177111202098384500e+07
3.096054626651536335e-13, 6.247302269367637485e+07
3.627251459856035670e-13, 4.772930766152513027e+07
4.249586890286010331e-13, 3.646512870314410329e+07
4.978697765499685977e-13, 2.785931069368407875e+07
5.832903781036313840e-13, 2.128447697650102153e+07
6.833667782485480914e-13, 1.626131260548053682e+07
8.006135042584769108e-13, 1.242362158793484047e+07
9.379765063263084318e-13, 9.491630663823619485e+06
1.098907177733620883e-12, 7.251593427952478640e+06
1.287449074821890004e-12, 5.540207905976373702e+06
1.508339515697955710e-12, 4.232711602822137997e+06
1.767128610450621027e-12, 3.233786122893291991e+06
2.070318713640647402e-12, 2.470608362911728211e+06
2.425527802958077446e-12, 1.887541561832946492e+06
2.841680889111551975e-12, 1.442079287486833753e+06
3.329234266329045287e-12, 1.101746691807455849e+06
3.900438238005257590e-12, 8.417330332953415345e+05
4.569644918760408134e-12, 6.430829330331722740e+05
5.353668846768369621e-12, 4.913145081286048517e+05
6.272209467127062636e-12, 3.753636389119636151e+05
7.348346101620664173e-12, 2.867773236284354352e+05
8.609117841521512969e-12, 2.190974980074230989e+05
1.008620293386256217e-11, 1.673901999515900970e+05
1.181671473149198844e-11, 1.278858940960535547e+05
1.384413420601148128e-11, 9.770465444767661393e+04
1.621940245398964309e-11, 7.464622836343286326e+04
1.900220064684535723e-11, 5.702962095700106875e+04
2.226244958451911904e-11, 4.357055489765654784e+04
2.608206653083284003e-11, 3.328784438855991903e+04
3.055702347291745383e-11, 2.543186884869950518e+04
3.579975852069152363e-11, 1.942991391080663016e+04
4.194200103539933424e-11, 1.484442829000104939e+04
4.913808147160267494e-11, 1.134112336081232206e+04
5.756880909596944173e-11, 8.664603432402713224e+03
6.744601501471849372e-11, 6.619745059713798582e+03
7.901787465817365748e-11, 5.057475413499479146e+03
9.257514345558095331e-11, 3.863903854514911927e+03
1.084584623782321578e-10, 2.952017497313068361e+03
1.270669169105270310e-10, 2.255337511636018462e+03
1.488680645023350689e-10, 1.723074912673230983e+03
1.744096824531938844e-10, 1.316426845823334588e+03
2.043335314065755398e-10, 1.005747938901459293e+03
2.393914802768297581e-10, 7.683900148133508310e+02
2.804643977649551806e-10, 5.870488033311345362e+02
3.285842851328589352e-10, 4.485044461494351253e+02
3.849602063458864622e-10, 3.426565769939525694e+02
4.510086671063629299e-10, 2.617890727599746583e+02
5.283892060840569477e-10, 2.000063825755621565e+02
6.190460926115560205e-10, 1.528045437608758732e+02
7.252571785440163173e-10, 1.167423451919469528e+02
8.496911317388502362e-10, 8.919099922253501234e+01
9.954744892081493267e-10, 6.814173615394236094e+01
1.166270214726448448e-09, 5.206017711525883840e+01
1.366369734738289428e-09, 3.977385839476589524e+01
1.600800765066854691e-09, 3.038716089818590760e+01
1.875453637685745777e-09, 2.321571372525258425e+01
2.197229301650036782e-09, 1.773676452418405702e+01
2.574212716869338996e-09, 1.355081144562525353e+01
3.015875997428001928e-09, 1.035277321605879131e+01
3.533316408647045077e-09, 7.909479934163440973e+00
4.139535197820245990e-09, 6.042788727581893227e+00
4.849764264546636664e-09, 4.616664164833624184e+00
5.681848878603233730e-09, 3.527109287904433454e+00
6.656696061556467092e-09, 2.694675654426753386e+00
7.798799898182857864e-09, 2.058713957663835803e+00
9.136856976714022134e-09, 1.572832157862516844e+00
1.070448742150435761e-08, 1.201633238770198231e+00
1.254107963484337046e-08, 9.180388932979439698e-01
1.469277997296015627e-08, 7.013651884636306066e-01
1.721365222289457542e-08, 5.358313044723598262e-01
2.016703601333963015e-08, 4.093653695417561189e-01
2.362713829099000118e-08, 3.127477794091580998e-01
2.768089784995247636e-08, 2.389323846038692856e-01
3.243016976252675725e-08, 1.825376808119994476e-01
3.799428459753194850e-08, 1.394538085644576042e-01
4.451304672929294335e-08, 1.065359053848070336e-01
5.215024707302747141e-08, 8.138451914680128185e-02
6.109777850789253333e-08, 6.217133085694813432e-02
7.158045739212245458e-08, 4.749372368556076252e-02
8.386167231601665177e-08, 3.628164148302146647e-02
9.825000202377754192e-08, 2.771539199131466125e-02
1.151069687866058048e-07, 2.117098204066310621e-02
1.348561220388992395e-07, 1.617206247446853831e-02
1.579936805136920602e-07, 1.235315187032797087e-02
1.851010002724404292e-07, 9.436180447217576081e-03
2.168591819018276323e-07, 7.207145808691295223e-03
2.540661838991262367e-07, 5.503722013177566631e-03
2.976568722383458751e-07, 4.202629710235913744e-03
3.487265098841028302e-07, 3.209188957193357533e-03
4.085582764525233750e-07, 2.450700530421716199e-03
4.786555094802828620e-07, 1.871093003769301382e-03
5.607794773983806434e-07, 1.428509000949540909e-03
6.569936332972589126e-07, 1.090307431480194884e-03
7.697154614067526183e-07, 8.316602752779510581e-04
9.017772189895008571e-07, 6.345477677001423429e-04
1.056497099853249245e-06, 4.839294933361773239e-04
1.237762607541896761e-06, 3.688348403522303067e-04
1.450128233046472805e-06, 2.809552875991644231e-04
1.698929891293638432e-06, 2.139930215187554690e-04
1.990418991751685834e-06, 1.628291298575401896e-04
2.331919511822318867e-06, 1.237272224495553747e-04
2.732012019656224729e-06, 9.391649330298767844e-05
3.200749270163831329e-06, 7.132318179959766882e-05
3.749908791302991839e-06, 5.392428503515890820e-05
4.393288807145992575e-06, 4.070490491753776222e-05
5.147054933111502699e-06, 3.068567759327804482e-05
6.030146354452266775e-06, 2.308263375877045581e-05
7.064751693670376281e-06, 1.732654814660846272e-05
8.276866523540982274e-06, 1.297842915503195442e-05
9.696946533859272140e-06, 9.644770072530241178e-06
1.136067276342852149e-05, 7.144314245107141456e-06
1.330984812456625985e-05, 5.257779279881762767e-06
1.559344774627215830e-05, 3.843266933606959585e-06
1.826884952705988956e-05, 2.798384402103990369e-06
2.140327581641746703e-05, 2.001016155772299054e-06
2.507548244869502754e-05, 1.398387355418189064e-06
2.937773756821394599e-05, 9.601380826991600505e-07
3.441813996570822800e-05, 6.391655541846737669e-07
4.032333517679733450e-05, 4.097952803764515720e-07
4.724169758738698836e-05, 2.124834041443551870e-07
