# Columns: R_MC [pc], P(R_MC) [1/pc], Cross-section weighted P(R_MC) [1/pc]
1.025651926251407861e-11, 0.000000000000000000e+00, 0.000000000000000000e+00
1.078946722229829815e-11, 0.000000000000000000e+00, 0.000000000000000000e+00
1.135010815672316663e-11, 0.000000000000000000e+00, 0.000000000000000000e+00
1.193988104464273125e-11, 0.000000000000000000e+00, 0.000000000000000000e+00
1.256029963694872804e-11, 0.000000000000000000e+00, 0.000000000000000000e+00
1.321295634186573788e-11, 0.000000000000000000e+00, 0.000000000000000000e+00
1.389952631213352601e-11, 0.000000000000000000e+00, 0.000000000000000000e+00
1.462177174456718478e-11, 0.000000000000000000e+00, 0.000000000000000000e+00
1.538154640303035716e-11, 0.000000000000000000e+00, 0.000000000000000000e+00
1.618080037643067682e-11, 0.000000000000000000e+00, 0.000000000000000000e+00
1.702158508394953640e-11, 0.000000000000000000e+00, 0.000000000000000000e+00
1.790605854035294846e-11, 0.000000000000000000e+00, 0.000000000000000000e+00
1.883649089489798225e-11, 0.000000000000000000e+00, 0.000000000000000000e+00
1.981527025805096908e-11, 0.000000000000000000e+00, 0.000000000000000000e+00
2.084490883097288542e-11, 0.000000000000000000e+00, 0.000000000000000000e+00
2.192804935350449494e-11, 0.000000000000000000e+00, 0.000000000000000000e+00
2.306747188720071646e-11, 0.000000000000000000e+00, 0.000000000000000000e+00
2.426610095082419209e-11, 0.000000000000000000e+00, 0.000000000000000000e+00
2.552701302661247069e-11, 0.000000000000000000e+00, 0.000000000000000000e+00
2.685344445658503549e-11, 0.000000000000000000e+00, 0.000000000000000000e+00
2.824879974915704763e-11, 0.000000000000000000e+00, 0.000000000000000000e+00
2.971666031738025020e-11, 0.000000000000000000e+00, 0.000000000000000000e+00
3.126079367123955679e-11, 0.000000000000000000e+00, 0.000000000000000000e+00
3.288516308759833167e-11, 0.000000000000000000e+00, 0.000000000000000000e+00
3.459393778261224212e-11, 0.000000000000000000e+00, 0.000000000000000000e+00
3.639150361272071167e-11, 0.000000000000000000e+00, 0.000000000000000000e+00
3.828247433168220594e-11, 0.000000000000000000e+00, 0.000000000000000000e+00
4.027170343254586841e-11, 0.000000000000000000e+00, 0.000000000000000000e+00
4.236429660495408969e-11, 0.000000000000000000e+00, 0.000000000000000000e+00
4.456562483975033441e-11, 0.000000000000000000e+00, 0.000000000000000000e+00
4.688133821452655254e-11, 0.000000000000000000e+00, 0.000000000000000000e+00
4.931738039549364670e-11, 0.000000000000000000e+00, 0.000000000000000000e+00
5.188000389289609384e-11, 0.000000000000000000e+00, 0.000000000000000000e+00
5.457578610912699557e-11, 0.000000000000000000e+00, 0.000000000000000000e+00
5.741164622073268011e-11, 0.000000000000000000e+00, 0.000000000000000000e+00
6.039486293763794275e-11, 0.000000000000000000e+00, 0.000000000000000000e+00
6.353309318517436562e-11, 0.000000000000000000e+00, 0.000000000000000000e+00
6.683439175686149603e-11, 0.000000000000000000e+00, 0.000000000000000000e+00
7.030723198838341702e-11, 0.000000000000000000e+00, 0.000000000000000000e+00
7.396052750582374558e-11, 0.000000000000000000e+00, 0.000000000000000000e+00
7.780365510398024982e-11, 0.000000000000000000e+00, 0.000000000000000000e+00
8.184647881347885976e-11, 0.000000000000000000e+00, 0.000000000000000000e+00
8.609937521845998927e-11, 0.000000000000000000e+00, 0.000000000000000000e+00
9.057326008981998694e-11, 0.000000000000000000e+00, 0.000000000000000000e+00
9.527961640236521090e-11, 0.000000000000000000e+00, 0.000000000000000000e+00
1.002305238077900488e-10, 0.000000000000000000e+00, 0.000000000000000000e+00
1.054386896391260237e-10, 0.000000000000000000e+00, 0.000000000000000000e+00
1.109174815262403146e-10, 0.000000000000000000e+00, 0.000000000000000000e+00
1.166809617060962959e-10, 0.000000000000000000e+00, 0.000000000000000000e+00
1.227439231158405997e-10, 0.000000000000000000e+00, 0.000000000000000000e+00
1.291219273613533562e-10, 0.000000000000000000e+00, 0.000000000000000000e+00
1.358313446587154174e-10, 0.000000000000000000e+00, 0.000000000000000000e+00
1.428893958511103824e-10, 0.000000000000000000e+00, 0.000000000000000000e+00
1.503141966090024084e-10, 0.000000000000000000e+00, 0.000000000000000000e+00
1.581248039270385857e-10, 0.000000000000000000e+00, 0.000000000000000000e+00
1.663412650370169698e-10, 0.000000000000000000e+00, 0.000000000000000000e+00
1.749846688624654551e-10, 0.000000000000000000e+00, 0.000000000000000000e+00
1.840772001468954491e-10, 0.000000000000000000e+00, 0.000000000000000000e+00
1.936421963946606826e-10, 0.000000000000000000e+00, 0.000000000000000000e+00
2.037042077705718970e-10, 0.000000000000000000e+00, 0.000000000000000000e+00
2.142890601120060623e-10, 0.000000000000000000e+00, 0.000000000000000000e+00
2.254239212152432687e-10, 0.000000000000000000e+00, 0.000000000000000000e+00
2.371373705661655168e-10, 0.000000000000000000e+00, 0.000000000000000000e+00
2.494594726942950709e-10, 0.000000000000000000e+00, 0.000000000000000000e+00
2.624218543384439019e-10, 0.000000000000000000e+00, 0.000000000000000000e+00
2.760577856220344782e-10, 0.000000000000000000e+00, 0.000000000000000000e+00
2.904022654464451017e-10, 0.000000000000000000e+00, 0.000000000000000000e+00
3.054921113215515548e-10, 0.000000000000000000e+00, 0.000000000000000000e+00
3.213660538640321425e-10, 6.531578252739778448e-03, 4.502600426624834237e-07
3.380648362059815113e-10, 5.563028886221230325e-03, 4.034249534579968184e-07
3.556313185689847556e-10, 4.737308748865656956e-03, 3.614012264280558231e-07
3.741105882720528966e-10, 0.000000000000000000e+00, 0.000000000000000000e+00
3.935500754557772142e-10, 0.000000000000000000e+00, 0.000000000000000000e+00
4.139996748197304272e-10, 0.000000000000000000e+00, 0.000000000000000000e+00
4.355118736855688095e-10, 0.000000000000000000e+00, 0.000000000000000000e+00
4.581418867145339649e-10, 0.000000000000000000e+00, 0.000000000000000000e+00
4.819477976251271319e-10, 0.000000000000000000e+00, 0.000000000000000000e+00
5.069907082747033666e-10, 0.000000000000000000e+00, 0.000000000000000000e+00
5.333348954876202279e-10, 0.000000000000000000e+00, 0.000000000000000000e+00
5.610479760324701077e-10, 6.380854049969764477e-03, 7.680908965033840692e-07
5.902010801718442306e-10, 5.436429225944412920e-03, 6.884276619947286164e-07
6.208690342300637909e-10, 4.631618118535585533e-03, 6.170049449298357321e-07
6.531305526474729939e-10, 1.050232845041036006e-02, 1.471815632846972163e-06
6.870684400142317101e-10, 3.471706645750897990e-02, 5.118272088653206559e-06
7.227698036021688210e-10, 4.956030707752206305e-02, 7.686480353980495059e-06
7.603262769401807175e-10, 4.222897697237890796e-02, 6.889980016343005599e-06
7.998342550070276743e-10, 4.542123686208795336e-02, 7.796163656934778234e-06
8.413951416451946904e-10, 6.549518075853963395e-02, 1.182623984897002560e-05
8.851156098308355951e-10, 5.580812879711622571e-02, 1.060110027241672174e-05
9.311078754678309670e-10, 9.929529457233821077e-02, 1.984262530136175989e-05
9.794899854086980821e-10, 1.681895998866005382e-01, 3.535798145907560519e-05
1.030386120441616095e-09, 1.965631259803062025e-01, 4.347195458567753039e-05
1.083926914021204014e-09, 1.675195125051918144e-01, 3.897555284059267322e-05
1.140249787561167319e-09, 1.831365850759724134e-01, 4.482525695265216094e-05
1.199499303149378128e-09, 3.168306877958615986e-01, 8.158245837521231787e-05
1.261827534590670558e-09, 4.843616546487005681e-01, 1.312086023040690138e-04
1.327394457729740273e-09, 5.363553252129793503e-01, 1.528513762112537907e-04
1.396368361055936317e-09, 7.394318047160176599e-01, 2.216870583042656381e-04
1.468926277643866174e-09, 6.412599209671292488e-01, 2.022567803757587468e-04
1.545254439538414134e-09, 7.374158070015101041e-01, 2.446862716630960797e-04
1.625548755750481709e-09, 1.124572390768895369e+00, 3.925673784973359825e-04
1.710015315090286320e-09, 1.620930818316193234e+00, 5.952815711374001995e-04
1.798870915128787322e-09, 1.661993404340945446e+00, 6.421256802962791712e-04
1.892343618644975688e-09, 1.676471457427729073e+00, 6.814302238500449587e-04
1.990673338987188583e-09, 2.061474809596869129e+00, 8.815349494394426541e-04
2.094112455850895670e-09, 2.441492845821816804e+00, 1.098386319011144564e-03
2.202926463053456075e-09, 2.843781050719100811e+00, 1.345971766109077929e-03
2.317394649968475145e-09, 3.746119949494429946e+00, 1.865364424349489573e-03
2.437810818368750009e-09, 4.591639385048787325e+00, 2.405438118031132371e-03
2.564484036517716058e-09, 5.049361187692677611e+00, 2.782976647998738808e-03
2.697739432444920460e-09, 6.033684780611821452e+00, 3.498685234207825519e-03
2.837919028441557893e-09, 7.566111902685081603e+00, 4.615796905965300310e-03
2.985382618917963357e-09, 8.915279614901171712e+00, 5.722202933674491038e-03
3.140508693876216431e-09, 1.159437967146047477e+01, 7.829481047610274344e-03
3.303695410368142213e-09, 1.188759563103936578e+01, 8.445777156375721198e-03
3.475361614432053799e-09, 1.522275777878179781e+01, 1.137894982844805773e-02
3.655947916131246718e-09, 1.704819615916802533e+01, 1.340768527273165575e-02
3.845917820453534961e-09, 2.027636920526768805e+01, 1.677782024781031278e-02
4.045758916974428963e-09, 2.377178968746263266e+01, 2.069573349930171891e-02
4.255984131337434845e-09, 3.171477920789944704e+01, 2.905079651205833349e-02
4.477133041763623226e-09, 3.660098683680989495e+01, 3.527528754399664179e-02
4.709773263969519825e-09, 4.261863572504970676e+01, 4.321782836061068001e-02
4.954501908047895353e-09, 4.970356965050704190e+01, 5.303237026328541659e-02
5.211947111050799924e-09, 6.199126809113524672e+01, 6.959510566061341552e-02
5.482769649208535777e-09, 7.163292828894158504e+01, 8.461756099951038557e-02
5.767664633922509555e-09, 8.879674072420273490e+01, 1.103696321452755369e-01
6.067363295885059185e-09, 1.077512545644028279e+02, 1.409240428192121142e-01
6.382634861905482558e-09, 1.256330374785905661e+02, 1.728950271852754406e-01
6.714288529259509001e-09, 1.500783708629868443e+02, 2.173294701006499574e-01
7.063175542629608811e-09, 1.822692663704037557e+02, 2.777423641583826042e-01
7.430191378967006415e-09, 2.125855538248239327e+02, 3.408766225951848083e-01
7.816278045883292923e-09, 2.556238820727692485e+02, 4.313269963214539926e-01
8.222426499470713005e-09, 3.002082228562510977e+02, 5.330609386860232224e-01
8.649679187756937814e-09, 3.560305325886088212e+02, 6.652705083293465327e-01
9.099132726322508595e-09, 4.213901532033390254e+02, 8.286292242460048252e-01
9.571940712948442686e-09, 4.916198442478807920e+02, 1.017369235966202767e+00
1.006931668851804562e-08, 5.834388038634148188e+02, 1.270652430310651448e+00
1.059253725177287621e-08, 6.997447708430433977e+02, 1.603846410363999553e+00
1.114294533591729230e-08, 8.255353431359161505e+02, 1.991408272507236177e+00
1.172195365548130236e-08, 9.800426946484031987e+02, 2.488178441840010802e+00
1.233104833228909634e-08, 1.141615934243602169e+03, 3.050558370052123269e+00
1.297179270983955861e-08, 1.361164840818227731e+03, 3.828285192865140907e+00
1.364583136588923983e-08, 1.595606435855341260e+03, 4.723518485647833387e+00
1.435489433353654691e-08, 1.895924247069115836e+03, 5.907717861169497375e+00
1.510080154164146180e-08, 2.253163921982973079e+03, 7.390328909254493261e+00
1.588546748597777465e-08, 2.747189780819085172e+03, 9.485185196264888319e+00
1.671090614310706979e-08, 3.305912010416668636e+03, 1.201570572177862850e+01
1.757923613958693077e-08, 3.978628308283418392e+03, 1.522325806491994804e+01
1.849268618978079709e-08, 4.791321555713795533e+03, 1.930020811784995871e+01
1.945360081622663184e-08, 5.684540546749359237e+03, 2.410746108734344162e+01
2.046444636724671542e-08, 6.901436304158578423e+03, 3.081504993838775164e+01
2.152781734724369502e-08, 8.292211603190360620e+03, 3.898340803861862724e+01
2.264644307593057319e-08, 9.977408970274060266e+03, 4.938930635769509081e+01
2.382319469358689039e-08, 1.190434101096135055e+04, 6.205073216989790552e+01
2.506109253032113907e-08, 1.428303053328538590e+04, 7.839890905861720682e+01
2.636331385825381413e-08, 1.715835051858977386e+04, 9.918273496385543808e+01
2.773320104651840969e-08, 2.057534375640392318e+04, 1.252571284970736514e+02
2.917427014001165809e-08, 2.444441205710225768e+04, 1.567309832690677069e+02
3.069021988391154998e-08, 2.907501639918006913e+04, 1.963547835278787659e+02
3.228494121712631338e-08, 3.455268583635986579e+04, 2.457973679671506204e+02
3.396252725904081622e-08, 4.081324283369842306e+04, 3.058436179337592762e+02
3.572728381519288657e-08, 4.828878930450822372e+04, 3.812220081205207407e+02
3.758374042884442742e-08, 5.683204196044761920e+04, 4.727049502755739354e+02
3.953666200681278862e-08, 6.670945810092870670e+04, 5.846325803801289567e+02
4.159106104940218542e-08, 7.805885350005360669e+04, 7.208610762882417475e+02
4.375221051582515913e-08, 9.064555207413967582e+04, 8.821582633651858032e+02
4.602565735813553354e-08, 1.050006300048473495e+05, 1.076963742525673297e+03
4.841723675840988696e-08, 1.204861663379417878e+05, 1.302554653886578990e+03
5.093308710571952695e-08, 1.385868787951014820e+05, 1.579329800130479498e+03
5.357966575133417533e-08, 1.586841015831557743e+05, 1.906428208113728033e+03
5.636376558259543076e-08, 1.802956116648578609e+05, 2.283783837714149740e+03
5.929253245799994260e-08, 2.026740519346331130e+05, 2.707069858439622294e+03
6.237348354824184070e-08, 2.271583593264784722e+05, 3.199723643548706150e+03
6.561452663029043443e-08, 2.542895632274917443e+05, 3.777879121996313643e+03
6.902398038402412175e-08, 2.811872241825695965e+05, 4.406631164248408822e+03
7.261059574351543687e-08, 3.108169721301451791e+05, 5.138848757205460970e+03
7.638357835776907026e-08, 3.414048210813255864e+05, 5.955823711612356419e+03
8.035261221856177783e-08, 3.728015334047080250e+05, 6.863170947124914164e+03
8.452788451602899226e-08, 4.042929120668659452e+05, 7.855701216639560698e+03
8.892011178579481813e-08, 4.375410042408429435e+05, 8.974681770961837174e+03
9.354056741475511679e-08, 4.695514323435139959e+05, 1.016875583140158597e+04
9.840111057611325498e-08, 5.032130347077311017e+05, 1.150792422813078520e+04
1.035142166679343147e-07, 5.350205621748188278e+05, 1.292276666363176264e+04
1.088930093333433319e-07, 5.667502204821335617e+05, 1.446096857461103355e+04
1.145512941445534903e-07, 5.963639085528183496e+05, 1.607780581130362225e+04
1.205035940371795992e-07, 6.250890398181418423e+05, 1.780972292903529524e+04
1.267651865857844781e-07, 6.536634803231447004e+05, 1.968626377832113212e+04
1.333521432163324045e-07, 6.808218196024077479e+05, 2.167874997251887908e+04
1.402813704561957486e-07, 7.047592310898215510e+05, 2.373204664688402772e+04
1.475706533275893077e-07, 7.273463929347643862e+05, 2.590809615361925535e+04
1.552387009958081715e-07, 7.486995683794743381e+05, 2.821707680635973156e+04
1.633051947894334705e-07, 7.662332949229337974e+05, 3.056261615062346027e+04
1.717908387157587761e-07, 7.837933582660057582e+05, 3.309600113042486919e+04
1.807174126010925653e-07, 7.970508226256999187e+05, 3.563923607511380396e+04
1.901078279923299666e-07, 8.102261619552777847e+05, 3.837477043693621090e+04
1.999861869632742842e-07, 8.200430966656703968e+05, 4.115351377686431806e+04
2.103778439766472978e-07, 8.288391694966276409e+05, 4.408691610162580764e+04
2.213094709605636295e-07, 8.386101288196805399e+05, 4.729467857603376615e+04
2.328091257665007940e-07, 8.434930100736657623e+05, 5.045392970102791151e+04
2.449063241844743992e-07, 8.484266502557600616e+05, 5.384469746603653039e+04
2.576321157002572855e-07, 8.533298431574770948e+05, 5.748039506948518829e+04
2.710191631890842058e-07, 8.557706906389308861e+05, 6.120666766260942677e+04
2.851018267503907082e-07, 8.547131769551170291e+05, 6.493366910020939395e+04
2.999162518987646980e-07, 8.504086566688157618e+05, 6.865315879482905439e+04
3.155004623374623941e-07, 8.482992646337983897e+05, 7.280241033989666903e+04
3.318944575526103405e-07, 8.481917085225050105e+05, 7.741773182315188751e+04
3.491403154785858900e-07, 8.433255166682642885e+05, 8.189978846877305477e+04
3.672823004980842474e-07, 8.401964746214087354e+05, 8.685729340135066013e+04
3.863669770540689493e-07, 8.314432216455290327e+05, 9.153527054104552371e+04
4.064433291652127549e-07, 8.236854002050596755e+05, 9.661979904265260848e+04
4.275628861515860074e-07, 8.199043369589069625e+05, 1.025249252263137605e+05
4.497798548932875053e-07, 8.098074158788826317e+05, 1.080008811057224812e+05
4.731512589614802628e-07, 8.003836277053906815e+05, 1.139058316885669337e+05
4.977370849789355307e-07, 7.929145420961370692e+05, 1.204770457290933409e+05
5.236004365857494849e-07, 7.837701130575569114e+05, 1.272124394313622179e+05
5.508076964054029391e-07, 7.700995739668087335e+05, 1.335943880520050880e+05
5.794286964268809173e-07, 7.551857324696336873e+05, 1.400998312045547355e+05
6.095368972401687385e-07, 7.436250284995413385e+05, 1.476126332681685744e+05
6.412095765851608593e-07, 7.331588983438686701e+05, 1.558119567488800967e+05
6.745280276979215670e-07, 7.098484506169130327e+05, 1.616081781466811080e+05
7.095777679633887827e-07, 6.899270742577442434e+05, 1.683635933138006076e+05
7.464487584100661313e-07, 6.683603550935410894e+05, 1.749326315586074779e+05
7.852356346100710336e-07, 6.408371578872143291e+05, 1.800061605246483523e+05
8.260379495771783370e-07, 6.120790443652182585e+05, 1.846187066294545948e+05
8.689604292863010418e-07, 5.852870317035394255e+05, 1.896950221956353344e+05
9.141132414702490036e-07, 5.515520300019814167e+05, 1.922047079340887722e+05
9.616122783836638888e-07, 5.200665568900758517e+05, 1.949848995326787699e+05
1.011579454259898283e-06, 4.806332417702323291e+05, 1.939972511633717222e+05
1.064143018224315170e-06, 4.441543981848045951e+05, 1.931131718537630804e+05
1.119437883467150232e-06, 4.041283203794246656e+05, 1.894003570189665188e+05
1.177605973520806597e-06, 3.712025609583165497e+05, 1.876494468888036790e+05
1.238796586530369050e-06, 3.357871548205603031e+05, 1.831047722262049501e+05
1.303166778452298707e-06, 3.008342483299903688e+05, 1.771760674874022370e+05
1.370881766164852098e-06, 2.663309166468213079e+05, 1.694909788257262553e+05
1.442115351524868011e-06, 2.361073259105077886e+05, 1.624913019976132491e+05
1.517050367459335277e-06, 2.074105721228624752e+05, 1.543369154172939016e+05
1.595879147236730565e-06, 1.812657614477188326e+05, 1.460504351697560342e+05
1.678804018122558985e-06, 1.581839969841389102e+05, 1.380892533958944550e+05
1.766037820686164116e-06, 1.365274007599330507e+05, 1.292108454807233938e+05
1.857804455091697021e-06, 1.172300290516085952e+05, 1.203549124235975760e+05
1.954339455775392327e-06, 1.011643290565226489e+05, 1.124101341269236436e+05
2.055890595984140433e-06, 8.713148881378705846e+04, 1.051567334452768409e+05
2.162718523727020259e-06, 7.446248967612048727e+04, 9.764723442497744691e+04
2.275097430772069504e-06, 6.358999300968061289e+04, 9.067573880092655600e+04
2.393315756405384890e-06, 5.459130518080075854e+04, 8.460995695880336280e+04
2.517676927758854593e-06, 4.699138724137224926e+04, 7.871768161099558347e+04
2.648500138606698363e-06, 4.012915004130057787e+04, 7.322022263332821603e+04
2.786121168629766473e-06, 3.426871528909745393e+04, 6.814330004009524419e+04
2.930893245250318698e-06, 2.926385540357905847e+04, 6.345176677475497127e+04
3.083187950249353467e-06, 2.498972202586108324e+04, 5.911368443695452152e+04
3.243396173493490004e-06, 2.207544951074780329e+04, 5.510502795114670153e+04
3.411929116219281216e-06, 1.896210469886931241e+04, 5.142502586377258558e+04
3.589219346450049739e-06, 1.619238592850911300e+04, 4.797991297940292861e+04
3.775721909254159727e-06, 1.382710517183195952e+04, 4.478653533280325064e+04
3.971915494694400700e-06, 1.180720847910795965e+04, 4.182471440938948945e+04
4.178303666466213542e-06, 1.008229421558732975e+04, 3.907604737906724040e+04
4.395416154378242806e-06, 8.609290535254654969e+03, 3.652372703841108159e+04
4.623810213992598294e-06, 7.351419441242799621e+03, 3.415236065152264928e+04
4.864072056914609241e-06, 6.277263294494182446e+03, 3.194787215422289592e+04
5.116818355403072973e-06, 5.360008835212463055e+03, 2.989740634983076961e+04
5.382697825162881249e-06, 4.576739891053760402e+03, 2.798915560417010420e+04
5.662392890382528157e-06, 3.907892034793563653e+03, 2.621232934777519040e+04
5.956621435290097563e-06, 3.336755535809745652e+03, 2.455700573899217852e+04
6.266138646723349015e-06, 2.849059736872139183e+03, 2.301410884858530699e+04
6.591738952443213146e-06, 2.432620384112650299e+03, 2.157527329348571948e+04
6.934258060165687003e-06, 2.077028573821558894e+03, 2.023283842102709968e+04
7.294575102545679062e-06, 1.773396590872625438e+03, 1.897975799102222663e+04
7.673614893618186056e-06, 1.514133767133363790e+03, 1.780954729628354107e+04
8.072350302488374979e-06, 1.292760708179936273e+03, 1.671623856237119253e+04
8.491804750363126655e-06, 1.103741312550643897e+03, 1.569433817550696585e+04
8.933054837332944550e-06, 9.423484525408343870e+02, 1.473877635378452396e+04
9.397233105646374780e-06, 8.045455986181857497e+02, 1.384487917774726156e+04
9.885530946569380493e-06, 6.868853489110458668e+02, 1.300833819479718841e+04
1.039920165829057908e-05, 5.864259530407284728e+02, 1.222517522273103532e+04
1.093956366272093086e-05, 5.006532391021288504e+02, 1.149171549172647792e+04
1.150800388944435666e-05, 4.274207598000908774e+02, 1.080455472547903082e+04
1.210598133550481593e-05, 3.648958026550324121e+02, 1.016054907043262028e+04
1.273503081016660354e-05, 3.115131218982809855e+02, 9.556785870865833203e+03
1.339676687425934466e-05, 2.659369194547232951e+02, 8.990567547842983913e+03
1.409288798421873337e-05, 2.270258729386790151e+02, 8.459393429459949402e+03
1.482518085145951458e-05, 1.938057380634685671e+02, 7.960951284963405669e+03
1.559552502826952309e-05, 1.654443408860318243e+02, 7.493081047360334196e+03
1.640589773199538679e-05, 1.412314752063341530e+02, 7.053792645236040698e+03
1.725837891990201987e-05, 1.205604138232668419e+02, 6.641228345034150152e+03
1.815515662773133475e-05, 1.029135161075770668e+02, 6.253664174060949335e+03
1.909853258566236888e-05, 8.784840618624832587e+01, 5.889493884637339761e+03
2.009092812608727908e-05, 7.498751519418489409e+01, 5.547225233017682513e+03
2.113489039836645523e-05, 6.400853122932512917e+01, 5.225470456251792712e+03
2.223309890651400654e-05, 5.463616498729783899e+01, 4.922933179092982755e+03
2.338837238659353628e-05, 4.663539635489514268e+01, 4.638408716884389833e+03
2.460367604147624960e-05, 3.980565218154070095e+01, 4.370769008954310266e+03
2.588212915153087737e-05, 3.397558510115236174e+01, 4.118965321872734421e+03
2.722701308077910045e-05, 2.899892934016796175e+01, 3.882016350084814349e+03
2.864177969906579846e-05, 2.475084280431311257e+01, 3.659010174176339660e+03
3.013006024186119008e-05, 2.112469596982244013e+01, 3.449088334269528787e+03
3.169567463043487023e-05, 1.802948723343967075e+01, 3.251453267979233260e+03
3.334264127632347269e-05, 1.538752213851608452e+01, 3.065359701035565649e+03
3.507518739525679514e-05, 1.313245253454309669e+01, 2.890104841131898866e+03
3.689775985701500575e-05, 1.120765045316460018e+01, 2.725037274457380136e+03
3.881503659906478245e-05, 9.564793162409324978e+00, 2.569545110409883819e+03
4.083193863326918895e-05, 8.162592790544708876e+00, 2.423054255606495644e+03
4.295364267648868727e-05, 6.965811702634875147e+00, 2.285025826135552506e+03
4.518559443749217176e-05, 5.944375998193817345e+00, 2.154957250755368477e+03
4.753352259428048591e-05, 5.072604971543869468e+00, 2.032374148540317492e+03
5.000345349769783158e-05, 4.328595989150145762e+00, 1.916840132572094717e+03
5.260172663907057610e-05, 3.693629573954085199e+00, 1.807936216823713266e+03
5.533501092157360027e-05, 3.151731070060608708e+00, 1.705270665333527859e+03
5.821032177708709908e-05, 2.689262385244749698e+00, 1.608473971888760161e+03
6.123503917247733364e-05, 2.294600046261571880e+00, 1.517210398228071426e+03
6.441692655151768125e-05, 1.957805399076165909e+00, 1.431154803179267219e+03
6.776415076106743183e-05, 1.670395199387706864e+00, 1.350001236045864971e+03
7.128530301265190909e-05, 1.425143339115396479e+00, 1.273471366148961124e+03
7.498942093324550431e-05, 1.215860742221933632e+00, 1.201288820203226351e+03
7.888601176185532765e-05, 1.037283549474402378e+00, 1.133210492298461759e+03
8.298507675144217602e-05, 8.849059952169582299e-01, 1.068994143707971261e+03
8.729713683881113037e-05, 7.548869427946705013e-01, 1.008416559499410823e+03
9.183325964835800334e-05, 6.439486222805468341e-01, 9.512685986284286628e+02
9.660508789898121246e-05, 5.492972497986393643e-01, 8.973599732652826333e+02
1.016248692870694932e-04, 4.685409222923465622e-01, 8.464995222668028418e+02
1.069054879222656676e-04, 3.996387038558544269e-01, 7.985063873149761093e+02
1.124604973966924549e-04, 3.408565360438578495e-01, 7.532263108919898968e+02
1.183041555725163470e-04, 2.907065088653493778e-01, 7.104968472110429047e+02
1.244514611771384207e-04, 2.479268421373360398e-01, 6.701851548943232046e+02
1.309181922999405612e-04, 2.114340798324661763e-01, 6.321492458415550573e+02
1.377209468893944241e-04, 1.803012393451466355e-01, 5.962459247484547404e+02
1.448771853544760326e-04, 1.537452386695808138e-01, 5.623658026871248694e+02
1.524052753797290724e-04, 1.310946683824917025e-01, 5.303967402581108672e+02
1.603245390690039994e-04, 1.117735951197788152e-01, 5.002196221156324896e+02
1.686553025388738941e-04, 9.529457930797796683e-02, 4.717396206841004300e+02
1.774189480890164621e-04, 8.123880705645268596e-02, 4.448521700127874396e+02
1.866379690834667616e-04, 6.925210831516628862e-02, 4.194787711168744408e+02
1.963360276836043495e-04, 5.902976370951146939e-02, 3.955289392427959001e+02
2.065380155810527039e-04, 5.031307168742012170e-02, 3.729266543492274764e+02
2.172701178863743125e-04, 4.288069006700559460e-02, 3.515965753358135544e+02
2.285598803375427502e-04, 3.654253272620126142e-02, 3.314558778844012750e+02
2.404362800006929737e-04, 3.113735069068712322e-02, 3.124322551971448547e+02
2.529297996446142408e-04, 2.653002002545262056e-02, 2.944848830938332185e+02
2.660725059798808335e-04, 2.260106835322677615e-02, 2.775283347611877502e+02
2.798981319634359969e-04, 1.925304449008509791e-02, 2.615379584672579085e+02
2.944421633798757201e-04, 1.639872029890346652e-02, 2.464356253052942520e+02
3.097419299216577857e-04, 1.396639532713608682e-02, 2.321875102721841415e+02
3.258367010020083690e-04, 1.189354677988652652e-02, 2.187398646968327682e+02
3.427677865464497770e-04, 1.012694950824018399e-02, 2.060433659576428340e+02
3.605786430216419711e-04, 8.621017895866493752e-03, 1.940443958439753942e+02
3.793149849736817260e-04, 7.337926514797952354e-03, 1.827167322540080363e+02
3.990249023621416529e-04, 6.244470483154231262e-03, 1.720131046100924550e+02
4.197589839910068955e-04, 5.313020503892586406e-03, 1.619076329179611378e+02
4.415704473533120706e-04, 4.519921639281943883e-03, 1.523757243378873056e+02
4.645152752227491933e-04, 3.844471900512368145e-03, 1.433770044927289575e+02
4.886523593428331686e-04, 3.268751119424461501e-03, 1.348578237482038844e+02
5.140436515824254367e-04, 2.778861332473788175e-03, 1.268270591472840749e+02
5.407543229455804949e-04, 2.361854839096416084e-03, 1.192465826872620909e+02
5.688529308438407088e-04, 2.007027827930698595e-03, 1.120962398813842071e+02
5.984115950603185932e-04, 1.705063274756460790e-03, 1.053458854172004635e+02
6.295061828571967780e-04, 1.447901087917856508e-03, 9.895709562002950577e+01
6.622165037017614837e-04, 1.228956786491252782e-03, 9.291060057860802601e+01
6.966265141107679491e-04, 1.042764764982993678e-03, 8.720242599276609496e+01
7.328245331389029006e-04, 8.844916054039137941e-04, 8.181656245688709816e+01
7.709034690644293083e-04, 7.500194736343049427e-04, 7.673957493788351769e+01
8.109610578538404418e-04, 6.356437187363278042e-04, 7.193605232977057540e+01
8.531001140175886385e-04, 5.384222364415010243e-04, 6.739508601190384240e+01
8.974287945007472294e-04, 4.559746766272809466e-04, 6.312652167974405160e+01
9.440608762859225515e-04, 3.857504186828418394e-04, 5.906309659811391555e+01
9.931160484209324620e-04, 3.260852048569865100e-04, 5.521508075920031189e+01
1.044720219220798265e-03, 2.755214681504669942e-04, 5.159217339375970113e+01
1.099005839432519709e-03, 2.327286971908546615e-04, 4.819164690997912004e+01
1.156112242192098129e-03, 1.963370545215038353e-04, 4.495524237291324710e+01
1.216186000646367902e-03, 1.655236049305994488e-04, 4.190553085849366965e+01
1.279381304157525346e-03, 1.395001201021803738e-04, 3.904880093807600616e+01
1.345860354055946825e-03, 1.173885511024075324e-04, 3.632724858283557978e+01
1.415793779957078133e-03, 9.868927850988749189e-05, 3.376109544849803967e+01
1.489361077710912385e-03, 8.278027763399517026e-05, 3.129965535874041294e+01
1.566751070108147060e-03, 6.933944425282550703e-05, 2.897385168213494921e+01
1.648162391525506785e-03, 5.809346628646928277e-05, 2.682636126231115981e+01
1.733803997754137464e-03, 4.868144390935734905e-05, 2.484305573472254736e+01
1.823895702319638500e-03, 4.068583258126006673e-05, 2.293990209988156082e+01
1.918668740670287148e-03, 3.392136586529329820e-05, 2.112678359710968934e+01
2.018366363681555527e-03, 2.826904940234536683e-05, 1.944695733556560313e+01
2.123244462000214820e-03, 2.347076897105348676e-05, 1.782750053619955821e+01
2.233572222830528409e-03, 1.949127346817555091e-05, 1.634587336582300310e+01
2.349632820848305062e-03, 1.615943335353500125e-05, 1.495909963397653542e+01
2.471724145016129109e-03, 1.335228889303434919e-05, 1.363933317540732126e+01
2.600159563165272119e-03, 1.104241809203222232e-05, 1.244636485170667228e+01
2.735268726306713891e-03, 9.100987208903201349e-06, 1.131413193789139271e+01
2.877398414735666578e-03, 7.462895626766546353e-06, 1.022615591290497861e+01
3.026913428101298334e-03, 6.101215746518130341e-06, 9.210438152582476334e+00
3.184197521726119060e-03, 4.994709014923263893e-06, 8.306276561266532354e+00
3.349654391578272498e-03, 4.065918095785823382e-06, 7.442339119281425219e+00
3.523708710424869068e-03, 3.303663156491259195e-06, 6.652347240161132547e+00
3.706807217825759931e-03, 2.689859256139373211e-06, 5.958210145140279579e+00
3.899419866765435790e-03, 2.179080661013479752e-06, 5.304216668332649043e+00
4.102041029866064330e-03, 1.740920214259322720e-06, 4.645219665552388300e+00
4.315190768277641156e-03, 1.411657870359335972e-06, 4.136113940324492866e+00
4.539416166502023217e-03, 1.138957517117573648e-06, 3.659520805055114678e+00
4.775292736576902328e-03, 9.174827038046716041e-07, 3.229694072462118815e+00
5.023425895223866157e-03, 7.263540584441464299e-07, 2.789785697817408483e+00
5.284452517751802615e-03, 5.767468594525425598e-07, 2.415331434881801798e+00
5.559042572704037122e-03, 4.553010667602184854e-07, 2.073417167823133678e+00
5.847900841444799748e-03, 3.595628364592444713e-07, 1.781385868220446200e+00
6.151768727098664430e-03, 2.822002889002723147e-07, 1.512498791593591241e+00
6.471426157485817530e-03, 2.219873199125768930e-07, 1.284824644674898986e+00
6.807693586937403271e-03, 1.744718239111500280e-07, 1.088094242201284700e+00
7.161434102129013088e-03, 1.396098774850476415e-07, 9.410816038878392353e-01
7.533555637337169958e-03, 1.067830535971996177e-07, 7.611342464180674838e-01
7.925013304804717773e-03, 8.389953795863834407e-08, 6.363200849590795460e-01
8.336811846196331283e-03, 6.390304361811535522e-08, 5.036739102871782281e-01
8.770008211436322587e-03, 5.123666456541853636e-08, 4.327829166316783382e-01
9.225714271547610229e-03, 4.132953755469621618e-08, 3.725755175123999785e-01
9.705099672454878257e-03, 3.163154025470287397e-08, 2.896258648010466286e-01
1.020939483707678647e-02, 2.471985995762163541e-08, 2.305678373891411337e-01
1.073989412341243982e-02, 1.875423351871077619e-08, 1.688337525144144313e-01
1.129795914672797677e-02, 1.462324342041171011e-08, 1.275506427607998039e-01
1.188502227437018832e-02, 1.198594220317912181e-08, 1.080143073053321801e-01
1.250259030217718698e-02, 9.860299991255544484e-09, 9.177795763730887957e-02
1.315224832192234822e-02, 8.081192477044652594e-09, 7.640381873976717642e-02
1.383566378971778053e-02, 6.467148760811867229e-09, 5.974748764257928335e-02
1.455459080581963938e-02, 5.034698179170529084e-09, 4.414497427453385747e-02
1.531087461682028965e-02, 3.740843543363539016e-09, 1.813107208627211947e-02
1.610645635178269836e-02, 3.187369476278047983e-09, 1.709059680140230866e-02
1.694337800447328832e-02, 2.715687091075998423e-09, 1.610919492244608855e-02
1.782378767448087112e-02, 2.285134375251273581e-09, 1.388398088162974726e-02
1.874994508067413454e-02, 1.946840855649353380e-09, 1.308598367133208089e-02
1.972422736114849348e-02, 1.658616337756990414e-09, 1.233467948884684785e-02
2.074913517454906459e-02, 1.412967949356534857e-09, 1.162478811577975953e-02
2.182729911842998943e-02, 1.148863202191722864e-09, 7.081305091343227665e-03
2.296148648112360593e-02, 9.284180161582870875e-10, 2.811012986284736493e-03
2.415460834444940405e-02, 7.908721578530689386e-10, 2.649663566473737727e-03
2.540972705549301297e-02, 5.662475105957369828e-10, 1.297536582891742210e-03
2.673006408663303191e-02, 4.823411673033336642e-10, 1.223135617382340541e-03
2.811900830398933807e-02, 4.108935960648701375e-10, 1.152971795225438698e-03
2.958012466551540251e-02, 3.499802120751219671e-10, 1.086775159083451818e-03
3.111716337106013724e-02, 2.980849841224746890e-10, 1.024338184779437048e-03
3.273406948788379345e-02, 2.538744354388095237e-10, 9.654492094331494851e-04
3.443499307633384604e-02, 2.162120384538600137e-10, 9.099084033964435986e-04
3.622429984166987416e-02, 1.841523334076315311e-10, 8.576344764899837764e-04
3.810658233937726236e-02, 1.568201916236997086e-10, 8.082293567600414745e-04
4.008667176273017496e-02, 2.007394221082325043e-11, 6.738902033266261664e-04
4.216965034285814068e-02, 0.000000000000000000e+00, 0.000000000000000000e+00
4.436086439314318453e-02, 0.000000000000000000e+00, 0.000000000000000000e+00
4.666593803142881497e-02, 0.000000000000000000e+00, 0.000000000000000000e+00
4.909078761526029094e-02, 0.000000000000000000e+00, 0.000000000000000000e+00
5.164163692720710741e-02, 0.000000000000000000e+00, 0.000000000000000000e+00
5.432503314924325144e-02, 0.000000000000000000e+00, 0.000000000000000000e+00
5.714786366718654226e-02, 0.000000000000000000e+00, 0.000000000000000000e+00
6.011737374832767239e-02, 0.000000000000000000e+00, 0.000000000000000000e+00
6.324118513762183591e-02, 0.000000000000000000e+00, 0.000000000000000000e+00
6.652731562017405453e-02, 0.000000000000000000e+00, 0.000000000000000000e+00
6.998419960022730923e-02, 0.000000000000000000e+00, 0.000000000000000000e+00
7.362070974947361457e-02, 0.000000000000000000e+00, 0.000000000000000000e+00
7.744617978025175598e-02, 0.000000000000000000e+00, 0.000000000000000000e+00
8.147042840208371106e-02, 0.000000000000000000e+00, 0.000000000000000000e+00
8.570378452303674399e-02, 0.000000000000000000e+00, 0.000000000000000000e+00
9.015711376059551418e-02, 0.000000000000000000e+00, 0.000000000000000000e+00
9.484184633008958809e-02, 0.000000000000000000e+00, 0.000000000000000000e+00
9.977000638225524964e-02, 0.000000000000000000e+00, 0.000000000000000000e+00
1.049542428652322085e-01, 0.000000000000000000e+00, 0.000000000000000000e+00
1.104078619902073566e-01, 0.000000000000000000e+00, 0.000000000000000000e+00
1.161448613840341398e-01, 0.000000000000000000e+00, 0.000000000000000000e+00
1.221799660164868684e-01, 0.000000000000000000e+00, 0.000000000000000000e+00
1.285286659943612741e-01, 0.000000000000000000e+00, 0.000000000000000000e+00
1.352072563194275101e-01, 0.000000000000000000e+00, 0.000000000000000000e+00
1.422328787122818239e-01, 0.000000000000000000e+00, 0.000000000000000000e+00
1.496235656094432875e-01, 0.000000000000000000e+00, 0.000000000000000000e+00
1.573982864466219878e-01, 0.000000000000000000e+00, 0.000000000000000000e+00
1.655769963469526096e-01, 0.000000000000000000e+00, 0.000000000000000000e+00
1.741806873391609223e-01, 0.000000000000000000e+00, 0.000000000000000000e+00
1.832314422371207341e-01, 0.000000000000000000e+00, 0.000000000000000000e+00
1.927524913190932776e-01, 0.000000000000000000e+00, 0.000000000000000000e+00
2.027682719521279597e-01, 0.000000000000000000e+00, 0.000000000000000000e+00
2.133044913146575072e-01, 0.000000000000000000e+00, 0.000000000000000000e+00
2.243881923782766186e-01, 0.000000000000000000e+00, 0.000000000000000000e+00
2.360478233180573204e-01, 0.000000000000000000e+00, 0.000000000000000000e+00
2.483133105295562693e-01, 0.000000000000000000e+00, 0.000000000000000000e+00
2.612161354399200053e-01, 0.000000000000000000e+00, 0.000000000000000000e+00
2.747894153102391490e-01, 0.000000000000000000e+00, 0.000000000000000000e+00
2.890679882365471687e-01, 0.000000000000000000e+00, 0.000000000000000000e+00
3.040885025676277054e-01, 0.000000000000000000e+00, 0.000000000000000000e+00
3.198895109691397010e-01, 0.000000000000000000e+00, 0.000000000000000000e+00
3.365115693754908155e-01, 0.000000000000000000e+00, 0.000000000000000000e+00
3.539973410834342804e-01, 0.000000000000000000e+00, 0.000000000000000000e+00
3.723917062545675227e-01, 0.000000000000000000e+00, 0.000000000000000000e+00
3.917418771077822437e-01, 0.000000000000000000e+00, 0.000000000000000000e+00
4.120975190973295565e-01, 0.000000000000000000e+00, 0.000000000000000000e+00
4.335108783875284422e-01, 0.000000000000000000e+00, 0.000000000000000000e+00
4.560369159512959736e-01, 0.000000000000000000e+00, 0.000000000000000000e+00
4.797334486366891526e-01, 0.000000000000000000e+00, 0.000000000000000000e+00
5.046612975635276221e-01, 0.000000000000000000e+00, 0.000000000000000000e+00
5.308844442309867961e-01, 0.000000000000000000e+00, 0.000000000000000000e+00
5.584701947368295727e-01, 0.000000000000000000e+00, 0.000000000000000000e+00
5.874893525297757435e-01, 0.000000000000000000e+00, 0.000000000000000000e+00
6.180164001384151895e-01, 0.000000000000000000e+00, 0.000000000000000000e+00
6.501296903430903162e-01, 0.000000000000000000e+00, 0.000000000000000000e+00
6.839116472814292802e-01, 0.000000000000000000e+00, 0.000000000000000000e+00
7.194489780036983362e-01, 0.000000000000000000e+00, 0.000000000000000000e+00
7.568328950209720629e-01, 0.000000000000000000e+00, 0.000000000000000000e+00
7.961593504173167801e-01, 0.000000000000000000e+00, 0.000000000000000000e+00
8.375292821268809362e-01, 0.000000000000000000e+00, 0.000000000000000000e+00
8.810488730080129338e-01, 0.000000000000000000e+00, 0.000000000000000000e+00
9.268298233793484942e-01, 0.000000000000000000e+00, 0.000000000000000000e+00
9.749896377173866702e-01, 0.000000000000000000e+00, 0.000000000000000000e+00
