# M_f [M_sun], P(M_f) [M_sun^-1]
3.554939309087782630e-22, 0.000000000000000000e+00
4.164867986368243590e-22, 0.000000000000000000e+00
4.879443454781822347e-22, 0.000000000000000000e+00
5.716620192126315073e-22, 0.000000000000000000e+00
6.697433165046825470e-22, 0.000000000000000000e+00
7.846526355214260603e-22, 0.000000000000000000e+00
9.192771965891135454e-22, 0.000000000000000000e+00
1.076999586711594898e-21, 0.000000000000000000e+00
1.261782750709730719e-21, 0.000000000000000000e+00
1.478269564475659425e-21, 0.000000000000000000e+00
1.731899492227074708e-21, 0.000000000000000000e+00
2.029045258900605437e-21, 0.000000000000000000e+00
2.377172971725329711e-21, 0.000000000000000000e+00
2.785029714203261248e-21, 0.000000000000000000e+00
3.262863325997498860e-21, 0.000000000000000000e+00
3.822679890934355379e-21, 0.000000000000000000e+00
4.478545402782572019e-21, 0.000000000000000000e+00
5.246939188487060978e-21, 0.000000000000000000e+00
6.147167968996433368e-21, 0.000000000000000000e+00
7.201850961408169007e-21, 0.000000000000000000e+00
8.437488211144998925e-21, 0.000000000000000000e+00
9.885126434120334154e-21, 7.324656182636447000e+15
1.158113909889358002e-20, 5.596027755110802000e+15
1.356814034921921673e-20, 4.275357894641644500e+15
1.589605573027771623e-20, 3.266367846474825500e+15
1.862337662173687523e-20, 2.495500767750097500e+15
2.181862989662507000e-20, 5.295481662718557000e+15
2.556209973277687262e-20, 4.045741072666562500e+15
2.994784483921711958e-20, 5.309468085707772000e+15
3.508606178246820418e-20, 4.056426681559430000e+15
4.110585379389697468e-20, 3.099104685676606500e+15
4.815847462736724022e-20, 3.848656573703153500e+15
5.642112897261175748e-20, 2.940368594690866000e+15
6.610142491380065642e-20, 2.246437765249975500e+15
7.744259030612173168e-20, 1.716275518060300000e+15
9.072958413744709407e-20, 2.051566626900531000e+15
1.062962564296273862e-19, 2.840822868938336000e+15
1.245337365796392977e-19, 6.164232547826528000e+15
1.459002609066893339e-19, 6.125680340292867000e+15
1.709326863329692882e-19, 6.762537689857147000e+15
2.002599794916861493e-19, 5.501889302477164000e+15
2.346190201907295332e-19, 6.028465084894481000e+15
2.748731163110049905e-19, 8.161774281903734000e+15
3.220336953461912371e-19, 1.561431480133222000e+16
3.772857176071966462e-19, 1.744830996939799040e+18
4.420174496254335417e-19, 1.333048602335660800e+18
5.178553458437248030e-19, 1.018447390782093440e+18
6.067049150348568050e-19, 7.780924761284037120e+17
7.107985982605515872e-19, 5.944616353159941120e+17
8.327518613560927099e-19, 4.541679128179185920e+17
9.756289113246611492e-19, 3.469836920993897600e+17
1.143019687836545591e-18, 2.650950874884747200e+17
1.339130064327491740e-18, 2.025323005393361280e+17
1.568887525095887845e-18, 1.547344130378852160e+17
1.838064973649593682e-18, 1.182168894266267200e+17
2.153425783120427356e-18, 9.031754909158822400e+16
2.522893733294045941e-18, 6.900248952138373600e+16
2.955752104106024924e-18, 5.271781185426486400e+16
3.462876928042592619e-18, 4.027633938976080000e+16
4.057010262163551902e-18, 3.077107067955774000e+16
4.753080346001232680e-18, 2.350905780198710800e+16
5.568576689647165650e-18, 1.796088945011356600e+16
6.523989516518419787e-18, 1.372209607702497000e+16
7.643324602276253526e-18, 1.048366347725132600e+16
8.954706445778864130e-18, 8.009505201488326000e+15
1.049108492738794133e-17, 6.119251510874323000e+15
1.229106321017912490e-17, 4.675100160541702000e+15
1.439986768596596156e-17, 3.571770415426889500e+15
1.687048433707514473e-17, 2.728827931472698000e+15
1.976499006618515979e-17, 2.084820974893362750e+15
2.315611244532450716e-17, 1.592800501352828500e+15
2.712905707440121844e-17, 1.216897502309331250e+15
3.178364846361432647e-17, 9.297081020937357500e+14
3.723683823172148955e-17, 7.102957754933522500e+14
4.362564364134417995e-17, 5.426650445957236875e+14
5.111059030517391504e-17, 4.145953851711102500e+14
5.987974556477713349e-17, 3.167503326720391875e+14
7.015344388498441742e-17, 2.419968403807469688e+14
8.218982299448246298e-17, 1.848852699229820312e+14
9.629130987410051721e-17, 1.412521046998491562e+14
1.128122195602306520e-16, 1.079164234687199531e+14
1.321676576914936317e-16, 8.244800655556235938e+13
1.548439504847211017e-16, 6.299016930408543750e+13
1.814108642046238339e-16, 4.812440706232771094e+13
2.125359211544772699e-16, 3.676698412922679688e+13
2.490011718924986992e-16, 2.808992784488814844e+13
2.917228450939035525e-16, 2.146066817875865625e+13
3.417743687825801351e-16, 1.639592245384138281e+13
4.004133413656054675e-16, 1.252646333623759375e+13
4.691131301468769991e-16, 9.570201625181587891e+12
5.495998912665211303e-16, 7.311621539790277344e+12
6.438959412319121213e-16, 5.586069305003886719e+12
7.543705697967002551e-16, 4.267749651768986328e+12
8.837995709161229663e-16, 3.260555158859008301e+12
1.035434987557938712e-15, 2.491059882004906250e+12
1.213086822782425552e-15, 1.903166495703686279e+12
1.421218770170270965e-15, 1.454016716552743164e+12
1.665060368928408994e-15, 1.110866872019580078e+12
1.950738401691563623e-15, 8.487008390634327393e+11
2.285430836530691886e-15, 6.484063323604799805e+11
2.677547181126970641e-15, 4.953815908902922974e+11
3.136939780704104200e-15, 3.784708883079904785e+11
3.675151368806934184e-15, 2.891512642591538696e+11
4.305705090906085245e-15, 2.209111881668119812e+11
5.044444287983953543e-15, 1.687758591763716736e+11
5.909930577530328216e-15, 1.289445359336579742e+11
6.923910234161186932e-15, 9.851345700910551453e+10
8.111860588175597371e-15, 7.526415246380064392e+10
9.503630170902745736e-15, 5.750171416246864319e+10
1.113418869117993458e-14, 4.393123450386992645e+10
1.304450568692773882e-14, 3.356340577223517227e+10
1.528257992888903767e-14, 2.564239816507956696e+10
1.790464544140884680e-14, 1.959075870066819763e+10
2.097658444282498875e-14, 1.496731405530043411e+10
2.457558270711805719e-14, 1.143500838598727036e+10
2.879206893956380988e-14, 8.736331468991477966e+09
3.373198689528892016e-14, 6.674545829771265984e+09
3.951945733015404868e-14, 5.099344294780934334e+09
4.629989666834555381e-14, 3.895892379782501698e+09
5.424367074655676216e-14, 2.976456688829915047e+09
6.355037543901280041e-14, 2.274009022029231071e+09
7.445385171865133341e-14, 1.737339922222476959e+09
8.722806116326921614e-14, 1.327325431037447453e+09
1.021939695350504780e-13, 1.014074895386616945e+09
1.197276113908228647e-13, 7.747518953581823111e+08
1.402695383550534565e-13, 5.919094359714437723e+08
1.643358884536128603e-13, 4.522180358527004123e+08
1.925313546372367750e-13, 3.454939886451483369e+08
2.255643783427914986e-13, 2.639569559954797029e+08
2.642649498469248929e-13, 2.016627695654647946e+08
3.096054626651536335e-13, 1.540700925097430944e+08
3.627251459856035670e-13, 1.177093494109476358e+08
4.249586890286010331e-13, 8.992978918262416124e+07
4.978697765499685977e-13, 6.870624145747816563e+07
5.832903781036313840e-13, 5.249147872043892741e+07
6.833667782485480914e-13, 4.010342117118386924e+07
8.006135042584769108e-13, 3.063896138645322621e+07
9.379765063263084318e-13, 2.340812647463360429e+07
1.098907177733620883e-12, 1.788377804786524922e+07
1.287449074821890004e-12, 1.366318306644025818e+07
1.508339515697955710e-12, 1.043865401412451454e+07
1.767128610450621027e-12, 7.975118030456659384e+06
2.070318713640647402e-12, 6.092979757127145305e+06
2.425527802958077446e-12, 4.655028574998474680e+06
2.841680889111551975e-12, 3.556435750291980337e+06
3.329234266329045287e-12, 2.717112267341771163e+06
3.900438238005257590e-12, 2.075870222801875789e+06
4.569644918760408134e-12, 1.585962138447579229e+06
5.353668846768369621e-12, 1.211673001982875634e+06
6.272209467127062636e-12, 9.257165906692456920e+05
7.348346101620664173e-12, 7.072462659792785998e+05
8.609117841521512969e-12, 5.403352233106396161e+05
1.008620293386256217e-11, 4.128154047528245137e+05
1.181671473149198844e-11, 3.153904299577106722e+05
1.384413420601148128e-11, 2.409578764834811736e+05
1.621940245398964309e-11, 1.840915028627020365e+05
1.900220064684535723e-11, 1.406456677027179103e+05
2.226244958451911904e-11, 1.074531063951194083e+05
2.608206653083284003e-11, 8.209403291657684895e+04
3.055702347291745383e-11, 6.271973390630695940e+04
3.579975852069152363e-11, 4.791779477170305472e+04
4.194200103539933424e-11, 3.660913260909351811e+04
4.913808147160267494e-11, 2.796932948971260703e+04
5.756880909596944173e-11, 2.136853119294596399e+04
6.744601501471849372e-11, 1.632552991704186206e+04
7.901787465817365748e-11, 1.247268353007860242e+04
9.257514345558095331e-11, 9.529113923530330794e+03
1.084584623782321578e-10, 7.280230589402872283e+03
1.270669169105270310e-10, 5.562086659914869415e+03
1.488680645023350689e-10, 4.249426942250261163e+03
1.744096824531938844e-10, 3.246556632722220911e+03
2.043335314065755398e-10, 2.480365026323087022e+03
2.393914802768297581e-10, 1.894995639933794337e+03
2.804643977649551806e-10, 1.447774193418391405e+03
3.285842851328589352e-10, 1.106097592499738994e+03
3.849602063458864622e-10, 8.450571157405303211e+02
4.510086671063629299e-10, 6.456225325016880561e+02
5.283892060840569477e-10, 4.932547714347384726e+02
6.190460926115560205e-10, 3.768460010222771075e+02
7.252571785440163173e-10, 2.879098524955089715e+02
8.496911317388502362e-10, 2.199627512010824546e+02
9.954744892081493267e-10, 1.680512545735266485e+02
1.166270214726448448e-09, 1.283909389636566232e+02
1.366369734738289428e-09, 9.809050964720536570e+01
1.600800765066854691e-09, 7.494102123181825448e+01
1.875453637685745777e-09, 5.725484232335034562e+01
2.197229301650036782e-09, 4.374262474127997535e+01
2.574212716869338996e-09, 3.341930816000319027e+01
3.015875997428001928e-09, 2.553230777757329051e+01
3.533316408647045077e-09, 1.950664978842785757e+01
4.139535197820245990e-09, 1.490305495622291510e+01
4.849764264546636664e-09, 1.138591451823572243e+01
5.681848878603233730e-09, 8.698823818162122024e+00
6.656696061556467092e-09, 6.645890033535011732e+00
7.798799898182857864e-09, 5.077451303890402556e+00
9.136856976714022134e-09, 3.879166163341623896e+00
1.070448742150435761e-08, 2.963677881319044083e+00
1.254107963484337046e-08, 2.264246029784273251e+00
1.469277997296015627e-08, 1.729881008901026584e+00
1.721365222289457542e-08, 1.321626831003666735e+00
2.016703601333963015e-08, 1.009721172405065204e+00
2.362713829099000118e-08, 7.714256566876783738e-01
2.768089784995247636e-08, 5.893681939723467433e-01
3.243016976252675725e-08, 4.502765302850924578e-01
3.799428459753194850e-08, 3.440106809277445055e-01
4.451304672929294335e-08, 2.628237108370735653e-01
5.215024707302747141e-08, 2.007969717448354896e-01
6.109777850789253333e-08, 1.534086241058005562e-01
7.158045739212245458e-08, 1.172039884144321087e-01
8.386167231601665177e-08, 8.954369404145491596e-02
9.825000202377754192e-08, 6.841126527399278567e-02
1.151069687866058048e-07, 5.226611730159270996e-02
1.348561220388992395e-07, 3.993124534158191269e-02
1.579936805136920602e-07, 3.050741927755578828e-02
1.851010002724404292e-07, 2.330762847527348414e-02
2.168591819018276323e-07, 1.780699770763773115e-02
2.540661838991262367e-07, 1.360452298680694949e-02
2.976568722383458751e-07, 1.039383778991413189e-02
3.487265098841028302e-07, 7.940878493704738722e-03
4.085582764525233750e-07, 6.066820795776839068e-03
4.786555094802828620e-07, 4.635043162699097399e-03
5.607794773983806434e-07, 3.541166921402813961e-03
6.569936332972589126e-07, 2.705446902016587531e-03
7.697154614067526183e-07, 2.066957898932259702e-03
9.017772189895008571e-07, 1.579153134653634620e-03
1.056497099853249245e-06, 1.206470931979113960e-03
1.237762607541896761e-06, 9.217422159819949013e-04
1.450128233046472805e-06, 7.042098489100668277e-04
1.698929891293638432e-06, 5.380107812652226620e-04
1.990418991751685834e-06, 4.110395340666161057e-04
2.331919511822318867e-06, 3.140336670733209724e-04
2.732012019656224729e-06, 2.399213114121892575e-04
3.200749270163831329e-06, 1.832995685023317933e-04
3.749908791302991839e-06, 1.400384917758788522e-04
4.393288807145992575e-06, 1.069873918595931655e-04
5.147054933111502699e-06, 8.173822761981168017e-05
6.030146354452266775e-06, 6.244789912437820226e-05
7.064751693670376281e-06, 4.771011335341576064e-05
8.276866523540982274e-06, 3.644952949483440814e-05
9.696946533859272140e-06, 2.784739291891311709e-05
1.136067276342852149e-05, 2.127537181214455154e-05
1.330984812456625985e-05, 1.625374461641474288e-05
1.559344774627215830e-05, 1.241678756267984373e-05
1.826884952705988956e-05, 9.484559844504540494e-06
2.140327581641746703e-05, 7.244317531286971796e-06
2.507548244869502754e-05, 5.533317271208764504e-06
2.937773756821394599e-05, 4.226637302490312123e-06
3.441813996570822800e-05, 3.228653087954612349e-06
4.032333517679733450e-05, 2.463629728745270685e-06
4.724169758738698836e-05, 1.879580647965810860e-06
