# Columns: R_MC [pc], P(R_MC) [1/pc], Cross-section weighted P(R_MC) [1/pc]
1.025651926251407861e-11, 0.000000000000000000e+00, 0.000000000000000000e+00
1.078946722229829815e-11, 0.000000000000000000e+00, 0.000000000000000000e+00
1.135010815672316663e-11, 0.000000000000000000e+00, 0.000000000000000000e+00
1.193988104464273125e-11, 0.000000000000000000e+00, 0.000000000000000000e+00
1.256029963694872804e-11, 0.000000000000000000e+00, 0.000000000000000000e+00
1.321295634186573788e-11, 0.000000000000000000e+00, 0.000000000000000000e+00
1.389952631213352601e-11, 0.000000000000000000e+00, 0.000000000000000000e+00
1.462177174456718478e-11, 0.000000000000000000e+00, 0.000000000000000000e+00
1.538154640303035716e-11, 0.000000000000000000e+00, 0.000000000000000000e+00
1.618080037643067682e-11, 0.000000000000000000e+00, 0.000000000000000000e+00
1.702158508394953640e-11, 0.000000000000000000e+00, 0.000000000000000000e+00
1.790605854035294846e-11, 0.000000000000000000e+00, 0.000000000000000000e+00
1.883649089489798225e-11, 0.000000000000000000e+00, 0.000000000000000000e+00
1.981527025805096908e-11, 0.000000000000000000e+00, 0.000000000000000000e+00
2.084490883097288542e-11, 0.000000000000000000e+00, 0.000000000000000000e+00
2.192804935350449494e-11, 0.000000000000000000e+00, 0.000000000000000000e+00
2.306747188720071646e-11, 0.000000000000000000e+00, 0.000000000000000000e+00
2.426610095082419209e-11, 0.000000000000000000e+00, 0.000000000000000000e+00
2.552701302661247069e-11, 0.000000000000000000e+00, 0.000000000000000000e+00
2.685344445658503549e-11, 0.000000000000000000e+00, 0.000000000000000000e+00
2.824879974915704763e-11, 0.000000000000000000e+00, 0.000000000000000000e+00
2.971666031738025020e-11, 0.000000000000000000e+00, 0.000000000000000000e+00
3.126079367123955679e-11, 0.000000000000000000e+00, 0.000000000000000000e+00
3.288516308759833167e-11, 0.000000000000000000e+00, 0.000000000000000000e+00
3.459393778261224212e-11, 0.000000000000000000e+00, 0.000000000000000000e+00
3.639150361272071167e-11, 0.000000000000000000e+00, 0.000000000000000000e+00
3.828247433168220594e-11, 0.000000000000000000e+00, 0.000000000000000000e+00
4.027170343254586841e-11, 0.000000000000000000e+00, 0.000000000000000000e+00
4.236429660495408969e-11, 0.000000000000000000e+00, 0.000000000000000000e+00
4.456562483975033441e-11, 0.000000000000000000e+00, 0.000000000000000000e+00
4.688133821452655254e-11, 0.000000000000000000e+00, 0.000000000000000000e+00
4.931738039549364670e-11, 0.000000000000000000e+00, 0.000000000000000000e+00
5.188000389289609384e-11, 0.000000000000000000e+00, 0.000000000000000000e+00
5.457578610912699557e-11, 0.000000000000000000e+00, 0.000000000000000000e+00
5.741164622073268011e-11, 0.000000000000000000e+00, 0.000000000000000000e+00
6.039486293763794275e-11, 0.000000000000000000e+00, 0.000000000000000000e+00
6.353309318517436562e-11, 0.000000000000000000e+00, 0.000000000000000000e+00
6.683439175686149603e-11, 0.000000000000000000e+00, 0.000000000000000000e+00
7.030723198838341702e-11, 0.000000000000000000e+00, 0.000000000000000000e+00
7.396052750582374558e-11, 0.000000000000000000e+00, 0.000000000000000000e+00
7.780365510398024982e-11, 0.000000000000000000e+00, 0.000000000000000000e+00
8.184647881347885976e-11, 0.000000000000000000e+00, 0.000000000000000000e+00
8.609937521845998927e-11, 0.000000000000000000e+00, 0.000000000000000000e+00
9.057326008981998694e-11, 0.000000000000000000e+00, 0.000000000000000000e+00
9.527961640236521090e-11, 0.000000000000000000e+00, 0.000000000000000000e+00
1.002305238077900488e-10, 0.000000000000000000e+00, 0.000000000000000000e+00
1.054386896391260237e-10, 0.000000000000000000e+00, 0.000000000000000000e+00
1.109174815262403146e-10, 0.000000000000000000e+00, 0.000000000000000000e+00
1.166809617060962959e-10, 0.000000000000000000e+00, 0.000000000000000000e+00
1.227439231158405997e-10, 0.000000000000000000e+00, 0.000000000000000000e+00
1.291219273613533562e-10, 0.000000000000000000e+00, 0.000000000000000000e+00
1.358313446587154174e-10, 0.000000000000000000e+00, 0.000000000000000000e+00
1.428893958511103824e-10, 0.000000000000000000e+00, 0.000000000000000000e+00
1.503141966090024084e-10, 0.000000000000000000e+00, 0.000000000000000000e+00
1.581248039270385857e-10, 0.000000000000000000e+00, 0.000000000000000000e+00
1.663412650370169698e-10, 0.000000000000000000e+00, 0.000000000000000000e+00
1.749846688624654551e-10, 0.000000000000000000e+00, 0.000000000000000000e+00
1.840772001468954491e-10, 0.000000000000000000e+00, 0.000000000000000000e+00
1.936421963946606826e-10, 0.000000000000000000e+00, 0.000000000000000000e+00
2.037042077705718970e-10, 0.000000000000000000e+00, 0.000000000000000000e+00
2.142890601120060623e-10, 0.000000000000000000e+00, 0.000000000000000000e+00
2.254239212152432687e-10, 0.000000000000000000e+00, 0.000000000000000000e+00
2.371373705661655168e-10, 0.000000000000000000e+00, 0.000000000000000000e+00
2.494594726942950709e-10, 0.000000000000000000e+00, 0.000000000000000000e+00
2.624218543384439019e-10, 0.000000000000000000e+00, 0.000000000000000000e+00
2.760577856220344782e-10, 0.000000000000000000e+00, 0.000000000000000000e+00
2.904022654464451017e-10, 0.000000000000000000e+00, 0.000000000000000000e+00
3.054921113215515548e-10, 0.000000000000000000e+00, 0.000000000000000000e+00
3.213660538640321425e-10, 0.000000000000000000e+00, 0.000000000000000000e+00
3.380648362059815113e-10, 0.000000000000000000e+00, 0.000000000000000000e+00
3.556313185689847556e-10, 0.000000000000000000e+00, 0.000000000000000000e+00
3.741105882720528966e-10, 0.000000000000000000e+00, 0.000000000000000000e+00
3.935500754557772142e-10, 0.000000000000000000e+00, 0.000000000000000000e+00
4.139996748197304272e-10, 0.000000000000000000e+00, 0.000000000000000000e+00
4.355118736855688095e-10, 0.000000000000000000e+00, 0.000000000000000000e+00
4.581418867145339649e-10, 0.000000000000000000e+00, 0.000000000000000000e+00
4.819477976251271319e-10, 0.000000000000000000e+00, 0.000000000000000000e+00
5.069907082747033666e-10, 0.000000000000000000e+00, 0.000000000000000000e+00
5.333348954876202279e-10, 0.000000000000000000e+00, 0.000000000000000000e+00
5.610479760324701077e-10, 0.000000000000000000e+00, 0.000000000000000000e+00
5.902010801718442306e-10, 0.000000000000000000e+00, 0.000000000000000000e+00
6.208690342300637909e-10, 0.000000000000000000e+00, 0.000000000000000000e+00
6.531305526474729939e-10, 0.000000000000000000e+00, 0.000000000000000000e+00
6.870684400142317101e-10, 0.000000000000000000e+00, 0.000000000000000000e+00
7.227698036021688210e-10, 0.000000000000000000e+00, 0.000000000000000000e+00
7.603262769401807175e-10, 0.000000000000000000e+00, 0.000000000000000000e+00
7.998342550070276743e-10, 0.000000000000000000e+00, 0.000000000000000000e+00
8.413951416451946904e-10, 0.000000000000000000e+00, 0.000000000000000000e+00
8.851156098308355951e-10, 0.000000000000000000e+00, 0.000000000000000000e+00
9.311078754678309670e-10, 0.000000000000000000e+00, 0.000000000000000000e+00
9.794899854086980821e-10, 0.000000000000000000e+00, 0.000000000000000000e+00
1.030386120441616095e-09, 0.000000000000000000e+00, 0.000000000000000000e+00
1.083926914021204014e-09, 0.000000000000000000e+00, 0.000000000000000000e+00
1.140249787561167319e-09, 0.000000000000000000e+00, 0.000000000000000000e+00
1.199499303149378128e-09, 0.000000000000000000e+00, 0.000000000000000000e+00
1.261827534590670558e-09, 0.000000000000000000e+00, 0.000000000000000000e+00
1.327394457729740273e-09, 0.000000000000000000e+00, 0.000000000000000000e+00
1.396368361055936317e-09, 0.000000000000000000e+00, 0.000000000000000000e+00
1.468926277643866174e-09, 0.000000000000000000e+00, 0.000000000000000000e+00
1.545254439538414134e-09, 0.000000000000000000e+00, 0.000000000000000000e+00
1.625548755750481709e-09, 0.000000000000000000e+00, 0.000000000000000000e+00
1.710015315090286320e-09, 0.000000000000000000e+00, 0.000000000000000000e+00
1.798870915128787322e-09, 0.000000000000000000e+00, 0.000000000000000000e+00
1.892343618644975688e-09, 0.000000000000000000e+00, 0.000000000000000000e+00
1.990673338987188583e-09, 0.000000000000000000e+00, 0.000000000000000000e+00
2.094112455850895670e-09, 0.000000000000000000e+00, 0.000000000000000000e+00
2.202926463053456075e-09, 0.000000000000000000e+00, 0.000000000000000000e+00
2.317394649968475145e-09, 0.000000000000000000e+00, 0.000000000000000000e+00
2.437810818368750009e-09, 0.000000000000000000e+00, 0.000000000000000000e+00
2.564484036517716058e-09, 0.000000000000000000e+00, 0.000000000000000000e+00
2.697739432444920460e-09, 0.000000000000000000e+00, 0.000000000000000000e+00
2.837919028441557893e-09, 0.000000000000000000e+00, 0.000000000000000000e+00
2.985382618917963357e-09, 0.000000000000000000e+00, 0.000000000000000000e+00
3.140508693876216431e-09, 0.000000000000000000e+00, 0.000000000000000000e+00
3.303695410368142213e-09, 0.000000000000000000e+00, 0.000000000000000000e+00
3.475361614432053799e-09, 0.000000000000000000e+00, 0.000000000000000000e+00
3.655947916131246718e-09, 0.000000000000000000e+00, 0.000000000000000000e+00
3.845917820453534961e-09, 0.000000000000000000e+00, 0.000000000000000000e+00
4.045758916974428963e-09, 0.000000000000000000e+00, 0.000000000000000000e+00
4.255984131337434845e-09, 0.000000000000000000e+00, 0.000000000000000000e+00
4.477133041763623226e-09, 0.000000000000000000e+00, 0.000000000000000000e+00
4.709773263969519825e-09, 0.000000000000000000e+00, 0.000000000000000000e+00
4.954501908047895353e-09, 0.000000000000000000e+00, 0.000000000000000000e+00
5.211947111050799924e-09, 0.000000000000000000e+00, 0.000000000000000000e+00
5.482769649208535777e-09, 0.000000000000000000e+00, 0.000000000000000000e+00
5.767664633922509555e-09, 0.000000000000000000e+00, 0.000000000000000000e+00
6.067363295885059185e-09, 0.000000000000000000e+00, 0.000000000000000000e+00
6.382634861905482558e-09, 0.000000000000000000e+00, 0.000000000000000000e+00
6.714288529259509001e-09, 0.000000000000000000e+00, 0.000000000000000000e+00
7.063175542629608811e-09, 0.000000000000000000e+00, 0.000000000000000000e+00
7.430191378967006415e-09, 3.029227708275265286e+03, 2.158143115842670934e+00
7.816278045883292923e-09, 5.365925955072098986e+03, 4.040142467863037545e+00
8.222426499470713005e-09, 1.239929221196083927e+04, 9.868400544365249161e+00
8.649679187756937814e-09, 1.553932460367013846e+04, 1.307609320881765846e+01
9.099132726322508595e-09, 2.536003040684494044e+04, 2.256803880943558838e+01
9.571940712948442686e-09, 3.262812557101873972e+04, 3.071430692749297364e+01
1.006931668851804562e-08, 4.502242160565317317e+04, 4.484279230578357556e+01
1.059253725177287621e-08, 5.440730262439290527e+04, 5.735235575606467506e+01
1.114294533591729230e-08, 6.174791718984427280e+04, 6.890745903444481257e+01
1.172195365548130236e-08, 6.557860654995280493e+04, 7.749615959660070530e+01
1.233104833228909634e-08, 5.955736796914572187e+04, 7.455152323017748017e+01
1.297179270983955861e-08, 6.743780638404641650e+04, 8.944607297549229941e+01
1.364583136588923983e-08, 8.895960925197873439e+04, 1.250622538207270367e+02
1.435489433353654691e-08, 9.981967517486373254e+04, 1.487883144978082726e+02
1.510080154164146180e-08, 1.150834201685952430e+05, 1.819422541682143049e+02
1.588546748597777465e-08, 1.253803704098886228e+05, 2.103161059253568226e+02
1.671090614310706979e-08, 1.358547612715661817e+05, 2.418796338051514283e+02
1.757923613958693077e-08, 1.563926282860479259e+05, 2.956560443809527214e+02
1.849268618978079709e-08, 1.764527726081920264e+05, 3.543357407564676578e+02
1.945360081622663184e-08, 2.000100472268589365e+05, 4.268051123200056054e+02
2.046444636724671542e-08, 2.252286814236285281e+05, 5.109443198905892700e+02
2.152781734724369502e-08, 2.592558703962436994e+05, 6.255135824805530547e+02
2.264644307593057319e-08, 2.743737392156801070e+05, 7.043695340592415732e+02
2.382319469358689039e-08, 3.054804547968473053e+05, 8.348113591177216222e+02
2.506109253032113907e-08, 3.539312857222010498e+05, 1.030085279257657703e+03
2.636331385825381413e-08, 3.874047943515515071e+05, 1.201368566542343615e+03
2.773320104651840969e-08, 4.284924050136459409e+05, 1.416525708371716973e+03
2.917427014001165809e-08, 4.760897235559347318e+05, 1.678643226152193620e+03
3.069021988391154998e-08, 5.175078833513887366e+05, 1.947144241705729883e+03
3.228494121712631338e-08, 5.725670730251965579e+05, 2.300103390469146689e+03
3.396252725904081622e-08, 6.353268171902095200e+05, 2.726409763723616379e+03
3.572728381519288657e-08, 7.027290294587218668e+05, 3.223239643547008654e+03
3.758374042884442742e-08, 7.813465511099600699e+05, 3.832670547126346719e+03
3.953666200681278862e-08, 8.801833452959891874e+05, 4.619879868390167758e+03
4.159106104940218542e-08, 9.540903517481633462e+05, 5.361638964393530841e+03
4.375221051582515913e-08, 1.057081005702865310e+06, 6.363873464197573412e+03
4.602565735813553354e-08, 1.181727707252050750e+06, 7.625954695401826029e+03
4.841723675840988696e-08, 1.314745143700644141e+06, 9.100047128306950981e+03
5.093308710571952695e-08, 1.436932607056777226e+06, 1.067403390929803027e+04
5.357966575133417533e-08, 1.566442158467529342e+06, 1.249580769799552036e+04
5.636376558259543076e-08, 1.720976149655934656e+06, 1.475206516216604905e+04
5.929253245799994260e-08, 1.856636412688382436e+06, 1.711217670232558885e+04
6.237348354824184070e-08, 2.014914123474013759e+06, 1.998065240361227552e+04
6.561452663029043443e-08, 2.188570077651507221e+06, 2.336491322703213518e+04
6.902398038402412175e-08, 2.333073326330469456e+06, 2.683241513651432251e+04
7.261059574351543687e-08, 2.480303599741482176e+06, 3.074976550730151575e+04
7.638357835776907026e-08, 2.598572874869734515e+06, 3.475008627790263563e+04
8.035261221856177783e-08, 2.719953759702763520e+06, 3.925953133483949205e+04
8.452788451602899226e-08, 2.812248331903669052e+06, 4.384077618660477310e+04
8.892011178579481813e-08, 2.904334679252833128e+06, 4.893166715053250664e+04
9.354056741475511679e-08, 2.985705754860050511e+06, 5.439838846006066160e+04
9.840111057611325498e-08, 3.043072517899082508e+06, 5.999604634032324975e+04
1.035142166679343147e-07, 3.078942247087520082e+06, 6.572902499198916485e+04
1.088930093333433319e-07, 3.095791304846028797e+06, 7.160522514174463868e+04
1.145512941445534903e-07, 3.084953147696761414e+06, 7.735863697880244581e+04
1.205035940371795992e-07, 3.083516650647297502e+06, 8.388049004727444844e+04
1.267651865857844781e-07, 3.031554869272665121e+06, 8.951562839285525843e+04
1.333521432163324045e-07, 2.993585591858023778e+06, 9.600747766875552770e+04
1.402813704561957486e-07, 2.923888842384265270e+06, 1.019088555448680272e+05
1.475706533275893077e-07, 2.845656842022932600e+06, 1.078512844363390905e+05
1.552387009958081715e-07, 2.759089639578519855e+06, 1.137759415545557422e+05
1.633051947894334705e-07, 2.663600847248393111e+06, 1.195753202541005012e+05
1.717908387157587761e-07, 2.565987544201590586e+06, 1.254747435953714885e+05
1.807174126010925653e-07, 2.445553550806416199e+06, 1.303302863391812280e+05
1.901078279923299666e-07, 2.331636223603284918e+06, 1.354963769270525081e+05
1.999861869632742842e-07, 2.225131559055453166e+06, 1.410745745116444305e+05
2.103778439766472978e-07, 2.115645056021179073e+06, 1.464146326262879302e+05
2.213094709605636295e-07, 2.011125900355463848e+06, 1.520011570727780927e+05
2.328091257665007940e-07, 1.912985096273471601e+06, 1.579782565289923514e+05
2.449063241844743992e-07, 1.811588634167058393e+06, 1.635423613936770707e+05
2.576321157002572855e-07, 1.716135641698338091e+06, 1.694371909513172577e+05
2.710191631890842058e-07, 1.613892516317612957e+06, 1.743469338468800997e+05
2.851018267503907082e-07, 1.525344037995240884e+06, 1.803768479837445193e+05
2.999162518987646980e-07, 1.441023207983757136e+06, 1.866132655197290005e+05
3.155004623374623941e-07, 1.350363947527652141e+06, 1.915846767606687499e+05
3.318944575526103405e-07, 1.269033170020988211e+06, 1.973311927644840907e+05
3.491403154785858900e-07, 1.189709801894572563e+06, 2.028363017031658383e+05
3.672823004980842474e-07, 1.112175994696992682e+06, 2.079810350544658722e+05
3.863669770540689493e-07, 1.033682902717010467e+06, 2.121004184748993721e+05
4.064433291652127549e-07, 9.555951884776003426e+05, 2.152213157504808041e+05
4.275628861515860074e-07, 8.746548683337592520e+05, 2.162983331165789277e+05
4.497798548932875053e-07, 8.004844508958181832e+05, 2.174289564051852503e+05
4.731512589614802628e-07, 7.262412123403557343e+05, 2.167361171521903307e+05
4.977370849789355307e-07, 6.577654166542672319e+05, 2.157447942617450899e+05
5.236004365857494849e-07, 5.917647991784902988e+05, 2.133857738953777298e+05
5.508076964054029391e-07, 5.288565498036156641e+05, 2.097126857471490803e+05
5.794286964268809173e-07, 4.722113920397561160e+05, 2.059740831721739669e+05
6.095368972401687385e-07, 4.195700680252861930e+05, 2.013651178012306627e+05
6.412095765851608593e-07, 3.707487982335421839e+05, 1.958272157088158710e+05
6.745280276979215670e-07, 3.261903793122298666e+05, 1.896634542502142722e+05
7.095777679633887827e-07, 2.863922723313110764e+05, 1.833557409873740398e+05
7.464487584100661313e-07, 2.510879084256042552e+05, 1.770423573515210301e+05
7.852356346100710336e-07, 2.196443794655056845e+05, 1.706016329345120757e+05
8.260379495771783370e-07, 1.916869814348154468e+05, 1.640427901916466653e+05
8.689604292863010418e-07, 1.664032367006978893e+05, 1.569328242449408863e+05
9.141132414702490036e-07, 1.438777965049270424e+05, 1.495601109643259842e+05
9.616122783836638888e-07, 1.242404523895310558e+05, 1.423751009722736198e+05
1.011579454259898283e-06, 1.072151545425420627e+05, 1.354727439322180289e+05
1.064143018224315170e-06, 9.241380763679507072e+04, 1.287744906883223739e+05
1.119437883467150232e-06, 7.946575420722733543e+04, 1.221348501196961151e+05
1.177605973520806597e-06, 6.826211056065850426e+04, 1.157370279574640590e+05
1.238796586530369050e-06, 5.856382820506783173e+04, 1.095515716986754414e+05
1.303166778452298707e-06, 5.016744930027604278e+04, 1.035543776266875939e+05
1.370881766164852098e-06, 4.295336556501290033e+04, 9.784958913290106284e+04
1.442115351524868011e-06, 3.678538679653921281e+04, 9.249281823229517613e+04
1.517050367459335277e-06, 3.149596363111734900e+04, 8.742014203594540595e+04
1.595879147236730565e-06, 2.693188282815459752e+04, 8.252735400630586082e+04
1.678804018122558985e-06, 2.305757282437241156e+04, 7.801314585012721363e+04
1.766037820686164116e-06, 1.971827951583835966e+04, 7.367029944999955478e+04
1.857804455091697021e-06, 1.685268171531201369e+04, 6.953537043599181925e+04
1.954339455775392327e-06, 1.440353255817696845e+04, 6.563888956347020576e+04
2.055890595984140433e-06, 1.231031082524792691e+04, 6.196648603658350476e+04
2.162718523727020259e-06, 1.052129066269816030e+04, 5.850471398801784380e+04
2.275097430772069504e-06, 8.992263378268553424e+03, 5.524098761009403097e+04
2.393315756405384890e-06, 7.685444994959700125e+03, 5.216352128908737359e+04
2.517676927758854593e-06, 6.568542566635091134e+03, 4.926127432149783272e+04
2.648500138606698363e-06, 5.613956183147925003e+03, 4.652389982897783193e+04
2.786121168629766473e-06, 4.798096945644058906e+03, 4.394169752301715198e+04
2.930893245250318698e-06, 4.100804058447377429e+03, 4.150557000164272904e+04
3.083187950249353467e-06, 3.504846633214737267e+03, 3.920698228861830285e+04
3.243396173493490004e-06, 2.995497894383081984e+03, 3.703792435121950257e+04
3.411929116219281216e-06, 2.560171264048492503e+03, 3.499087635586453689e+04
3.589219346450049739e-06, 2.188109333526845603e+03, 3.305877644192752632e+04
3.775721909254159727e-06, 1.870118035734897376e+03, 3.123499081316191223e+04
3.971915494694400700e-06, 1.598339449493534630e+03, 2.951328596349913278e+04
4.178303666466213542e-06, 1.366057621493063380e+03, 2.788780286973505645e+04
4.395416154378242806e-06, 1.172253545085865653e+03, 2.637422095090017683e+04
4.623810213992598294e-06, 1.001893490205872240e+03, 2.492381874341116054e+04
4.864072056914609241e-06, 8.562913457799588741e+02, 2.355414127348886541e+04
5.116818355403072973e-06, 7.318491197172903640e+02, 2.226059993124835455e+04
5.382697825162881249e-06, 6.254917052129202375e+02, 2.103887634324843020e+04
5.662392890382528157e-06, 5.384614791595296310e+02, 1.990127073734937221e+04
5.956621435290097563e-06, 4.602085043445454176e+02, 1.881032841101598024e+04
6.266138646723349015e-06, 3.933277971928899319e+02, 1.777975715088791912e+04
6.591738952443213146e-06, 3.361666605117455902e+02, 1.680615943285619869e+04
6.934258060165687003e-06, 2.873125785823878005e+02, 1.588633453884960909e+04
7.294575102545679062e-06, 2.455583123144851925e+02, 1.501726661210094971e+04
7.673614893618186056e-06, 2.098720670158446922e+02, 1.419611348878558056e+04
8.072350302488374979e-06, 1.793719955897624629e+02, 1.342019625093745344e+04
8.491804750363126655e-06, 1.533044071054235076e+02, 1.268698944984687841e+04
8.933054837332944550e-06, 1.310251422507266739e+02, 1.199411195307924572e+04
9.397233105646374780e-06, 1.119836554341027579e+02, 1.133931837185485165e+04
9.885530946569380493e-06, 9.570941018622967533e+01, 1.072049102882955776e+04
1.039920165829057908e-05, 8.180025167678486753e+01, 1.013563242934016307e+04
1.093956366272093086e-05, 6.991246901809914505e+01, 9.582858201952039963e+03
1.150800388944435666e-05, 5.975230178410111392e+01, 9.060390476691827644e+03
1.210598133550481593e-05, 5.106868086112088179e+01, 8.566551671685470865e+03
1.273503081016660354e-05, 4.364702424884578846e+01, 8.099758661069766276e+03
1.339676687425934466e-05, 3.730393449872072864e+01, 7.658517299020337305e+03
1.409288798421873337e-05, 3.188266675755451018e+01, 7.241417276555695935e+03
1.482518085145951458e-05, 2.724925542661272360e+01, 6.847127289449783348e+03
1.559552502826952309e-05, 2.328920372160656527e+01, 6.474390497126282753e+03
1.640589773199538679e-05, 1.990465432889502750e+01, 6.122020253828271052e+03
1.725837891990201987e-05, 1.701197124164578867e+01, 5.788896094666813951e+03
1.815515662773133475e-05, 1.453967302041808018e+01, 5.473959960361513367e+03
1.909853258566236888e-05, 1.242666640672155687e+01, 5.176212645602677185e+03
2.009092812608727908e-05, 1.062073664016288355e+01, 4.894710456996903304e+03
2.113489039836645523e-05, 9.077257173225913078e+00, 4.628562067512304566e+03
2.223309890651400654e-05, 7.758086899292291783e+00, 4.376925555222750518e+03
2.338837238659353628e-05, 6.630627643171715491e+00, 4.139005614968345071e+03
2.460367604147624960e-05, 5.667018623676879585e+00, 3.914050932306831783e+03
2.588212915153087737e-05, 4.843447982510832972e+00, 3.701351709833036693e+03
2.722701308077910045e-05, 4.139564366574730592e+00, 3.500237336595074339e+03
2.864177969906579846e-05, 3.537974023235403109e+00, 3.310074191940682795e+03
3.013006024186119008e-05, 3.023810981213442606e+00, 3.130263575688733908e+03
3.169567463043487023e-05, 2.584369695780166509e+00, 2.960239757042886595e+03
3.334264127632347269e-05, 2.208791080514762140e+00, 2.799468135149723821e+03
3.507518739525679514e-05, 1.887794167114616783e+00, 2.647443504655107972e+03
3.689775985701500575e-05, 1.613446762272074286e+00, 2.503688420032815884e+03
3.881503659906478245e-05, 1.378969434292242946e+00, 2.367751652850997743e+03
4.083193863326918895e-05, 1.178567985741573843e+00, 2.239206736506747802e+03
4.295364267648868727e-05, 1.007290272338684511e+00, 2.117650593299173579e+03
4.518559443749217176e-05, 8.609038299217987023e-01, 2.002702239028629947e+03
4.753352259428048591e-05, 7.357912855181615308e-01, 1.894001560605931218e+03
5.000345349769783158e-05, 6.288609680057365425e-01, 1.791208162431791152e+03
5.260172663907057610e-05, 5.374705094565189745e-01, 1.694000277565109627e+03
5.533501092157360027e-05, 4.593615492650751642e-01, 1.602073739940122323e+03
5.821032177708709908e-05, 3.926039275281956176e-01, 1.515141014118227531e+03
6.123503917247733364e-05, 3.355479886315412275e-01, 1.432930279271473182e+03
6.441692655151768125e-05, 2.867838164114830946e-01, 1.355184564292341292e+03
6.776415076106743183e-05, 2.451063935473231092e-01, 1.281660931109563307e+03
7.128530301265190909e-05, 2.094858242334538267e-01, 1.212129703463019951e+03
7.498942093324550431e-05, 1.790418843003246663e-01, 1.146373738553219710e+03
7.888601176185532765e-05, 1.530222698891892386e-01, 1.084187739133069272e+03
8.298507675144217602e-05, 1.307840071810355553e-01, 1.025377603752505138e+03
8.729713683881113037e-05, 1.117775637932656441e-01, 9.697598130003983670e+02
9.183325964835800334e-05, 9.553326921893970369e-02, 9.171608497138815892e+02
9.660508789898121246e-05, 8.164970874242891141e-02, 8.674166512432026366e+02
1.016248692870694932e-04, 6.978380403213259309e-02, 8.203720919709946884e+02
1.069054879222656676e-04, 5.964233529059168037e-02, 7.758804943888957268e+02
1.124604973966924549e-04, 5.097469546483035518e-02, 7.338031671322102056e+02
1.183041555725163470e-04, 4.356669746535018345e-02, 6.940089684652042479e+02
1.244514611771384207e-04, 3.723528136321880427e-02, 6.563738937959890336e+02
1.309181922999405612e-04, 3.182399077416340344e-02, 6.207806858811554775e+02
1.377209468893944241e-04, 2.719910664605462020e-02, 5.871184664567547316e+02
1.448771853544760326e-04, 2.324634291133769598e-02, 5.552823881040579863e+02
1.524052753797290724e-04, 1.986802235028140365e-02, 5.251733052261936336e+02
1.603245390690039994e-04, 1.698066287746109043e-02, 4.966974630753874180e+02
1.686553025388738941e-04, 1.451291460591199074e-02, 4.697662038305043097e+02
1.774189480890164621e-04, 1.240379671149711635e-02, 4.442956887810003650e+02
1.866379690834667616e-04, 1.060119052843272978e-02, 4.202066357265554188e+02
1.963360276836043495e-04, 9.060551638673792693e-03, 3.974240707517214446e+02
2.065380155810527039e-04, 7.743809129446022413e-03, 3.758770935821161174e+02
2.172701178863743125e-04, 6.618424818344614650e-03, 3.554986557731264725e+02
2.285598803375427502e-04, 5.656589198397983000e-03, 3.362253510239978596e+02
2.404362800006929737e-04, 4.834534233998558084e-03, 3.179972169496818992e+02
2.529297996446142408e-04, 4.131946026118249113e-03, 3.007575476800587353e+02
2.660725059798808335e-04, 3.531462833108047795e-03, 2.844527166912538974e+02
2.798981319634359969e-04, 3.018246042613398090e-03, 2.690320093068918368e+02
2.944421633798757201e-04, 2.579613492840832946e-03, 2.544474643383641990e+02
3.097419299216577857e-04, 2.204726082133659417e-03, 2.406537243626515021e+02
3.258367010020083690e-04, 1.884319922628182155e-03, 2.276078941640383277e+02
3.427677865464497770e-04, 1.610477419207227440e-03, 2.152694068922827739e+02
3.605786430216419711e-04, 1.376431616855619761e-03, 2.035998975145657539e+02
3.793149849736817260e-04, 1.176398981621481522e-03, 1.925630831618928767e+02
3.990249023621416529e-04, 1.005436483013619079e-03, 1.821246499926726017e+02
4.197589839910068955e-04, 8.593194345223882213e-04, 1.722521438574320598e+02
4.415704473533120706e-04, 7.344371285245084209e-04, 1.629148749112062831e+02
4.645152752227491933e-04, 6.277035958063826009e-04, 1.540838201721493874e+02
4.886523593428331686e-04, 5.364813137903368155e-04, 1.457315245426695753e+02
5.140436515824254367e-04, 4.585160820072821082e-04, 1.378320268117451519e+02
5.407543229455804949e-04, 3.918812970990565763e-04, 1.303607746591698344e+02
5.688529308438407088e-04, 3.349303371272471189e-04, 1.232945457409112180e+02
5.984115950603185932e-04, 2.862558932001696053e-04, 1.166113830248161207e+02
6.295061828571967780e-04, 2.446551639963203567e-04, 1.102905163567391327e+02
6.622165037017614837e-04, 2.091001628812976833e-04, 1.043123098519872372e+02
6.966265141107679491e-04, 1.787122340164270921e-04, 9.865815978626343963e+01
7.328245331389029006e-04, 1.527404586278834509e-04, 9.331049068209061659e+01
7.709034690644293083e-04, 1.305430990113715301e-04, 8.825271468171261802e+01
8.109610578538404418e-04, 1.115716046388141750e-04, 8.346909706312656851e+01
8.531001140175886385e-04, 9.535718000256491165e-05, 7.894478039238839528e+01
8.974287945007472294e-04, 8.149915354592022771e-05, 7.466571092505427032e+01
9.440608762859225515e-04, 6.965504439422769731e-05, 7.061855986584778577e+01
9.931160484209324620e-04, 5.953219308997042327e-05, 6.679076690466737887e+01
1.044720219220798265e-03, 5.088045602090175240e-05, 6.317043857557106890e+01
1.099005839432519709e-03, 4.348603632098014214e-05, 5.974631830157351686e+01
1.156112242192098129e-03, 3.716619128952477764e-05, 5.650773244634994796e+01
1.216186000646367902e-03, 3.176483096521032668e-05, 5.344473710833786839e+01
1.279381304157525346e-03, 2.714839670562633786e-05, 5.054767899867312764e+01
1.345860354055946825e-03, 2.320279199400401534e-05, 4.780749249436678383e+01
1.415793779957078133e-03, 1.983062349657669648e-05, 4.521586444025497542e+01
1.489361077710912385e-03, 1.694848467387394595e-05, 4.276457284812914850e+01
1.566751070108147060e-03, 1.448517941803329127e-05, 4.044603741071987457e+01
1.648162391525506785e-03, 1.237985747057513954e-05, 3.825309896315474845e+01
1.733803997754137464e-03, 1.058044697967987249e-05, 3.617877786797512840e+01
1.823895702319638500e-03, 9.042500797642005723e-06, 3.421663855081988004e+01
1.918668740670287148e-03, 7.728043139203812491e-06, 3.236065069214723167e+01
2.018366363681555527e-03, 6.604559833400893631e-06, 3.060486642298272386e+01
2.123244462000214820e-03, 5.644287628048690754e-06, 2.894373690497208784e+01
2.233572222830528409e-03, 4.823579231131682721e-06, 2.737245363484279892e+01
2.349632820848305062e-03, 4.122067347286044849e-06, 2.588559423731706133e+01
2.471724145016129109e-03, 3.522425857475568795e-06, 2.447842741935695088e+01
2.600159563165272119e-03, 3.009863090384810793e-06, 2.314657906836197299e+01
2.735268726306713891e-03, 2.571768035070021962e-06, 2.188618805121443245e+01
2.877398414735666578e-03, 2.197285243018176116e-06, 2.069296710515247639e+01
3.026913428101298334e-03, 1.877146758499773781e-06, 1.956285184844765368e+01
3.184197521726119060e-03, 1.603506850266448029e-06, 1.849277198178371862e+01
3.349654391578272498e-03, 1.369555181099099393e-06, 1.747863017303212629e+01
3.523708710424869068e-03, 1.169521353250047346e-06, 1.651702866272909276e+01
3.706807217825759931e-03, 9.985545988415444993e-07, 1.560597408364945871e+01
3.899419866765435790e-03, 8.523880900985694141e-07, 1.474180969745215819e+01
4.102041029866064330e-03, 7.274748231375729348e-07, 1.392274743980099849e+01
4.315190768277641156e-03, 6.206795636351848451e-07, 1.314518509248649281e+01
4.539416166502023217e-03, 5.294208936851094129e-07, 1.240770593802762356e+01
4.775292736576902328e-03, 4.514016786551315758e-07, 1.170693106252120153e+01
5.023425895223866157e-03, 3.847118459838972499e-07, 1.104086385039976292e+01
5.284452517751802615e-03, 3.277401539015381089e-07, 1.040837608911044398e+01
5.559042572704037122e-03, 2.790773977814873828e-07, 9.807579007829103190e+00
5.847900841444799748e-03, 2.375143163233978410e-07, 9.236521397916748199e+00
6.151768727098664430e-03, 2.020439634309961491e-07, 8.694485234236035254e+00
6.471426157485817530e-03, 1.717196478916347857e-07, 8.176988945063804692e+00
6.807693586937403271e-03, 1.459083999554801406e-07, 7.688256569975136401e+00
7.161434102129013088e-03, 1.238319146182358742e-07, 7.220196294422111194e+00
7.533555637337169958e-03, 1.050413349694210700e-07, 6.777085763795269280e+00
7.925013304804717773e-03, 8.902638520833647472e-08, 6.355705414330484970e+00
8.336811846196331283e-03, 7.537840923533567988e-08, 5.954557021340446177e+00
8.770008211436322587e-03, 6.376034915349780715e-08, 5.573214743075965316e+00
9.225714271547610229e-03, 5.386981545186616598e-08, 5.210114423655917371e+00
9.705099672454878257e-03, 4.549300918988391736e-08, 4.868446414320830584e+00
1.020939483707678647e-02, 3.836061302025709824e-08, 4.542211432247105662e+00
1.073989412341243982e-02, 3.228313586791151397e-08, 4.229443955615472817e+00
1.129795914672797677e-02, 2.712867075296683980e-08, 3.932361725806199360e+00
1.188502227437018832e-02, 2.274432016996745543e-08, 3.647558368009655716e+00
1.250259030217718698e-02, 1.902069712589441240e-08, 3.374779001411076340e+00
1.315224832192234822e-02, 1.587190741328920749e-08, 3.115471051513988066e+00
1.383566378971778053e-02, 1.320039141617091091e-08, 2.866395627781269440e+00
1.455459080581963938e-02, 1.096188586098881981e-08, 2.633157516310654866e+00
1.531087461682028965e-02, 9.055391349030261954e-09, 2.406059160864493673e+00
1.610645635178269836e-02, 7.441734026573209582e-09, 2.186970874844456070e+00
1.694337800447328832e-02, 6.102291041994313543e-09, 1.983392244177768271e+00
1.782378767448087112e-02, 4.966506274647991737e-09, 1.785063269002439501e+00
1.874994508067413454e-02, 4.016068276029569412e-09, 1.595989406149452616e+00
1.972422736114849348e-02, 3.228019498441984669e-09, 1.418160571133922021e+00
2.074913517454906459e-02, 2.578215465907234508e-09, 1.251960170101744207e+00
2.182729911842998943e-02, 2.046427818595806463e-09, 1.098145331810980174e+00
2.296148648112360593e-02, 1.623948823592119365e-09, 9.628930565825120080e-01
2.415460834444940405e-02, 1.272827961583700406e-09, 8.335703543742425392e-01
2.540972705549301297e-02, 9.958416419388081772e-10, 7.201663691303183956e-01
2.673006408663303191e-02, 7.708336700856860122e-10, 6.152551777586668935e-01
2.811900830398933807e-02, 5.947461498195876192e-10, 5.237350579467938694e-01
2.958012466551540251e-02, 4.567514041709078276e-10, 4.435359191962754410e-01
3.111716337106013724e-02, 3.467462717159118348e-10, 3.709830743146360632e-01
3.273406948788379345e-02, 2.617571740629691433e-10, 3.083011248412832472e-01
3.443499307633384604e-02, 1.975094503726283004e-10, 2.559026122157928573e-01
3.622429984166987416e-02, 1.478799282984106223e-10, 2.104975825191677530e-01
3.810658233937726236e-02, 1.101808817830377564e-10, 1.720590536482612398e-01
4.008667176273017496e-02, 8.031499192742711953e-11, 1.371669628995814683e-01
4.216965034285814068e-02, 5.766084652536225445e-11, 1.073041577027913779e-01
4.436086439314318453e-02, 4.041076111223712499e-11, 8.144116418022802339e-02
4.666593803142881497e-02, 2.906466607527363577e-11, 6.333846598145423390e-02
4.909078761526029094e-02, 2.120226793298849505e-11, 4.983546327895647249e-02
5.164163692720710741e-02, 1.531683385581034409e-11, 3.854597801894477094e-02
5.432503314924325144e-02, 1.080912865272047469e-11, 2.872326337796677134e-02
5.714786366718654226e-02, 7.589806658431643868e-12, 2.098362555792967696e-02
6.011737374832767239e-02, 5.487279983010666262e-12, 1.569772000308362198e-02
6.324118513762183591e-02, 3.865801758470073551e-12, 1.106203541850498025e-02
6.652731562017405453e-02, 2.821562796788384379e-12, 8.010329310536549660e-03
6.998419960022730923e-02, 2.162685556976199557e-12, 6.176560014016440128e-03
7.362070974947361457e-02, 1.681960922523993329e-12, 4.805851991065534200e-03
7.744617978025175598e-02, 1.276086973427541912e-12, 3.433339517579736544e-03
8.147042840208371106e-02, 9.679107701359698960e-13, 2.311746617051115005e-03
8.570378452303674399e-02, 7.987150270520697134e-13, 1.945769814153685846e-03
9.015711376059551418e-02, 6.548196193140344999e-13, 1.580608871492204196e-03
9.484184633008958809e-02, 4.846738651032492690e-13, 7.203508237941118374e-04
9.977000638225524964e-02, 4.142376812213387616e-13, 6.813088651099877052e-04
1.049542428652322085e-01, 3.540377744673261817e-13, 6.443829246156339329e-04
1.104078619902073566e-01, 3.025865377099847731e-13, 6.094583170314653211e-04
1.161448613840341398e-01, 2.586125532538802883e-13, 5.764265728753747422e-04
1.221799660164868684e-01, 2.210291746838812175e-13, 5.451851015730510824e-04
1.285286659943612741e-01, 1.889076746149962162e-13, 5.156368728275017698e-04
1.352072563194275101e-01, 1.614542947983406208e-13, 4.876901152581199846e-04
1.422328787122818239e-01, 1.379906314656426753e-13, 4.612580313732858399e-04
1.496235656094432875e-01, 1.179368712121896384e-13, 4.362585279912307838e-04
1.573982864466219878e-01, 1.007974631580966422e-13, 4.126139612718742085e-04
1.655769963469526096e-01, 8.614887333095362886e-14, 3.902508955677132219e-04
1.741806873391609223e-01, 7.362911866692694526e-14, 3.690998753447803410e-04
1.832314422371207341e-01, 6.292882200376381364e-14, 3.490952094652800862e-04
1.927524913190932776e-01, 5.378356702455238114e-14, 3.301747671619018488e-04
2.027682719521279597e-01, 4.596736423433299994e-14, 3.122797850701252787e-04
2.133044913146575072e-01, 3.928706650652688077e-14, 2.953546847191820747e-04
2.243881923782766186e-01, 3.357759620107707701e-14, 2.793468999148223807e-04
2.360478233180573204e-01, 1.844067939151798988e-14, 1.336983993720632720e-04
2.483133105295562693e-01, 1.576075134495090142e-14, 1.264521451117393445e-04
2.612161354399200053e-01, 1.347028911915387724e-14, 1.195986271416264203e-04
2.747894153102391490e-01, 1.151269282677467198e-14, 1.131165597247265481e-04
2.890679882365471687e-01, 9.839588070548736934e-15, 1.069858107810548630e-04
3.040885025676277054e-01, 0.000000000000000000e+00, 0.000000000000000000e+00
3.198895109691397010e-01, 0.000000000000000000e+00, 0.000000000000000000e+00
3.365115693754908155e-01, 0.000000000000000000e+00, 0.000000000000000000e+00
3.539973410834342804e-01, 0.000000000000000000e+00, 0.000000000000000000e+00
3.723917062545675227e-01, 0.000000000000000000e+00, 0.000000000000000000e+00
3.917418771077822437e-01, 0.000000000000000000e+00, 0.000000000000000000e+00
4.120975190973295565e-01, 0.000000000000000000e+00, 0.000000000000000000e+00
4.335108783875284422e-01, 0.000000000000000000e+00, 0.000000000000000000e+00
4.560369159512959736e-01, 0.000000000000000000e+00, 0.000000000000000000e+00
4.797334486366891526e-01, 0.000000000000000000e+00, 0.000000000000000000e+00
5.046612975635276221e-01, 0.000000000000000000e+00, 0.000000000000000000e+00
5.308844442309867961e-01, 0.000000000000000000e+00, 0.000000000000000000e+00
5.584701947368295727e-01, 0.000000000000000000e+00, 0.000000000000000000e+00
5.874893525297757435e-01, 0.000000000000000000e+00, 0.000000000000000000e+00
6.180164001384151895e-01, 0.000000000000000000e+00, 0.000000000000000000e+00
6.501296903430903162e-01, 0.000000000000000000e+00, 0.000000000000000000e+00
6.839116472814292802e-01, 0.000000000000000000e+00, 0.000000000000000000e+00
7.194489780036983362e-01, 0.000000000000000000e+00, 0.000000000000000000e+00
7.568328950209720629e-01, 0.000000000000000000e+00, 0.000000000000000000e+00
7.961593504173167801e-01, 0.000000000000000000e+00, 0.000000000000000000e+00
8.375292821268809362e-01, 0.000000000000000000e+00, 0.000000000000000000e+00
8.810488730080129338e-01, 0.000000000000000000e+00, 0.000000000000000000e+00
9.268298233793484942e-01, 0.000000000000000000e+00, 0.000000000000000000e+00
9.749896377173866702e-01, 0.000000000000000000e+00, 0.000000000000000000e+00
