# M_f [M_sun], P(M_f) [M_sun^-1]
3.554939309087782630e-22, 5.184674839682242970e+19
4.164867986368243590e-22, 4.854433626951988019e+19
4.879443454781822347e-22, 4.585096971981955072e+19
5.716620192126315073e-22, 4.295376989267756646e+19
6.697433165046825470e-22, 3.931297768794238976e+19
7.846526355214260603e-22, 3.620795687181912474e+19
9.192771965891135454e-22, 3.363532117504420250e+19
1.076999586711594898e-21, 3.111061106496317440e+19
1.261782750709730719e-21, 2.865530756232922726e+19
1.478269564475659425e-21, 2.638818959220722074e+19
1.731899492227074708e-21, 2.430723928924090778e+19
2.029045258900605437e-21, 2.248332478446285210e+19
2.377172971725329711e-21, 2.072445457763720397e+19
2.785029714203261248e-21, 1.927274190158164378e+19
3.262863325997498860e-21, 1.768791652142097408e+19
3.822679890934355379e-21, 1.621238680356278477e+19
4.478545402782572019e-21, 1.474903873286525747e+19
5.246939188487060978e-21, 1.347414147665162240e+19
6.147167968996433368e-21, 1.224037507076945510e+19
7.201850961408169007e-21, 1.118455601748432077e+19
8.437488211144998925e-21, 1.016997867092796621e+19
9.885126434120334154e-21, 9.168721964043653120e+18
1.158113909889358002e-20, 8.290255768898265088e+18
1.356814034921921673e-20, 7.479093531469240320e+18
1.589605573027771623e-20, 6.716503128668651520e+18
1.862337662173687523e-20, 6.015352554377232384e+18
2.181862989662507000e-20, 5.381013439804795904e+18
2.556209973277687262e-20, 4.807114298711778304e+18
2.994784483921711958e-20, 4.310916775738040320e+18
3.508606178246820418e-20, 3.845373764246311936e+18
4.110585379389697468e-20, 3.431762756096751616e+18
4.815847462736724022e-20, 3.045642302870498304e+18
5.642112897261175748e-20, 2.705744330631631872e+18
6.610142491380065642e-20, 2.392075001182722560e+18
7.744259030612173168e-20, 2.105155437900302848e+18
9.072958413744709407e-20, 1.852732826944807680e+18
1.062962564296273862e-19, 1.626968748101779712e+18
1.245337365796392977e-19, 1.418179258507809024e+18
1.459002609066893339e-19, 1.239942313415755008e+18
1.709326863329692882e-19, 1.080848775290484096e+18
2.002599794916861493e-19, 9.419882686227156480e+17
2.346190201907295332e-19, 8.170540431611847680e+17
2.748731163110049905e-19, 7.051711163859735040e+17
3.220336953461912371e-19, 6.130674233619598080e+17
3.772857176071966462e-19, 5.286942176820754560e+17
4.420174496254335417e-19, 4.039216916596035200e+17
5.178553458437248030e-19, 3.085956447726197120e+17
6.067049150348568050e-19, 2.357666694783097920e+17
7.107985982605515872e-19, 1.801254274921850240e+17
8.327518613560927099e-19, 1.376155913006485440e+17
9.756289113246611492e-19, 1.051381319822199360e+17
1.143019687836545591e-18, 8.032539548924355200e+16
1.339130064327491740e-18, 6.136849722224974400e+16
1.568887525095887845e-18, 4.688545171024514400e+16
1.838064973649593682e-18, 3.582042385872129200e+16
2.153425783120427356e-18, 2.736675703474288400e+16
2.522893733294045941e-18, 2.090816662450792800e+16
2.955752104106024924e-18, 1.597381198814353400e+16
3.462876928042592619e-18, 1.220397149186022000e+16
4.057010262163551902e-18, 9.323818277358310000e+15
4.753080346001232680e-18, 7.123384983911484000e+15
5.568576689647165650e-18, 5.442256822211683000e+15
6.523989516518419787e-18, 4.157877102782410000e+15
7.643324602276253526e-18, 3.176612674963140500e+15
8.954706445778864130e-18, 2.426927933965107000e+15
1.049108492738794133e-17, 1.854169771178808000e+15
1.229106321017912490e-17, 1.416583283021662750e+15
1.439986768596596156e-17, 1.082267777702286375e+15
1.687048433707514473e-17, 8.268511683648935000e+14
1.976499006618515979e-17, 6.317132124896898750e+14
2.315611244532450716e-17, 4.826280691157424375e+14
2.712905707440121844e-17, 3.687272143325530625e+14
3.178364846361432647e-17, 2.817071100703822500e+14
3.723683823172148955e-17, 2.152238640911178438e+14
4.362564364134417995e-17, 1.644307510120670000e+14
5.111059030517391504e-17, 1.256248789722765469e+14
5.987974556477713349e-17, 9.597724342718037500e+13
7.015344388498441742e-17, 7.332648860034407812e+13
8.218982299448246298e-17, 5.602134150201764062e+13
9.629130987410051721e-17, 4.280023172514165625e+13
1.128122195602306520e-16, 3.269932112675035938e+13
1.321676576914936317e-16, 2.498223862470940234e+13
1.548439504847211017e-16, 1.908639767421208594e+13
1.814108642046238339e-16, 1.458198288995031445e+13
2.125359211544772699e-16, 1.114061587902975977e+13
2.490011718924986992e-16, 8.511415978249882812e+12
2.917228450939035525e-16, 6.502710688658682617e+12
3.417743687825801351e-16, 4.968062471444464844e+12
4.004133413656054675e-16, 3.795593238250933594e+12
4.691131301468769991e-16, 2.899828275722662109e+12
5.495998912665211303e-16, 2.215465014517331543e+12
6.438959412319121213e-16, 1.692612376961216553e+12
7.543705697967002551e-16, 1.293153644886811035e+12
8.837995709161229663e-16, 9.879676954071850586e+11
1.035434987557938712e-15, 7.548060286785358887e+11
1.213086822782425552e-15, 5.766708198840948486e+11
1.421218770170270965e-15, 4.405757530682196045e+11
1.665060368928408994e-15, 3.365992998064757080e+11
1.950738401691563623e-15, 2.571614253421400146e+11
2.285430836530691886e-15, 1.964709930235237427e+11
2.677547181126970641e-15, 1.501035820138772888e+11
3.136939780704104200e-15, 1.146789405734700012e+11
3.675151368806934184e-15, 8.761456078950715637e+10
4.305705090906085245e-15, 6.693740998959051514e+10
5.044444287983953543e-15, 5.114009378965180206e+10
5.909930577530328216e-15, 3.907096484934394836e+10
6.923910234161186932e-15, 2.985016610529693222e+10
8.111860588175597371e-15, 2.280548791025764084e+10
9.503630170902745736e-15, 1.742336297192721558e+10
1.113418869117993458e-14, 1.331142654987796021e+10
1.304450568692773882e-14, 1.016991249498126411e+10
1.528257992888903767e-14, 7.769799860896547318e+09
1.790464544140884680e-14, 5.936116943796675682e+09
2.097658444282498875e-14, 4.535185590528694153e+09
2.457558270711805719e-14, 3.464875866661079884e+09
2.879206893956380988e-14, 2.647160635817795753e+09
3.373198689528892016e-14, 2.022427267635320425e+09
3.951945733015404868e-14, 1.545131790489924431e+09
4.629989666834555381e-14, 1.180478669481169701e+09
5.424367074655676216e-14, 9.018841613880573511e+08
6.355037543901280041e-14, 6.890383211414852142e+08
7.445385171865133341e-14, 5.264243772401650548e+08
8.722806116326921614e-14, 4.021875364933964014e+08
1.021939695350504780e-13, 3.072707524811260700e+08
1.197276113908228647e-13, 2.347544534983554780e+08
1.402695383550534565e-13, 1.793520958001072407e+08
1.643358884536128603e-13, 1.370247668981285393e+08
1.925313546372367750e-13, 1.046867429031332731e+08
2.255643783427914986e-13, 7.998053481793360412e+07
2.642649498469248929e-13, 6.110502411848421395e+07
3.096054626651536335e-13, 4.668415859898352623e+07
3.627251459856035670e-13, 3.566663618467253447e+07
4.249586890286010331e-13, 2.724926345266710967e+07
4.978697765499685977e-13, 2.081840167813289538e+07
5.832903781036313840e-13, 1.590523168390397727e+07
6.833667782485480914e-13, 1.215157622690766491e+07
8.006135042584769108e-13, 9.283788361747365445e+06
9.379765063263084318e-13, 7.092802179823959246e+06
1.098907177733620883e-12, 5.418891599840091541e+06
1.287449074821890004e-12, 4.140026101207889616e+06
1.508339515697955710e-12, 3.162974533079528715e+06
1.767128610450621027e-12, 2.416508405888567679e+06
2.070318713640647402e-12, 1.846209264514532406e+06
2.425527802958077446e-12, 1.410501463958034990e+06
2.841680889111551975e-12, 1.077621274960091570e+06
3.329234266329045287e-12, 8.233012453584284522e+05
3.900438238005257590e-12, 6.290010755471512675e+05
4.569644918760408134e-12, 4.805559997879763832e+05
5.353668846768369621e-12, 3.671441552154732635e+05
6.272209467127062636e-12, 2.804976543434585910e+05
7.348346101620664173e-12, 2.142998412954301457e+05
8.609117841521512969e-12, 1.637247983533842198e+05
1.008620293386256217e-11, 1.250855314935573988e+05
1.181671473149198844e-11, 9.556518249135768565e+04
1.384413420601148128e-11, 7.301167411349063332e+04
1.621940245398964309e-11, 5.578082320783520117e+04
1.900220064684535723e-11, 4.261647576925218891e+04
2.226244958451911904e-11, 3.255893155939797361e+04
2.608206653083284003e-11, 2.487498085692050881e+04
3.055702347291745383e-11, 1.900445247675239443e+04
3.579975852069152363e-11, 1.451937660515607604e+04
4.194200103539933424e-11, 1.109278458364938888e+04
4.913808147160267494e-11, 8.474872793475256913e+03
5.756880909596944173e-11, 6.474791609027329287e+03
6.744601501471849372e-11, 4.946732203359006235e+03
7.901787465817365748e-11, 3.779296750030460771e+03
9.257514345558095331e-11, 2.887377656065057636e+03
1.084584623782321578e-10, 2.205952613217221824e+03
1.270669169105270310e-10, 1.685344776867718110e+03
1.488680645023350689e-10, 1.287601109484411154e+03
1.744096824531938844e-10, 9.837255111735895525e+02
2.043335314065755398e-10, 7.515649638086069899e+02
2.393914802768297581e-10, 5.741945124663047864e+02
2.804643977649551806e-10, 4.386837890649011911e+02
3.285842851328589352e-10, 3.351537523267726328e+02
3.849602063458864622e-10, 2.560569648982939270e+02
4.510086671063629299e-10, 1.956271283760109156e+02
5.283892060840569477e-10, 1.494588185072640272e+02
6.190460926115560205e-10, 1.141863016417107417e+02
7.252571785440163173e-10, 8.723814861984202196e+01
8.496911317388502362e-10, 6.664978253257226015e+01
9.954744892081493267e-10, 5.092030811828046666e+01
1.166270214726448448e-09, 3.890301173652576949e+01
1.366369734738289428e-09, 2.972181168927535566e+01
1.600800765066854691e-09, 2.270739653561930993e+01
1.875453637685745777e-09, 1.734839117737426406e+01
2.197229301650036782e-09, 1.325412195164782148e+01
2.574212716869338996e-09, 1.012611425338561588e+01
3.015875997428001928e-09, 7.736315656669932928e+00
3.533316408647045077e-09, 5.910516533013765006e+00
4.139535197820245990e-09, 4.515608533734839725e+00
4.849764264546636664e-09, 3.449901335470385799e+00
5.681848878603233730e-09, 2.635701433277784389e+00
6.656696061556467092e-09, 2.013654329224752182e+00
7.798799898182857864e-09, 1.538413324583487007e+00
9.136856976714022134e-09, 1.175332281553302050e+00
1.070448742150435761e-08, 8.979408459789355312e-01
1.254107963484337046e-08, 6.860132566679831845e-01
1.469277997296015627e-08, 5.241018576174720778e-01
1.721365222289457542e-08, 4.003999674912780971e-01
2.016703601333963015e-08, 3.058937725278637609e-01
2.362713829099000118e-08, 2.336922485468921340e-01
2.768089784995247636e-08, 1.785307266401568449e-01
3.243016976252675725e-08, 1.363889744083263689e-01
3.799428459753194850e-08, 1.041926019838164685e-01
4.451304672929294335e-08, 7.959530811601600586e-02
5.215024707302747141e-08, 6.080339541619976529e-02
6.109777850789253333e-08, 4.644656286069592105e-02
7.158045739212245458e-08, 3.547842654029628728e-02
8.386167231601665177e-08, 2.709930603973462887e-02
9.825000202377754192e-08, 2.069856985872529920e-02
1.151069687866058048e-07, 1.580897516405156689e-02
1.348561220388992395e-07, 1.207367030166858236e-02
1.579936805136920602e-07, 9.219997593781528028e-03
1.851010002724404292e-07, 7.040387607362775906e-03
2.168591819018276323e-07, 5.375297347371275208e-03
2.540661838991262367e-07, 4.103637090988164308e-03
2.976568722383458751e-07, 3.132148706753833372e-03
3.487265098841028302e-07, 2.390154435541348016e-03
4.085582764525233750e-07, 1.823482975213570022e-03
4.786555094802828620e-07, 1.390803081423583722e-03
5.607794773983806434e-07, 1.060416363107675661e-03
6.569936332972589126e-07, 8.083529039803486133e-04
7.697154614067526183e-07, 6.158714749550463609e-04
9.017772189895008571e-07, 4.690549382804550665e-04
1.056497099853249245e-06, 3.569276721392695279e-04
1.237762607541896761e-06, 2.714376851852711207e-04
1.450128233046472805e-06, 2.062443807130116932e-04
1.698929891293638432e-06, 1.565837166176806843e-04
1.990418991751685834e-06, 1.187243068990522838e-04
2.331919511822318867e-06, 8.992892755577000866e-05
2.732012019656224729e-06, 6.802250010902932340e-05
3.200749270163831329e-06, 5.134430393046087181e-05
3.749908791302991839e-06, 3.868031035470532319e-05
4.393288807145992575e-06, 2.906022551490518435e-05
5.147054933111502699e-06, 2.177423266611541370e-05
6.030146354452266775e-06, 1.625145293318270036e-05
7.064751693670376281e-06, 1.207672154498987673e-05
8.276866523540982274e-06, 8.930888446462423373e-06
9.696946533859272140e-06, 6.564284086030084982e-06
1.136067276342852149e-05, 4.797465597152344646e-06
1.330984812456625985e-05, 3.476027476631985239e-06
1.559344774627215830e-05, 2.488253833435192073e-06
1.826884952705988956e-05, 1.758875301948507162e-06
2.140327581641746703e-05, 1.223500069592280115e-06
2.507548244869502754e-05, 8.270427399268757642e-07
2.937773756821394599e-05, 5.418241175702337728e-07
3.441813996570822800e-05, 3.359920615625887402e-07
4.032333517679733450e-05, 1.924159121380932561e-07
4.724169758738698836e-05, 9.224812714382674107e-08
