# M_f [M_sun], P(M_f) [M_sun^-1]
3.548962714117586356e-25, 0.000000000000000000e+00
4.143897244964681628e-25, 0.000000000000000000e+00
4.838564324307219260e-25, 0.000000000000000000e+00
5.649682734992169490e-25, 0.000000000000000000e+00
6.596773932655885372e-25, 0.000000000000000000e+00
7.702631875067320117e-25, 0.000000000000000000e+00
8.993871611864740876e-25, 0.000000000000000000e+00
1.050156983777701776e-24, 0.000000000000000000e+00
1.226201282573591067e-24, 0.000000000000000000e+00
1.431756974063410238e-24, 0.000000000000000000e+00
1.671771235205982412e-24, 0.000000000000000000e+00
1.952020568777308980e-24, 0.000000000000000000e+00
2.279249828377506683e-24, 0.000000000000000000e+00
2.661334549057996954e-24, 0.000000000000000000e+00
3.107470490433956329e-24, 0.000000000000000000e+00
3.628394954078874531e-24, 0.000000000000000000e+00
4.236645201720489617e-24, 0.000000000000000000e+00
4.946860193674237954e-24, 0.000000000000000000e+00
5.776132909553281211e-24, 0.000000000000000000e+00
6.744421730674377979e-24, 0.000000000000000000e+00
7.875030785036159497e-24, 0.000000000000000000e+00
9.195170815492024403e-24, 0.000000000000000000e+00
1.073661406971731716e-23, 0.000000000000000000e+00
1.253645897342513110e-23, 0.000000000000000000e+00
1.463802299047425984e-23, 0.000000000000000000e+00
1.709188515862952929e-23, 0.000000000000000000e+00
1.995710339202826004e-23, 0.000000000000000000e+00
2.330263584757434168e-23, 0.000000000000000000e+00
2.720900056375714993e-23, 0.000000000000000000e+00
3.177021331497144511e-23, 0.000000000000000000e+00
3.709605032032140160e-23, 0.000000000000000000e+00
4.331469026427151886e-23, 0.000000000000000000e+00
5.057579921552993781e-23, 0.000000000000000000e+00
5.905413268993206007e-23, 0.000000000000000000e+00
6.895374154936251738e-23, 0.000000000000000000e+00
8.051288296148122256e-23, 0.000000000000000000e+00
9.400975461394818512e-23, 0.000000000000000000e+00
1.097691901903814394e-22, 0.000000000000000000e+00
1.281704772502877614e-22, 0.000000000000000000e+00
1.496564856684707842e-22, 0.000000000000000000e+00
1.747443263311006971e-22, 0.000000000000000000e+00
2.040377966148069427e-22, 0.000000000000000000e+00
2.382419121782715813e-22, 0.000000000000000000e+00
2.781798748077653061e-22, 0.000000000000000000e+00
3.248128846873889935e-22, 0.000000000000000000e+00
3.792632739224971983e-22, 0.000000000000000000e+00
4.428415180784706451e-22, 0.000000000000000000e+00
5.170777758305154950e-22, 0.000000000000000000e+00
6.037587157996679498e-22, 0.000000000000000000e+00
7.049705168986915043e-22, 0.000000000000000000e+00
8.231490770914376496e-22, 0.000000000000000000e+00
9.611386389565238025e-22, 0.000000000000000000e+00
1.122260243016206653e-21, 0.000000000000000000e+00
1.310391656319376225e-21, 9.156606226597412109e+12
1.530060699946438888e-21, 7.035771363523229492e+12
1.786554221579997443e-21, 5.406160039511541016e+12
2.086045335820364214e-21, 4.153996038634199219e+12
2.435741994580735524e-21, 3.191855765066790527e+12
2.844060463254972146e-21, 2.452564501804344727e+12
3.320827877766432378e-21, 1.884506405753859131e+12
3.877518757505402961e-21, 1.448020792405103516e+12
4.527531166390591196e-21, 1.112633105854969971e+12
5.286509168514232234e-21, 8.549272460295822754e+11
6.172719339017780476e-21, 6.569107032296074219e+11
7.207490391810404495e-21, 5.047583569499303589e+11
8.415726504796120160e-21, 3.878472335101209717e+11
9.826506696977815998e-21, 2.980148311964942627e+11
1.147378468284583961e-20, 2.289892306548010559e+11
1.339720604767883656e-20, 1.759512019766032715e+11
1.564306241098517039e-20, 1.351977356685447083e+11
1.826540554225283020e-20, 1.038835059071227875e+11
2.132734824280151716e-20, 7.982221555849714661e+10
2.490258330249094031e-20, 5.706282109026174805e+12
2.907715708851964547e-20, 4.384604433272653320e+12
3.395154045186442600e-20, 4.766864463295665039e+12
3.964304679255259240e-20, 3.662772828128381836e+12
4.628865548014387372e-20, 2.814408694389465332e+12
5.404830858161902066e-20, 5.730958744418232031e+13
6.310876024011991138e-20, 4.403565515615096094e+13
7.368807134881180046e-20, 3.383620457781348828e+13
8.604085769467593336e-20, 3.558970825209394531e+13
1.004644178810475172e-19, 5.831257025882266250e+14
1.173058885116423403e-19, 4.480632909262038125e+14
1.369705988422578918e-19, 3.591119150942095000e+14
1.599318259743174272e-19, 2.768856686342927500e+14
1.867421853717413878e-19, 2.140496961328478438e+14
2.180469308404809387e-19, 1.644719326302152500e+14
2.545994840657364937e-19, 1.263772717823860938e+14
2.972795674613780767e-19, 9.710602026588576562e+13
3.471143767408655819e-19, 1.417053591170582188e+14
4.053033027769513840e-19, 1.164319634521599844e+14
4.732467977393484649e-19, 8.946422440619685938e+13
5.525800802412904732e-19, 8.085109617047184375e+13
6.452124906878854795e-19, 8.740520516206434375e+13
7.533734440045013057e-19, 6.734034789480957031e+13
8.796660857047170922e-19, 8.981585960631392188e+13
1.027129942656215233e-18, 7.006466137102360156e+13
1.199314076381365808e-18, 6.367849767571730469e+13
1.400362499497209111e-18, 7.251112163126745312e+13
1.635113911040676270e-18, 6.902331009165136719e+13
1.909218151042094247e-18, 6.081914309361298438e+13
2.229272177097818710e-18, 6.366385905369842969e+13
2.602978835535310412e-18, 5.586282014828731250e+13
3.039332248368829520e-18, 4.606375956192856250e+13
3.548834277815029616e-18, 4.427305557353369531e+13
4.143747278091769203e-18, 5.042580926126614844e+13
4.838389217561514039e-18, 4.545809468895033594e+13
5.649478274021606592e-18, 5.652860891063714062e+13
6.596535196630497956e-18, 8.488095073004065625e+13
7.702353118248023089e-18, 1.336237269007898125e+14
8.993546125318797605e-18, 1.855944514635033750e+14
1.050118978791184392e-17, 3.186344376904809375e+14
1.226156906576543473e-17, 4.299593388338454375e+14
1.431705159044002820e-17, 5.940006513373242500e+14
1.671710734114975772e-17, 8.057262019050103750e+14
1.951949925514886663e-17, 1.083942291468221375e+15
2.279167342748857588e-17, 1.391685105735488500e+15
2.661238235854156293e-17, 1.722799798043269250e+15
3.107358031653111131e-17, 2.029194745261071750e+15
3.628263643138282592e-17, 2.304691854920812500e+15
4.236491878316220397e-17, 2.563131411269742000e+15
4.946681167721122281e-17, 2.733072413732767500e+15
5.775923872374348195e-17, 2.851205374270389000e+15
6.744177651302501599e-17, 2.848689003469301000e+15
7.874745789132278381e-17, 2.738308185156457000e+15
9.194838043965264702e-17, 2.540187318635263500e+15
1.073622551364499575e-16, 2.299974729389290500e+15
1.253600528129948575e-16, 2.039635974480950750e+15
1.463749324313652303e-16, 1.787867021501459000e+15
1.709126660647493911e-16, 1.545661611092918000e+15
1.995638114815701302e-16, 1.325256100124267750e+15
2.330179252950391720e-16, 1.124659225668323625e+15
2.720801587507204238e-16, 9.471021526278661250e+14
3.176906355684263719e-16, 7.921556197020947500e+14
3.709470782113892190e-16, 6.563593517259248750e+14
4.331312271366239694e-16, 5.392836472883299375e+14
5.057396888673425339e-16, 4.397310990957731875e+14
5.905199553182014303e-16, 3.561203296963961250e+14
6.895124612624175452e-16, 2.858426726498179375e+14
8.050996921517614587e-16, 2.273871287223438750e+14
9.400635241836067561e-16, 1.795932351375685000e+14
1.097652176637426354e-15, 1.409705196170277188e+14
1.281658387844818299e-15, 1.100999321822484375e+14
1.496510696280042197e-15, 8.563726871493268750e+13
1.747380023663327855e-15, 6.639492814541546094e+13
2.040304125247816402e-15, 5.135414589070655469e+13
2.382332902476464009e-15, 3.965289005098578125e+13
2.781698075296781474e-15, 3.057514559759571484e+13
3.248011297693212803e-15, 2.355256638215000781e+13
3.792495484549381372e-15, 1.813092680195248438e+13
4.428254917260453338e-15, 1.395093692418368750e+13
5.170590628816885501e-15, 1.072894242946494727e+13
6.037368658836964984e-15, 8.250379519764956055e+12
7.049450041464057396e-15, 6.342882321937306641e+12
8.231192874789720272e-15, 4.875476648453834961e+12
9.611038555274013536e-15, 3.747245546875187500e+12
1.122219628626107451e-14, 2.879878573210886719e+12
1.310344233488316355e-14, 2.213154614888057617e+12
1.530005327333422790e-14, 1.700715252299680420e+12
1.786489566513994436e-14, 1.306885516746857666e+12
2.085969842226470568e-14, 1.004263818561459229e+12
2.435653845529604593e-14, 7.716582368184715576e+11
2.843957537234173260e-14, 5.929282957766458740e+11
3.320707697621301066e-14, 4.555954270404554443e+11
3.877378430820567309e-14, 3.500713233263615723e+11
4.527367315877207227e-14, 2.689885019512904968e+11
5.286317850727665526e-14, 2.066859218701128235e+11
6.172495949449466709e-14, 1.588137410685089722e+11
7.207229554069590400e-14, 1.220296192598231506e+11
8.415421941214433446e-14, 9.376536234527450562e+10
9.826151077522554733e-14, 7.204761621865739441e+10
1.147336944870571982e-13, 5.536009111420626831e+10
1.339672120527618000e-13, 4.253769727609084320e+10
1.564249629145710343e-13, 3.268520071290148544e+10
1.826474452061308525e-13, 2.511471974396524429e+10
2.132657641002332364e-13, 1.929769847088462067e+10
2.490168208261894248e-13, 1.482800405776639748e+10
2.907610479159630927e-13, 1.139357134576777077e+10
3.395031175191101639e-13, 8.754615085440885544e+09
3.964161211804007018e-13, 6.726888608346574783e+09
4.628698030228503768e-13, 5.168820091742962837e+09
5.404635258335326130e-13, 3.971628295978657722e+09
6.310647634578878334e-13, 3.051727675067758083e+09
7.368540459117346958e-13, 2.344892600398705006e+09
8.603774389199028282e-13, 1.801773255302844763e+09
1.004607820923932483e-12, 1.384450129175478697e+09
1.173016432332888215e-12, 1.063786552793424368e+09
1.369656419016833193e-12, 8.173944341195417643e+08
1.599260380711907916e-12, 6.280711663210389614e+08
1.867354272066798725e-12, 4.825985760335866809e+08
2.180390397624856683e-12, 3.708200568299703598e+08
2.545902701576178349e-12, 2.849314552029027939e+08
2.972688089689554387e-12, 2.189362001022221446e+08
3.471018147359357998e-12, 1.682266343007535338e+08
4.052886349255764866e-12, 1.292623169441416860e+08
4.732296710254901824e-12, 9.932283702410629392e+07
5.525600824706499793e-12, 7.631787970178633928e+07
6.451891405674874902e-12, 5.864128469027446955e+07
7.533461795592588149e-12, 4.505890734337750822e+07
8.796342507521895701e-12, 3.462245313523630053e+07
1.027092771014048268e-11, 2.660326962584046274e+07
1.199270673427324702e-11, 2.044147339937853441e+07
1.400311820638017854e-11, 1.570686011961581744e+07
1.635054736571430363e-11, 1.206886852024468593e+07
1.909149056791221305e-11, 9.273501275856262073e+06
2.229191500151088592e-11, 7.125591414725609124e+06
2.602884634213915806e-11, 5.475176149681732059e+06
3.039222255498335907e-11, 4.207026775081806816e+06
3.548705846160559437e-11, 3.232603628156145103e+06
4.143597316646138997e-11, 2.483874426153390668e+06
4.838214117152900590e-11, 1.908564387901146431e+06
5.649273820450414145e-11, 1.466506512732833391e+06
6.596296469244882950e-11, 1.126837200526874512e+06
7.702074371516900180e-11, 8.658414166364960838e+05
8.993220650552190613e-11, 6.652969554187272443e+05
1.050080975180062726e-10, 5.112022021409633453e+05
1.226112532185457416e-10, 3.927985681360825547e+05
1.431653345899774112e-10, 3.018193475763066090e+05
1.671650235213482158e-10, 2.319125525422691426e+05
1.951879284809018891e-10, 1.781974298817046802e+05
2.279084860105338701e-10, 1.369236967208751885e+05
2.661141926135866703e-10, 1.052097032695975213e+05
3.107245576942134500e-10, 8.084124169542775780e+04
3.628132336949815997e-10, 6.211695460488408571e+04
4.236338560460705138e-10, 4.772954952773148398e+04
4.946502148246891704e-10, 3.667452650586077652e+04
5.775714842760397404e-10, 2.818004585707668593e+04
6.743933580763869986e-10, 2.165303986624169920e+04
7.874460803542362888e-10, 1.663780597898891574e+04
9.194505284481391166e-10, 1.278419055728304193e+04
1.073583697163442448e-09, 9.823141850032372531e+03
1.253555160559284636e-09, 7.547925335866147179e+03
1.463696351497021232e-09, 5.799689930734571135e+03
1.709064807670563662e-09, 4.456377321703324924e+03
1.995565893042375731e-09, 3.424200098724309555e+03
2.330094924195305965e-09, 2.631093704520961637e+03
2.720703122202257710e-09, 2.021685030775183350e+03
3.176791384032336837e-09, 1.553426378025783379e+03
3.709336537054124696e-09, 1.193624860060934225e+03
4.331155521978282322e-09, 9.171598517376514792e+02
5.057213862417803832e-09, 7.047291160805738173e+02
5.904985845105158122e-09, 5.415011644334126686e+02
6.894875079342960596e-09, 4.160797428932758635e+02
8.050705557431865460e-09, 3.197081830915921046e+02
9.400295034589802586e-09, 2.456580109319400833e+02
1.097612452808688640e-08, 1.887591926269051044e+02
1.281612004865416702e-08, 1.450391650815427056e+02
1.496456537835437654e-08, 1.114454830771115610e+02
1.747316786304279705e-08, 8.563270266557333343e+01
2.040230287019851416e-08, 6.579862657375161916e+01
2.382246686290472952e-08, 5.055847998159352841e+01
2.781597406159238859e-08, 3.884822516298643080e+01
3.247893752766619457e-08, 2.985027595340922701e+01
3.792358234841027568e-08, 2.293641460044589309e+01
4.428094659536107595e-08, 1.762392801810810283e+01
5.170403506100775866e-08, 1.354190864834703412e+01
6.037150167584694934e-08, 1.040535871906649135e+01
7.049194923174215987e-08, 7.995290295452555540e+00
8.230894989445869222e-08, 6.143437025743007318e+00
9.610690733570848061e-08, 4.720506400480307896e+00
1.122179015705835130e-07, 3.627152089346602271e+00
1.310296812373474564e-07, 2.787038180677699373e+00
1.529949956724325201e-07, 2.141509958536755853e+00
1.786424913787846109e-07, 1.645497606610107910e+00
2.085894351364676277e-07, 1.264370734399870688e+00
2.435565699668571264e-07, 9.715196242951116279e-01
2.843854614938248337e-07, 7.464980901645796862e-01
3.320587521825467136e-07, 5.735955705207589350e-01
3.877238109214126943e-07, 4.407403862179099518e-01
4.527203471293543005e-07, 3.386569208817161170e-01
5.286126539864874544e-07, 2.602178008605874338e-01
6.172272567965604518e-07, 1.999465799422690260e-01
7.206968725768446012e-07, 1.536352371000849204e-01
8.415117388654812462e-07, 1.180504549503812728e-01
9.825795470937055071e-07, 9.070778784105189285e-02
1.147295422959284638e-06, 6.969812025115620924e-02
1.339623638041987889e-06, 5.355470057025259190e-02
1.564193019241686001e-06, 4.115039398463399278e-02
1.826408352289566483e-06, 3.161912549803117672e-02
2.132580460517753101e-06, 2.429541714215494377e-02
2.490078089536171985e-06, 1.866805334649333445e-02
2.907505253275528389e-06, 1.434410251516435829e-02
3.394908309642402768e-06, 1.102167724528591887e-02
3.964017749544815386e-06, 8.468727056199288825e-03
4.628530518505076199e-06, 6.507109908369518129e-03
5.404439665587494086e-06, 4.999827816506629760e-03
6.310419253411135426e-06, 3.841627102670021592e-03
7.368273793004429503e-06, 2.951681872155235455e-03
8.603463020199222133e-06, 2.267850669865278772e-03
1.004571464353174789e-05, 1.742380438319724887e-03
1.172973981085711423e-05, 1.338583896080584260e-03
1.369606851405000625e-05, 1.028277316438191372e-03
1.599202503775273322e-05, 7.897829067455284287e-04
1.867286692861943421e-05, 6.064571851605977081e-04
2.180311489700670832e-05, 4.655399234410185876e-04
2.545810565829488036e-05, 3.571786405740390042e-04
2.972580508658805780e-05, 2.738146473776157525e-04
3.470892531856226512e-05, 2.095564288545500816e-04
4.052739676050301244e-05, 1.599493495995923812e-04
4.732125449314459231e-05, 1.214252794064392529e-04
