# Columns: R_MC [pc], P(R_MC) [1/pc], Cross-section weighted P(R_MC) [1/pc]
1.025651926251407861e-11, 0.000000000000000000e+00, 0.000000000000000000e+00
1.078946722229829815e-11, 0.000000000000000000e+00, 0.000000000000000000e+00
1.135010815672316663e-11, 0.000000000000000000e+00, 0.000000000000000000e+00
1.193988104464273125e-11, 0.000000000000000000e+00, 0.000000000000000000e+00
1.256029963694872804e-11, 0.000000000000000000e+00, 0.000000000000000000e+00
1.321295634186573788e-11, 0.000000000000000000e+00, 0.000000000000000000e+00
1.389952631213352601e-11, 0.000000000000000000e+00, 0.000000000000000000e+00
1.462177174456718478e-11, 0.000000000000000000e+00, 0.000000000000000000e+00
1.538154640303035716e-11, 0.000000000000000000e+00, 0.000000000000000000e+00
1.618080037643067682e-11, 0.000000000000000000e+00, 0.000000000000000000e+00
1.702158508394953640e-11, 0.000000000000000000e+00, 0.000000000000000000e+00
1.790605854035294846e-11, 0.000000000000000000e+00, 0.000000000000000000e+00
1.883649089489798225e-11, 0.000000000000000000e+00, 0.000000000000000000e+00
1.981527025805096908e-11, 0.000000000000000000e+00, 0.000000000000000000e+00
2.084490883097288542e-11, 0.000000000000000000e+00, 0.000000000000000000e+00
2.192804935350449494e-11, 0.000000000000000000e+00, 0.000000000000000000e+00
2.306747188720071646e-11, 0.000000000000000000e+00, 0.000000000000000000e+00
2.426610095082419209e-11, 0.000000000000000000e+00, 0.000000000000000000e+00
2.552701302661247069e-11, 0.000000000000000000e+00, 0.000000000000000000e+00
2.685344445658503549e-11, 0.000000000000000000e+00, 0.000000000000000000e+00
2.824879974915704763e-11, 0.000000000000000000e+00, 0.000000000000000000e+00
2.971666031738025020e-11, 0.000000000000000000e+00, 0.000000000000000000e+00
3.126079367123955679e-11, 0.000000000000000000e+00, 0.000000000000000000e+00
3.288516308759833167e-11, 0.000000000000000000e+00, 0.000000000000000000e+00
3.459393778261224212e-11, 0.000000000000000000e+00, 0.000000000000000000e+00
3.639150361272071167e-11, 0.000000000000000000e+00, 0.000000000000000000e+00
3.828247433168220594e-11, 0.000000000000000000e+00, 0.000000000000000000e+00
4.027170343254586841e-11, 0.000000000000000000e+00, 0.000000000000000000e+00
4.236429660495408969e-11, 0.000000000000000000e+00, 0.000000000000000000e+00
4.456562483975033441e-11, 0.000000000000000000e+00, 0.000000000000000000e+00
4.688133821452655254e-11, 0.000000000000000000e+00, 0.000000000000000000e+00
4.931738039549364670e-11, 0.000000000000000000e+00, 0.000000000000000000e+00
5.188000389289609384e-11, 0.000000000000000000e+00, 0.000000000000000000e+00
5.457578610912699557e-11, 0.000000000000000000e+00, 0.000000000000000000e+00
5.741164622073268011e-11, 0.000000000000000000e+00, 0.000000000000000000e+00
6.039486293763794275e-11, 0.000000000000000000e+00, 0.000000000000000000e+00
6.353309318517436562e-11, 0.000000000000000000e+00, 0.000000000000000000e+00
6.683439175686149603e-11, 0.000000000000000000e+00, 0.000000000000000000e+00
7.030723198838341702e-11, 0.000000000000000000e+00, 0.000000000000000000e+00
7.396052750582374558e-11, 0.000000000000000000e+00, 0.000000000000000000e+00
7.780365510398024982e-11, 0.000000000000000000e+00, 0.000000000000000000e+00
8.184647881347885976e-11, 0.000000000000000000e+00, 0.000000000000000000e+00
8.609937521845998927e-11, 0.000000000000000000e+00, 0.000000000000000000e+00
9.057326008981998694e-11, 0.000000000000000000e+00, 0.000000000000000000e+00
9.527961640236521090e-11, 0.000000000000000000e+00, 0.000000000000000000e+00
1.002305238077900488e-10, 0.000000000000000000e+00, 0.000000000000000000e+00
1.054386896391260237e-10, 0.000000000000000000e+00, 0.000000000000000000e+00
1.109174815262403146e-10, 0.000000000000000000e+00, 0.000000000000000000e+00
1.166809617060962959e-10, 0.000000000000000000e+00, 0.000000000000000000e+00
1.227439231158405997e-10, 0.000000000000000000e+00, 0.000000000000000000e+00
1.291219273613533562e-10, 0.000000000000000000e+00, 0.000000000000000000e+00
1.358313446587154174e-10, 0.000000000000000000e+00, 0.000000000000000000e+00
1.428893958511103824e-10, 0.000000000000000000e+00, 0.000000000000000000e+00
1.503141966090024084e-10, 0.000000000000000000e+00, 0.000000000000000000e+00
1.581248039270385857e-10, 0.000000000000000000e+00, 0.000000000000000000e+00
1.663412650370169698e-10, 0.000000000000000000e+00, 0.000000000000000000e+00
1.749846688624654551e-10, 0.000000000000000000e+00, 0.000000000000000000e+00
1.840772001468954491e-10, 0.000000000000000000e+00, 0.000000000000000000e+00
1.936421963946606826e-10, 0.000000000000000000e+00, 0.000000000000000000e+00
2.037042077705718970e-10, 0.000000000000000000e+00, 0.000000000000000000e+00
2.142890601120060623e-10, 0.000000000000000000e+00, 0.000000000000000000e+00
2.254239212152432687e-10, 0.000000000000000000e+00, 0.000000000000000000e+00
2.371373705661655168e-10, 0.000000000000000000e+00, 0.000000000000000000e+00
2.494594726942950709e-10, 0.000000000000000000e+00, 0.000000000000000000e+00
2.624218543384439019e-10, 0.000000000000000000e+00, 0.000000000000000000e+00
2.760577856220344782e-10, 0.000000000000000000e+00, 0.000000000000000000e+00
2.904022654464451017e-10, 0.000000000000000000e+00, 0.000000000000000000e+00
3.054921113215515548e-10, 0.000000000000000000e+00, 0.000000000000000000e+00
3.213660538640321425e-10, 0.000000000000000000e+00, 0.000000000000000000e+00
3.380648362059815113e-10, 0.000000000000000000e+00, 0.000000000000000000e+00
3.556313185689847556e-10, 0.000000000000000000e+00, 0.000000000000000000e+00
3.741105882720528966e-10, 0.000000000000000000e+00, 0.000000000000000000e+00
3.935500754557772142e-10, 0.000000000000000000e+00, 0.000000000000000000e+00
4.139996748197304272e-10, 0.000000000000000000e+00, 0.000000000000000000e+00
4.355118736855688095e-10, 0.000000000000000000e+00, 0.000000000000000000e+00
4.581418867145339649e-10, 0.000000000000000000e+00, 0.000000000000000000e+00
4.819477976251271319e-10, 0.000000000000000000e+00, 0.000000000000000000e+00
5.069907082747033666e-10, 0.000000000000000000e+00, 0.000000000000000000e+00
5.333348954876202279e-10, 0.000000000000000000e+00, 0.000000000000000000e+00
5.610479760324701077e-10, 0.000000000000000000e+00, 0.000000000000000000e+00
5.902010801718442306e-10, 0.000000000000000000e+00, 0.000000000000000000e+00
6.208690342300637909e-10, 0.000000000000000000e+00, 0.000000000000000000e+00
6.531305526474729939e-10, 0.000000000000000000e+00, 0.000000000000000000e+00
6.870684400142317101e-10, 0.000000000000000000e+00, 0.000000000000000000e+00
7.227698036021688210e-10, 0.000000000000000000e+00, 0.000000000000000000e+00
7.603262769401807175e-10, 0.000000000000000000e+00, 0.000000000000000000e+00
7.998342550070276743e-10, 0.000000000000000000e+00, 0.000000000000000000e+00
8.413951416451946904e-10, 0.000000000000000000e+00, 0.000000000000000000e+00
8.851156098308355951e-10, 0.000000000000000000e+00, 0.000000000000000000e+00
9.311078754678309670e-10, 0.000000000000000000e+00, 0.000000000000000000e+00
9.794899854086980821e-10, 0.000000000000000000e+00, 0.000000000000000000e+00
1.030386120441616095e-09, 0.000000000000000000e+00, 0.000000000000000000e+00
1.083926914021204014e-09, 0.000000000000000000e+00, 0.000000000000000000e+00
1.140249787561167319e-09, 0.000000000000000000e+00, 0.000000000000000000e+00
1.199499303149378128e-09, 0.000000000000000000e+00, 0.000000000000000000e+00
1.261827534590670558e-09, 0.000000000000000000e+00, 0.000000000000000000e+00
1.327394457729740273e-09, 0.000000000000000000e+00, 0.000000000000000000e+00
1.396368361055936317e-09, 0.000000000000000000e+00, 0.000000000000000000e+00
1.468926277643866174e-09, 0.000000000000000000e+00, 0.000000000000000000e+00
1.545254439538414134e-09, 0.000000000000000000e+00, 0.000000000000000000e+00
1.625548755750481709e-09, 0.000000000000000000e+00, 0.000000000000000000e+00
1.710015315090286320e-09, 0.000000000000000000e+00, 0.000000000000000000e+00
1.798870915128787322e-09, 0.000000000000000000e+00, 0.000000000000000000e+00
1.892343618644975688e-09, 0.000000000000000000e+00, 0.000000000000000000e+00
1.990673338987188583e-09, 0.000000000000000000e+00, 0.000000000000000000e+00
2.094112455850895670e-09, 0.000000000000000000e+00, 0.000000000000000000e+00
2.202926463053456075e-09, 0.000000000000000000e+00, 0.000000000000000000e+00
2.317394649968475145e-09, 0.000000000000000000e+00, 0.000000000000000000e+00
2.437810818368750009e-09, 0.000000000000000000e+00, 0.000000000000000000e+00
2.564484036517716058e-09, 0.000000000000000000e+00, 0.000000000000000000e+00
2.697739432444920460e-09, 0.000000000000000000e+00, 0.000000000000000000e+00
2.837919028441557893e-09, 0.000000000000000000e+00, 0.000000000000000000e+00
2.985382618917963357e-09, 0.000000000000000000e+00, 0.000000000000000000e+00
3.140508693876216431e-09, 0.000000000000000000e+00, 0.000000000000000000e+00
3.303695410368142213e-09, 0.000000000000000000e+00, 0.000000000000000000e+00
3.475361614432053799e-09, 0.000000000000000000e+00, 0.000000000000000000e+00
3.655947916131246718e-09, 0.000000000000000000e+00, 0.000000000000000000e+00
3.845917820453534961e-09, 0.000000000000000000e+00, 0.000000000000000000e+00
4.045758916974428963e-09, 0.000000000000000000e+00, 0.000000000000000000e+00
4.255984131337434845e-09, 0.000000000000000000e+00, 0.000000000000000000e+00
4.477133041763623226e-09, 0.000000000000000000e+00, 0.000000000000000000e+00
4.709773263969519825e-09, 0.000000000000000000e+00, 0.000000000000000000e+00
4.954501908047895353e-09, 0.000000000000000000e+00, 0.000000000000000000e+00
5.211947111050799924e-09, 0.000000000000000000e+00, 0.000000000000000000e+00
5.482769649208535777e-09, 0.000000000000000000e+00, 0.000000000000000000e+00
5.767664633922509555e-09, 0.000000000000000000e+00, 0.000000000000000000e+00
6.067363295885059185e-09, 0.000000000000000000e+00, 0.000000000000000000e+00
6.382634861905482558e-09, 0.000000000000000000e+00, 0.000000000000000000e+00
6.714288529259509001e-09, 0.000000000000000000e+00, 0.000000000000000000e+00
7.063175542629608811e-09, 0.000000000000000000e+00, 0.000000000000000000e+00
7.430191378967006415e-09, 0.000000000000000000e+00, 0.000000000000000000e+00
7.816278045883292923e-09, 5.027753058441945905e+04, 3.375172580360901975e+01
8.222426499470713005e-09, 6.810664373758262082e+04, 4.834242483249705202e+01
8.649679187756937814e-09, 5.820891161856646067e+04, 4.369667402465938011e+01
9.099132726322508595e-09, 4.974958691068755434e+04, 3.950713896884132481e+01
9.571940712948442686e-09, 4.251963022436242318e+04, 3.572846378751202678e+01
1.006931668851804562e-08, 3.634038123094694311e+04, 3.231983269874893949e+01
1.059253725177287621e-08, 5.044535735703757382e+04, 4.749808826760226310e+01
1.114294533591729230e-08, 6.169230309365435824e+04, 6.151576188818230406e+01
1.172195365548130236e-08, 6.888198600888521469e+04, 7.275980583066898078e+01
1.233104833228909634e-08, 7.458555603866586171e+04, 8.348450163637811272e+01
1.297179270983955861e-08, 7.906271185951607185e+04, 9.380540227817482446e+01
1.364583136588923983e-08, 8.176866462683230930e+04, 1.028709774358193272e+02
1.435489433353654691e-08, 8.356404162867563718e+04, 1.115129072834974977e+02
1.510080154164146180e-08, 1.121822575908077997e+05, 1.588490925038133810e+02
1.588546748597777465e-08, 1.333996572025034984e+05, 2.005074521099155334e+02
1.671090614310706979e-08, 1.370788711102402885e+05, 2.187898981266606029e+02
1.757923613958693077e-08, 1.507650151968653663e+05, 2.556285332858015238e+02
1.849268618978079709e-08, 1.716003966804912488e+05, 3.092114070920667359e+02
1.945360081622663184e-08, 1.780466368534299836e+05, 3.410997051282539019e+02
2.046444636724671542e-08, 2.011357017638484831e+05, 4.098589252902207249e+02
2.152781734724369502e-08, 1.898121914283463848e+05, 4.115851874347107469e+02
2.264644307593057319e-08, 2.327929788547641074e+05, 5.373955410528687935e+02
2.382319469358689039e-08, 2.661483736937465728e+05, 6.543951395112450200e+02
2.506109253032113907e-08, 3.551148861600112868e+05, 9.304349943765928401e+02
2.636331385825381413e-08, 3.855658214764008881e+05, 1.077037181090561489e+03
2.773320104651840969e-08, 4.017858906741935061e+05, 1.197184622030019909e+03
2.917427014001165809e-08, 4.320876028168597841e+05, 1.374032093680897106e+03
3.069021988391154998e-08, 4.529923022151798359e+05, 1.538168131161291740e+03
3.228494121712631338e-08, 5.114145694485739223e+05, 1.855274203372988040e+03
3.396252725904081622e-08, 5.849038952772988705e+05, 2.268194582804415859e+03
3.572728381519288657e-08, 6.678337374009547057e+05, 2.769926084545103095e+03
3.758374042884442742e-08, 7.297949356481193099e+05, 3.239307924207580982e+03
3.953666200681278862e-08, 8.767894833388929255e+05, 4.167253239610950914e+03
4.159106104940218542e-08, 9.895266224773257272e+05, 5.038957258445549087e+03
4.375221051582515913e-08, 1.081693550691284705e+06, 5.905206954038898402e+03
4.602565735813553354e-08, 1.162720813604095485e+06, 6.809048368256340837e+03
4.841723675840988696e-08, 1.290327434777193470e+06, 8.110664845856012107e+03
5.093308710571952695e-08, 1.425491054488547612e+06, 9.623538840516275741e+03
5.357966575133417533e-08, 1.601905786242887378e+06, 1.162229126881980483e+04
5.636376558259543076e-08, 1.736870211691271048e+06, 1.355125355069780744e+04
5.929253245799994260e-08, 1.858841762307837838e+06, 1.560581680169421452e+04
6.237348354824184070e-08, 1.990702781241804361e+06, 1.799528071382683993e+04
6.561452663029043443e-08, 2.182762263769161422e+06, 2.125905890849934804e+04
6.902398038402412175e-08, 2.308740165158831514e+06, 2.424242802778720579e+04
7.261059574351543687e-08, 2.405491207874522544e+06, 2.724876239031918158e+04
7.638357835776907026e-08, 2.546086289945137687e+06, 3.113412363041055869e+04
8.035261221856177783e-08, 2.565526576766505372e+06, 3.388744687120437447e+04
8.452788451602899226e-08, 2.699683221772527322e+06, 3.854353919601960661e+04
8.892011178579481813e-08, 2.790346712000412866e+06, 4.308737733497910085e+04
9.354056741475511679e-08, 2.874219606735815294e+06, 4.803306099875964719e+04
9.840111057611325498e-08, 2.954584268124028109e+06, 5.347105615125197801e+04
1.035142166679343147e-07, 2.976568933706090320e+06, 5.837300079482688307e+04
1.088930093333433319e-07, 2.973749157109966967e+06, 6.323294317337370012e+04
1.145512941445534903e-07, 2.937324031585256103e+06, 6.776423883963722619e+04
1.205035940371795992e-07, 2.905914970708468929e+06, 7.277881165808002697e+04
1.267651865857844781e-07, 2.925751259843914304e+06, 7.959637595674676413e+04
1.333521432163324045e-07, 2.852526276684114709e+06, 8.434830770650498744e+04
1.402813704561957486e-07, 2.785953429523715284e+06, 8.959105292538166395e+04
1.475706533275893077e-07, 2.704372605693472084e+06, 9.463475087193110085e+04
1.552387009958081715e-07, 2.621204410427248571e+06, 9.986731829880477744e+04
1.633051947894334705e-07, 2.544239630874936469e+06, 1.055989371322989173e+05
1.717908387157587761e-07, 2.457024730820978992e+06, 1.111542734388687240e+05
1.807174126010925653e-07, 2.381351218219702598e+06, 1.174861057827488694e+05
1.901078279923299666e-07, 2.290938874623968266e+06, 1.233245099335637060e+05
1.999861869632742842e-07, 2.194563524002503604e+06, 1.289669091934132302e+05
2.103778439766472978e-07, 2.075687218821164221e+06, 1.332301604183901218e+05
2.213094709605636295e-07, 1.966487693865124835e+06, 1.379283114070518641e+05
2.328091257665007940e-07, 1.874281264424847672e+06, 1.437223275614021986e+05
2.449063241844743992e-07, 1.793974638836180093e+06, 1.504642966136459436e+05
2.576321157002572855e-07, 1.697994762785139028e+06, 1.558390111990030564e+05
2.710191631890842058e-07, 1.618740925198925426e+06, 1.626407757484658214e+05
2.851018267503907082e-07, 1.527193034096964402e+06, 1.680515113707305572e+05
2.999162518987646980e-07, 1.436301289272706956e+06, 1.731686036397935241e+05
3.155004623374623941e-07, 1.346270322754976805e+06, 1.779116153870924900e+05
3.318944575526103405e-07, 1.268453383800091688e+06, 1.838073602584356267e+05
3.491403154785858900e-07, 1.215281513598833932e+06, 1.931720220578480512e+05
3.672823004980842474e-07, 1.123236206657170551e+06, 1.959181544829166960e+05
3.863669770540689493e-07, 1.053984384914753260e+06, 2.018022930642936262e+05
4.064433291652127549e-07, 9.781480590792815201e+05, 2.056514503604708880e+05
4.275628861515860074e-07, 9.088141348501845496e+05, 2.098840142551684403e+05
4.497798548932875053e-07, 8.293191819933184888e+05, 2.104456582290612860e+05
4.731512589614802628e-07, 7.666267641468070215e+05, 2.138199238649909385e+05
4.977370849789355307e-07, 6.920688080560097005e+05, 2.122201256388000329e+05
5.236004365857494849e-07, 6.263890386106919032e+05, 2.112404121740489791e+05
5.508076964054029391e-07, 5.617446994289414724e+05, 2.083940347679407569e+05
5.794286964268809173e-07, 5.023364019026831375e+05, 2.050537859317493858e+05
6.095368972401687385e-07, 4.470242619367271545e+05, 2.008353281818167598e+05
6.412095765851608593e-07, 3.935315601069203694e+05, 1.946387193470702041e+05
6.745280276979215670e-07, 3.487612690002679010e+05, 1.899412205339014763e+05
7.095777679633887827e-07, 3.061616586051565246e+05, 1.836452561370903277e+05
7.464487584100661313e-07, 2.675748449811207247e+05, 1.768092039012055320e+05
7.852356346100710336e-07, 2.314815476546600694e+05, 1.685371311344450223e+05
8.260379495771783370e-07, 2.031469752158370393e+05, 1.630025935571553127e+05
8.689604292863010418e-07, 1.756620833328008594e+05, 1.553634581234471116e+05
9.141132414702490036e-07, 1.542734903590084868e+05, 1.504274833658139105e+05
9.616122783836638888e-07, 1.326898145066469733e+05, 1.426637179481860949e+05
1.011579454259898283e-06, 1.138015968452287052e+05, 1.349386042908846284e+05
1.064143018224315170e-06, 9.801837297379775555e+04, 1.281964548831067368e+05
1.119437883467150232e-06, 8.394403924796231149e+04, 1.211169292825183074e+05
1.177605973520806597e-06, 7.208873870087828254e+04, 1.147603365816976584e+05
1.238796586530369050e-06, 6.210444562482188485e+04, 1.090979668213986733e+05
1.303166778452298707e-06, 5.354817448816399701e+04, 1.038163497568427993e+05
1.370881766164852098e-06, 4.576618058183816174e+04, 9.793724034236656735e+04
1.442115351524868011e-06, 3.911512026450834674e+04, 9.240224310960478033e+04
1.517050367459335277e-06, 3.343063838528222550e+04, 8.719013701892025711e+04
1.595879147236730565e-06, 2.857226502922405416e+04, 8.228111060296444339e+04
1.678804018122558985e-06, 2.441994434840421309e+04, 7.765665938981733052e+04
1.766037820686164116e-06, 2.087106784741151205e+04, 7.329949152765123290e+04
1.857804455091697021e-06, 1.783793881249045080e+04, 6.919344089978412376e+04
1.954339455775392327e-06, 1.524560522750713608e+04, 6.532338708443933137e+04
2.055890595984140433e-06, 1.303000762567038328e+04, 6.167518157271491509e+04
2.162718523727020259e-06, 1.113639610834851374e+04, 5.823557971180099412e+04
2.275097430772069504e-06, 9.517977413743812576e+03, 5.499217788892624230e+04
2.393315756405384890e-06, 8.214213338259944067e+03, 5.244060486549184861e+04
2.517676927758854593e-06, 7.020466609177143255e+03, 4.952729075108159304e+04
2.648500138606698363e-06, 6.000203474263805219e+03, 4.677905027707813861e+04
2.786121168629766473e-06, 5.128212088567604042e+03, 4.418621248324298358e+04
2.930893245250318698e-06, 4.382944568151917338e+03, 4.173970364633925055e+04
3.083187950249353467e-06, 3.745984517746056099e+03, 3.943100753524772153e+04
3.243396173493490004e-06, 3.201591940988201713e+03, 3.725212856450906838e+04
3.411929116219281216e-06, 2.736314287483521184e+03, 3.519555761408919352e+04
3.589219346450049739e-06, 2.338654025214520061e+03, 3.325424030332862458e+04
3.775721909254159727e-06, 1.998784523645482523e+03, 3.142154752534505315e+04
3.971915494694400700e-06, 1.708307226674216963e+03, 2.969124806478449318e+04
4.178303666466213542e-06, 1.460044114902785168e+03, 2.805748313692590091e+04
4.395416154378242806e-06, 1.247860328737450800e+03, 2.651474269987587832e+04
4.623810213992598294e-06, 1.066512569135915783e+03, 2.505784340407985655e+04
4.864072056914609241e-06, 9.115195298144699336e+02, 2.368190805473784349e+04
5.116818355403072973e-06, 7.790511591498224107e+02, 2.238234647305682665e+04
5.382697825162881249e-06, 6.658340153131046009e+02, 2.115483765168965328e+04
5.662392890382528157e-06, 5.690703758553983107e+02, 1.999531310829252470e+04
5.956621435290097563e-06, 4.863691028520368036e+02, 1.889994134895606476e+04
6.266138646723349015e-06, 4.156865552059657034e+02, 1.786511336040037349e+04
6.591738952443213146e-06, 3.552760879869665018e+02, 1.688742905633449482e+04
6.934258060165687003e-06, 3.036448908788565859e+02, 1.596368460932619564e+04
7.294575102545679062e-06, 2.595170991643409479e+02, 1.509086060495768834e+04
7.673614893618186056e-06, 2.218022656786411346e+02, 1.426611096000751240e+04
8.072350302488374979e-06, 1.895684146385468125e+02, 1.348675255093740634e+04
8.491804750363126655e-06, 1.620190114768182070e+02, 1.275025550311748884e+04
8.933054837332944550e-06, 1.384732795807617265e+02, 1.205423409502672803e+04
9.397233105646374780e-06, 1.183493775395324974e+02, 1.139643823515000804e+04
9.885530946569380493e-06, 1.011500211910976503e+02, 1.077474547248755698e+04
1.039920165829057908e-05, 8.645019517353955507e+01, 1.018715350452287748e+04
1.093956366272093086e-05, 7.388665031936568539e+01, 9.631773149184555223e+03
1.150800388944435666e-05, 6.314892736167201548e+01, 9.106821749807406377e+03
1.210598133550481593e-05, 5.397168513788405164e+01, 8.610616984368203703e+03
1.273503081016660354e-05, 4.612814371239645794e+01, 8.141571052358668567e+03
1.339676687425934466e-05, 3.942448039032851881e+01, 7.698185214579164494e+03
1.409288798421873337e-05, 3.369504014161540795e+01, 7.279044662904654615e+03
1.482518085145951458e-05, 2.879824207964945160e+01, 6.882813698704094350e+03
1.559552502826952309e-05, 2.461308083897506194e+01, 6.508231200096372049e+03
1.640589773199538679e-05, 2.103613639715941019e+01, 6.154106359611751941e+03
1.725837891990201987e-05, 1.797901845018779809e+01, 5.819314675106648792e+03
1.815515662773133475e-05, 1.536618218903742417e+01, 5.502794177961430250e+03
1.909853258566236888e-05, 1.313306150282214624e+01, 5.203541883682859407e+03
2.009092812608727908e-05, 1.122447347786610372e+01, 4.920610451042804925e+03
2.113489039836645523e-05, 9.593254766091396490e+00, 4.653105036819604720e+03
2.223309890651400654e-05, 8.199096125855099615e+00, 4.400180334074152597e+03
2.338837238659353628e-05, 7.007546335434350127e+00, 4.161037782694744237e+03
2.460367604147624960e-05, 5.989160864745711521e+00, 3.934922941688470928e+03
2.588212915153087737e-05, 5.118774268023199348e+00, 3.721123013386736602e+03
2.722701308077910045e-05, 4.374878317463396726e+00, 3.518964510373176381e+03
2.864177969906579846e-05, 3.739090510823171343e+00, 3.327811056536921114e+03
3.013006024186119008e-05, 3.195699819197291180e+00, 3.147061314207172927e+03
3.169567463043487023e-05, 2.731278449894835259e+00, 2.976147029839154584e+03
3.334264127632347269e-05, 2.334350030640147455e+00, 2.814531191199972454e+03
3.507518739525679514e-05, 1.995106015558199219e+00, 2.661706289448198731e+03
3.689775985701500575e-05, 1.705163305018557951e+00, 2.517192679915920507e+03
3.881503659906478245e-05, 1.457357089852849175e+00, 2.380537035788593585e+03
4.083193863326918895e-05, 1.245563800894275097e+00, 2.251310889238643995e+03
4.295364267648868727e-05, 1.064549788723947676e+00, 2.129109254905027228e+03
4.518559443749217176e-05, 9.098419943310432911e-01, 2.013549330924940477e+03
4.753352259428048591e-05, 7.776174148139831654e-01, 1.904269273017143405e+03
5.000345349769783158e-05, 6.646086326962477031e-01, 1.800927037390188161e+03
5.260172663907057610e-05, 5.680230743803998950e-01, 1.703199288504968536e+03
5.533501092157360027e-05, 4.854740025262733738e-01, 1.610780367960446711e+03
5.821032177708709908e-05, 4.149215370977047956e-01, 1.523381320995473288e+03
6.123503917247733364e-05, 3.546222476417878466e-01, 1.440728977309261154e+03
6.441692655151768125e-05, 3.030860711694049470e-01, 1.362565083099457979e+03
6.776415076106743183e-05, 2.590394910296115460e-01, 1.288645481400655171e+03
7.128530301265190909e-05, 2.213940668866130335e-01, 1.218739337978581261e+03
7.498942093324550431e-05, 1.892195381398088239e-01, 1.152628410196735331e+03
7.888601176185532765e-05, 1.617208361422783069e-01, 1.090106356423792704e+03
8.298507675144217602e-05, 1.382184371638905673e-01, 1.030978083692252767e+03
8.729713683881113037e-05, 1.181315705987372316e-01, 9.750591314521994946e+02
9.183325964835800334e-05, 1.009638674728861041e-01, 9.221750893892703971e+02
9.660508789898121246e-05, 8.629109461100713252e-02, 8.721610473935421624e+02
1.016248692870694932e-04, 7.375067135938935536e-02, 8.248610758765021274e+02
1.069054879222656676e-04, 6.303270981182872157e-02, 7.801277347370722737e+02
1.124604973966924549e-04, 5.387235713233116258e-02, 7.378216093751921107e+02
1.183041555725163470e-04, 4.604325074485039748e-02, 6.978108722432199329e+02
1.244514611771384207e-04, 3.935192466046514431e-02, 6.599708685116248716e+02
1.309181922999405612e-04, 3.363302871607354999e-02, 6.241837245065876232e+02
1.377209468893944241e-04, 2.874524258663942872e-02, 5.903379776534579833e+02
1.448771853544760326e-04, 2.456778360165505493e-02, 5.583282267318498953e+02
1.524052753797290724e-04, 2.099742207005374575e-02, 5.280548013157649621e+02
1.603245390690039994e-04, 1.794593035890629587e-02, 4.994234493357932365e+02
1.686553025388738941e-04, 1.533790268977957595e-02, 4.723450417603929168e+02
1.774189480890164621e-04, 1.310889177748286033e-02, 4.467352934497120032e+02
1.866379690834667616e-04, 1.120381626545760914e-02, 4.225144992885968236e+02
1.963360276836043495e-04, 9.575599603755030956e-03, 3.996072847555482781e+02
2.065380155810527039e-04, 8.184006734752370671e-03, 3.779423701316299002e+02
2.172701178863743125e-04, 6.994649839808153059e-03, 3.574523475978314764e+02
2.285598803375427502e-04, 5.978138577742598582e-03, 3.380734705113542873e+02
2.404362800006929737e-04, 5.109353816584261652e-03, 3.197454541908644501e+02
2.529297996446142408e-04, 4.366826911680887768e-03, 3.024112875780539298e+02
2.660725059798808335e-04, 3.732209191441100606e-03, 2.860170551780424262e+02
2.798981319634359969e-04, 3.189818541105341170e-03, 2.705117687143367107e+02
2.944421633798757201e-04, 2.726251880123204633e-03, 2.558472079653767253e+02
3.097419299216577857e-04, 2.330053957019066323e-03, 2.419777702792338232e+02
3.258367010020083690e-04, 1.991434277296077419e-03, 2.288603282908978258e+02
3.427677865464497770e-04, 1.702025169349886567e-03, 2.164540953928879787e+02
3.605786430216419711e-04, 1.454675009929944128e-03, 2.047204985347539434e+02
3.793149849736817260e-04, 1.243271499517805811e-03, 1.936230579504555749e+02
3.990249023621416529e-04, 1.062590620559089984e-03, 1.831272734347291760e+02
4.197589839910068955e-04, 9.081674368997523592e-04, 1.732004959771715562e+02
4.415704473533120706e-04, 7.761861611264180873e-04, 1.638118990187490738e+02
4.645152752227491933e-04, 6.633853787693002723e-04, 1.549323005842409486e+02
4.886523593428331686e-04, 5.669775922392580447e-04, 1.465340881496547070e+02
5.140436515824254367e-04, 4.845804571360909428e-04, 1.385911586914117777e+02
5.407543229455804949e-04, 4.141578479509495404e-04, 1.310788252047498759e+02
5.688529308438407088e-04, 3.539695010037187482e-04, 1.239737250768464492e+02
5.984115950603185932e-04, 3.025281458574449246e-04, 1.172537915555880801e+02
6.295061828571967780e-04, 2.585626122117909149e-04, 1.108981424216723326e+02
6.622165037017614837e-04, 2.209864572802941712e-04, 1.048870248514364789e+02
6.966265141107679491e-04, 1.888711319241405178e-04, 9.920175895895552287e+01
7.328245331389029006e-04, 1.614230319025528135e-04, 9.382467890265985488e+01
7.709034690644293083e-04, 1.379638821923056234e-04, 8.873907534260001739e+01
8.109610578538404418e-04, 1.179139508502156155e-04, 8.392912452336206286e+01
8.531001140175886385e-04, 1.007777665092673681e-04, 7.937986179178496116e+01
8.974287945007472294e-04, 8.613198902135121837e-05, 7.507723794978709009e+01
9.440608762859225515e-04, 7.361461508402646721e-05, 7.100781448533373919e+01
9.931160484209324620e-04, 6.291633330918480966e-05, 6.715894716867293823e+01
1.044720219220798265e-03, 5.377284847330817297e-05, 6.351875425922898444e+01
1.099005839432519709e-03, 4.595807700421162406e-05, 6.007576486892189394e+01
1.156112242192098129e-03, 3.927909005500020135e-05, 5.681950974825799250e+01
1.216186000646367902e-03, 3.357064574128000611e-05, 5.373960024956670622e+01
1.279381304157525346e-03, 2.869178149517301134e-05, 5.082659184938134445e+01
1.345860354055946825e-03, 2.452179816959353380e-05, 4.807115848968672367e+01
1.415793779957078133e-03, 2.095794127241664822e-05, 4.546526781600868361e+01
1.489361077710912385e-03, 1.791203020136006985e-05, 4.300063445414559027e+01
1.566751070108147060e-03, 1.530873643809068494e-05, 4.066945628002800817e+01
1.648162391525506785e-03, 1.308378231653259293e-05, 3.846461150959270014e+01
1.733803997754137464e-03, 1.118211411792101738e-05, 3.637902283865479802e+01
1.823895702319638500e-03, 9.556732923575018919e-06, 3.440611791576926493e+01
1.918668740670287148e-03, 8.167494110601653605e-06, 3.253975005684782218e+01
2.018366363681555527e-03, 6.980227780910393629e-06, 3.077472478125928035e+01
2.123244462000214820e-03, 5.965266086023943387e-06, 2.910406441808162015e+01
2.233572222830528409e-03, 5.097822644693052634e-06, 2.752376376885210263e+01
2.349632820848305062e-03, 4.356460941512086692e-06, 2.602892530610335697e+01
2.471724145016129109e-03, 3.722853798488336385e-06, 2.461488099881993463e+01
2.600159563165272119e-03, 3.181163367443311975e-06, 2.327593367886035480e+01
2.735268726306713891e-03, 2.718146318356572027e-06, 2.200864874982762487e+01
2.877398414735666578e-03, 2.322319320453559013e-06, 2.080855497915431940e+01
3.026913428101298334e-03, 1.984035970582008848e-06, 1.967292767209201543e+01
3.184197521726119060e-03, 1.694869439985400926e-06, 1.859752690243611539e+01
3.349654391578272498e-03, 1.447716428088016049e-06, 1.757931576741490787e+01
3.523708710424869068e-03, 1.236268659601685034e-06, 1.661234210190010785e+01
3.706807217825759931e-03, 1.055665024967407424e-06, 1.569797756604746475e+01
3.899419866765435790e-03, 9.012948573441127819e-07, 1.483146495258291608e+01
4.102041029866064330e-03, 7.692557594331609121e-07, 1.400836727599029530e+01
4.315190768277641156e-03, 6.566357959624399441e-07, 1.323247076905079211e+01
4.539416166502023217e-03, 5.601009441367929383e-07, 1.249057231558374781e+01
4.775292736576902328e-03, 4.776670960282375001e-07, 1.178802426989659757e+01
5.023425895223866157e-03, 4.071849512327849667e-07, 1.112005903377317040e+01
5.284452517751802615e-03, 3.469218472330607072e-07, 1.048447572591712174e+01
5.559042572704037122e-03, 2.955218934177791752e-07, 9.883355989993670931e+00
5.847900841444799748e-03, 2.516718384017497650e-07, 9.314276441831228937e+00
6.151768727098664430e-03, 2.142416794998820199e-07, 8.774415654760435501e+00
6.471426157485817530e-03, 1.822402150639211379e-07, 8.259584662448661518e+00
6.807693586937403271e-03, 1.548124276894501013e-07, 7.764608692889228614e+00
7.161434102129013088e-03, 1.315363650533989898e-07, 7.300613605396679695e+00
7.533555637337169958e-03, 1.116635602455223385e-07, 6.858431156041932653e+00
7.925013304804717773e-03, 9.474453476546238673e-08, 6.439724333038983062e+00
8.336811846196331283e-03, 8.029919615218321294e-08, 6.039821633033975345e+00
8.770008211436322587e-03, 6.798502064461145144e-08, 5.658821113422767723e+00
9.225714271547610229e-03, 5.749961356425231246e-08, 5.296359822751954383e+00
9.705099672454878257e-03, 4.853301760271492675e-08, 4.947088561750885738e+00
1.020939483707678647e-02, 4.091555522461609868e-08, 4.615307916826760781e+00
1.073989412341243982e-02, 3.444818262354895238e-08, 4.300098427236298981e+00
1.129795914672797677e-02, 2.901463692826233340e-08, 4.008012609329941078e+00
1.188502227437018832e-02, 2.438338855218596503e-08, 3.727398809223803511e+00
1.250259030217718698e-02, 2.040909034065066456e-08, 3.452512994412527458e+00
1.315224832192234822e-02, 1.703729870730353816e-08, 3.189424226449527389e+00
1.383566378971778053e-02, 1.420306013317111633e-08, 2.942343415875079859e+00
1.455459080581963938e-02, 1.177453083237264522e-08, 2.699323493746137004e+00
1.531087461682028965e-02, 9.745743213543870794e-09, 2.472442396313546009e+00
1.610645635178269836e-02, 8.049546786042432685e-09, 2.259865263420540060e+00
1.694337800447328832e-02, 6.623993607043906865e-09, 2.057931557827293201e+00
1.782378767448087112e-02, 5.403421228243184431e-09, 1.857717860186784531e+00
1.874994508067413454e-02, 4.329787933787838984e-09, 1.647318104582405907e+00
1.972422736114849348e-02, 3.520650589107726248e-09, 1.482291741596786894e+00
2.074913517454906459e-02, 2.808819126139172414e-09, 1.308682996497330997e+00
2.182729911842998943e-02, 2.232257676193349467e-09, 1.150945971401935441e+00
2.296148648112360593e-02, 1.755604819389382905e-09, 1.001699151977586411e+00
2.415460834444940405e-02, 1.380270079978423796e-09, 8.715143628085567640e-01
2.540972705549301297e-02, 1.054424498025168897e-09, 7.367597619934418418e-01
2.673006408663303191e-02, 8.196545270597502968e-10, 6.337838857195632336e-01
2.811900830398933807e-02, 6.248930272034104554e-10, 5.347071263081254466e-01
2.958012466551540251e-02, 4.785691896921452373e-10, 4.531635540717652844e-01
3.111716337106013724e-02, 3.602546824305667649e-10, 3.775024906741620279e-01
3.273406948788379345e-02, 2.689423342917843105e-10, 3.118669175312276942e-01
3.443499307633384604e-02, 2.057855442429027314e-10, 2.640735808805815821e-01
3.622429984166987416e-02, 1.477490012438397829e-10, 2.098140660097720100e-01
3.810658233937726236e-02, 1.087747191160487287e-10, 1.709377465511892347e-01
4.008667176273017496e-02, 7.958581809009013671e-11, 1.384030460865800505e-01
4.216965034285814068e-02, 6.195248884778502725e-11, 1.192253712767094853e-01
4.436086439314318453e-02, 4.197256953550255156e-11, 8.938722320504004226e-02
4.666593803142881497e-02, 3.097370438424511426e-11, 7.299666239272911694e-02
4.909078761526029094e-02, 1.747774324050849512e-11, 4.558218888650246436e-02
5.164163692720710741e-02, 1.312045869048670611e-11, 3.786681766102287239e-02
5.432503314924325144e-02, 1.035507039690002075e-11, 3.307217948090886150e-02
5.714786366718654226e-02, 7.209337899374985939e-12, 2.548033382239093397e-02
6.011737374832767239e-02, 5.791443262900758580e-12, 2.265147625765593503e-02
6.324118513762183591e-02, 4.202311064803118718e-12, 1.818854155286220645e-02
6.652731562017405453e-02, 2.522318270427444038e-12, 1.208118518150584457e-02
6.998419960022730923e-02, 1.485667611540567732e-12, 7.874650508023901124e-03
7.362070974947361457e-02, 9.712248482837451756e-13, 5.696779312360122915e-03
7.744617978025175598e-02, 8.300796846388705676e-13, 5.388022179361887445e-03
8.147042840208371106e-02, 7.094467198484038612e-13, 5.095999244896812393e-03
8.570378452303674399e-02, 6.063449782205254922e-13, 4.819803537928059843e-03
9.015711376059551418e-02, 5.182267002260725585e-13, 4.558577244151307099e-03
9.484184633008958809e-02, 4.429143845065867291e-13, 4.311509041746905239e-03
9.977000638225524964e-02, 3.785469793765342733e-13, 4.077831581532977666e-03
1.049542428652322085e-01, 3.235338941514264617e-13, 3.856819103692890691e-03
1.104078619902073566e-01, 2.765156938702417943e-13, 3.647785183674679809e-03
1.161448613840341398e-01, 2.363305061347144316e-13, 3.450080600261316247e-03
1.221799660164868684e-01, 2.019853099408511128e-13, 3.263091319190105418e-03
1.285286659943612741e-01, 0.000000000000000000e+00, 0.000000000000000000e+00
1.352072563194275101e-01, 0.000000000000000000e+00, 0.000000000000000000e+00
1.422328787122818239e-01, 0.000000000000000000e+00, 0.000000000000000000e+00
1.496235656094432875e-01, 0.000000000000000000e+00, 0.000000000000000000e+00
1.573982864466219878e-01, 0.000000000000000000e+00, 0.000000000000000000e+00
1.655769963469526096e-01, 0.000000000000000000e+00, 0.000000000000000000e+00
1.741806873391609223e-01, 0.000000000000000000e+00, 0.000000000000000000e+00
1.832314422371207341e-01, 0.000000000000000000e+00, 0.000000000000000000e+00
1.927524913190932776e-01, 0.000000000000000000e+00, 0.000000000000000000e+00
2.027682719521279597e-01, 0.000000000000000000e+00, 0.000000000000000000e+00
2.133044913146575072e-01, 0.000000000000000000e+00, 0.000000000000000000e+00
2.243881923782766186e-01, 0.000000000000000000e+00, 0.000000000000000000e+00
2.360478233180573204e-01, 0.000000000000000000e+00, 0.000000000000000000e+00
2.483133105295562693e-01, 0.000000000000000000e+00, 0.000000000000000000e+00
2.612161354399200053e-01, 0.000000000000000000e+00, 0.000000000000000000e+00
2.747894153102391490e-01, 0.000000000000000000e+00, 0.000000000000000000e+00
2.890679882365471687e-01, 0.000000000000000000e+00, 0.000000000000000000e+00
3.040885025676277054e-01, 0.000000000000000000e+00, 0.000000000000000000e+00
3.198895109691397010e-01, 0.000000000000000000e+00, 0.000000000000000000e+00
3.365115693754908155e-01, 0.000000000000000000e+00, 0.000000000000000000e+00
3.539973410834342804e-01, 0.000000000000000000e+00, 0.000000000000000000e+00
3.723917062545675227e-01, 0.000000000000000000e+00, 0.000000000000000000e+00
3.917418771077822437e-01, 0.000000000000000000e+00, 0.000000000000000000e+00
4.120975190973295565e-01, 0.000000000000000000e+00, 0.000000000000000000e+00
4.335108783875284422e-01, 0.000000000000000000e+00, 0.000000000000000000e+00
4.560369159512959736e-01, 0.000000000000000000e+00, 0.000000000000000000e+00
4.797334486366891526e-01, 0.000000000000000000e+00, 0.000000000000000000e+00
5.046612975635276221e-01, 0.000000000000000000e+00, 0.000000000000000000e+00
5.308844442309867961e-01, 0.000000000000000000e+00, 0.000000000000000000e+00
5.584701947368295727e-01, 0.000000000000000000e+00, 0.000000000000000000e+00
5.874893525297757435e-01, 0.000000000000000000e+00, 0.000000000000000000e+00
6.180164001384151895e-01, 0.000000000000000000e+00, 0.000000000000000000e+00
6.501296903430903162e-01, 0.000000000000000000e+00, 0.000000000000000000e+00
6.839116472814292802e-01, 0.000000000000000000e+00, 0.000000000000000000e+00
7.194489780036983362e-01, 0.000000000000000000e+00, 0.000000000000000000e+00
7.568328950209720629e-01, 0.000000000000000000e+00, 0.000000000000000000e+00
7.961593504173167801e-01, 0.000000000000000000e+00, 0.000000000000000000e+00
8.375292821268809362e-01, 0.000000000000000000e+00, 0.000000000000000000e+00
8.810488730080129338e-01, 0.000000000000000000e+00, 0.000000000000000000e+00
9.268298233793484942e-01, 0.000000000000000000e+00, 0.000000000000000000e+00
9.749896377173866702e-01, 0.000000000000000000e+00, 0.000000000000000000e+00
