# M_f [M_sun], P(M_f) [M_sun^-1]
3.548962714117586356e-25, 0.000000000000000000e+00
4.143897244964681628e-25, 0.000000000000000000e+00
4.838564324307219260e-25, 0.000000000000000000e+00
5.649682734992169490e-25, 0.000000000000000000e+00
6.596773932655885372e-25, 0.000000000000000000e+00
7.702631875067320117e-25, 0.000000000000000000e+00
8.993871611864740876e-25, 0.000000000000000000e+00
1.050156983777701776e-24, 0.000000000000000000e+00
1.226201282573591067e-24, 0.000000000000000000e+00
1.431756974063410238e-24, 0.000000000000000000e+00
1.671771235205982412e-24, 0.000000000000000000e+00
1.952020568777308980e-24, 0.000000000000000000e+00
2.279249828377506683e-24, 0.000000000000000000e+00
2.661334549057996954e-24, 0.000000000000000000e+00
3.107470490433956329e-24, 0.000000000000000000e+00
3.628394954078874531e-24, 0.000000000000000000e+00
4.236645201720489617e-24, 0.000000000000000000e+00
4.946860193674237954e-24, 0.000000000000000000e+00
5.776132909553281211e-24, 0.000000000000000000e+00
6.744421730674377979e-24, 0.000000000000000000e+00
7.875030785036159497e-24, 0.000000000000000000e+00
9.195170815492024403e-24, 0.000000000000000000e+00
1.073661406971731716e-23, 0.000000000000000000e+00
1.253645897342513110e-23, 0.000000000000000000e+00
1.463802299047425984e-23, 0.000000000000000000e+00
1.709188515862952929e-23, 0.000000000000000000e+00
1.995710339202826004e-23, 0.000000000000000000e+00
2.330263584757434168e-23, 0.000000000000000000e+00
2.720900056375714993e-23, 0.000000000000000000e+00
3.177021331497144511e-23, 0.000000000000000000e+00
3.709605032032140160e-23, 0.000000000000000000e+00
4.331469026427151886e-23, 0.000000000000000000e+00
5.057579921552993781e-23, 0.000000000000000000e+00
5.905413268993206007e-23, 0.000000000000000000e+00
6.895374154936251738e-23, 0.000000000000000000e+00
8.051288296148122256e-23, 0.000000000000000000e+00
9.400975461394818512e-23, 0.000000000000000000e+00
1.097691901903814394e-22, 0.000000000000000000e+00
1.281704772502877614e-22, 0.000000000000000000e+00
1.496564856684707842e-22, 0.000000000000000000e+00
1.747443263311006971e-22, 0.000000000000000000e+00
2.040377966148069427e-22, 0.000000000000000000e+00
2.382419121782715813e-22, 0.000000000000000000e+00
2.781798748077653061e-22, 0.000000000000000000e+00
3.248128846873889935e-22, 0.000000000000000000e+00
3.792632739224971983e-22, 0.000000000000000000e+00
4.428415180784706451e-22, 0.000000000000000000e+00
5.170777758305154950e-22, 0.000000000000000000e+00
6.037587157996679498e-22, 0.000000000000000000e+00
7.049705168986915043e-22, 0.000000000000000000e+00
8.231490770914376496e-22, 0.000000000000000000e+00
9.611386389565238025e-22, 0.000000000000000000e+00
1.122260243016206653e-21, 0.000000000000000000e+00
1.310391656319376225e-21, 0.000000000000000000e+00
1.530060699946438888e-21, 0.000000000000000000e+00
1.786554221579997443e-21, 0.000000000000000000e+00
2.086045335820364214e-21, 0.000000000000000000e+00
2.435741994580735524e-21, 0.000000000000000000e+00
2.844060463254972146e-21, 0.000000000000000000e+00
3.320827877766432378e-21, 0.000000000000000000e+00
3.877518757505402961e-21, 0.000000000000000000e+00
4.527531166390591196e-21, 0.000000000000000000e+00
5.286509168514232234e-21, 0.000000000000000000e+00
6.172719339017780476e-21, 0.000000000000000000e+00
7.207490391810404495e-21, 0.000000000000000000e+00
8.415726504796120160e-21, 0.000000000000000000e+00
9.826506696977815998e-21, 1.167677088270415469e+14
1.147378468284583961e-20, 1.121923012696986406e+14
1.339720604767883656e-20, 8.620654431859759375e+13
1.564306241098517039e-20, 6.623955654042212500e+13
1.826540554225283020e-20, 5.089728262921732031e+13
2.132734824280151716e-20, 3.910855558728860156e+13
2.490258330249094031e-20, 7.432946086825137500e+13
2.907715708851964547e-20, 1.443969943833793438e+14
3.395154045186442600e-20, 1.425000951080119062e+14
3.964304679255259240e-20, 1.365726113487113906e+14
4.628865548014387372e-20, 1.938124320543453125e+14
5.404830858161902066e-20, 2.342915676874114688e+14
6.310876024011991138e-20, 3.248860164562770000e+14
7.368807134881180046e-20, 3.652776786036856875e+14
8.604085769467593336e-20, 3.973122518155063125e+14
1.004644178810475172e-19, 4.770016974363606250e+14
1.173058885116423403e-19, 5.184611665214280625e+14
1.369705988422578918e-19, 5.990338736094112500e+14
1.599318259743174272e-19, 7.497178931544662500e+14
1.867421853717413878e-19, 8.432091164563252500e+14
2.180469308404809387e-19, 1.001404345591732750e+15
2.545994840657364937e-19, 1.218024650766884500e+15
2.972795674613780767e-19, 1.528383159293463000e+15
3.471143767408655819e-19, 1.902992154081019648e+18
4.053033027769513840e-19, 1.462224908591255552e+18
4.732467977393484649e-19, 1.123547292993039104e+18
5.525800802412904732e-19, 8.633135109209519360e+17
6.452124906878854795e-19, 6.633545581808263680e+17
7.533734440045013057e-19, 5.097096990754390400e+17
8.796660857047170922e-19, 3.916517556524482560e+17
1.027129942656215233e-18, 3.009381575117771520e+17
1.199314076381365808e-18, 2.312354619621542080e+17
1.400362499497209111e-18, 1.776771656706864960e+17
1.635113911040676270e-18, 1.365239350958005280e+17
1.909218151042094247e-18, 1.049025336693407680e+17
2.229272177097818710e-18, 8.060521814380192000e+16
2.602978835535310412e-18, 6.193559835732384800e+16
3.039332248368829520e-18, 4.759019865235212000e+16
3.548834277815029616e-18, 3.656745180217524000e+16
4.143747278091769203e-18, 2.809777158260144400e+16
4.838389217561514039e-18, 2.158982179505006800e+16
5.649478274021606592e-18, 1.658923035130104800e+16
6.596535196630497956e-18, 1.274686591955221600e+16
7.702353118248023089e-18, 9.794462270415092000e+15
8.993546125318797605e-18, 7.525888463252472000e+15
1.050118978791184392e-17, 5.782757194583162000e+15
1.226156906576543473e-17, 4.443366512111668000e+15
1.431705159044002820e-17, 3.414202826888458500e+15
1.671710734114975772e-17, 2.623411980839116000e+15
1.951949925514886663e-17, 2.015782532604384000e+15
2.279167342748857588e-17, 1.548891004703440250e+15
2.661238235854156293e-17, 1.190139960857609000e+15
3.107358031653111131e-17, 9.144821179340180000e+14
3.628263643138282592e-17, 7.026715945395786250e+14
4.236491878316220397e-17, 5.399202019261555625e+14
4.946681167721122281e-17, 4.148649621150427500e+14
5.775923872374348195e-17, 3.187747674132345625e+14
6.744177651302501599e-17, 2.449407918694850312e+14
7.874745789132278381e-17, 1.882080944125527500e+14
9.194838043965264702e-17, 1.446157111359338750e+14
1.073622551364499575e-16, 1.111201086894231875e+14
1.253600528129948575e-16, 8.538269084430798438e+13
1.463749324313652303e-16, 6.560652236392728906e+13
1.709126660647493911e-16, 5.041087056552320312e+13
1.995638114815701302e-16, 3.873480531519837500e+13
2.330179252950391720e-16, 2.976312699968431641e+13
2.720801587507204238e-16, 2.286945091348527344e+13
3.176906355684263719e-16, 1.757247432670168164e+13
3.709470782113892190e-16, 1.350237288733969922e+13
4.331312271366239694e-16, 1.037498022186533398e+13
5.057396888673425339e-16, 7.971948005155747070e+12
5.905199553182014303e-16, 6.125501315459897461e+12
6.895124612624175452e-16, 4.706724923623967773e+12
8.050996921517614587e-16, 3.616562688632754883e+12
9.400635241836067561e-16, 2.778901655195930176e+12
1.097652176637426354e-15, 2.135257998851416504e+12
1.281658387844818299e-15, 1.640693801860179932e+12
1.496510696280042197e-15, 1.260679577320589355e+12
1.747380023663327855e-15, 9.686834891868850098e+11
2.040304125247816402e-15, 7.443189523364962158e+11
2.382332902476464009e-15, 5.719212818134630127e+11
2.781698075296781474e-15, 4.394540157339432373e+11
3.248011297693212803e-15, 3.376685534980256958e+11
3.792495484549381372e-15, 2.594584369220548706e+11
4.428254917260453338e-15, 1.993631914866163330e+11
5.170590628816885501e-15, 1.531870868846306763e+11
6.037368658836964984e-15, 1.177061994905655060e+11
7.049450041464057396e-15, 9.044332443600279236e+10
8.231192874789720272e-15, 6.949502210112307739e+10
9.611038555274013536e-15, 5.339872375271833801e+10
1.122219628626107451e-14, 4.103061790914994812e+10
1.310344233488316355e-14, 3.152718806169888306e+10
1.530005327333422790e-14, 2.422492367233092499e+10
1.786489566513994436e-14, 1.861399518985949707e+10
2.085969842226470568e-14, 1.430265876642798233e+10
2.435653845529604593e-14, 1.098990548253297424e+10
2.843957537234173260e-14, 8.444445503971982956e+09
3.320707697621301066e-14, 6.488559886423795700e+09
3.877378430820567309e-14, 4.985692592829794884e+09
4.527367315877207227e-14, 3.830916422950382233e+09
5.286317850727665526e-14, 2.943607205293244362e+09
6.172495949449466709e-14, 2.261814778089334011e+09
7.207229554069590400e-14, 1.737937752422937393e+09
8.415421941214433446e-14, 1.335400078094981670e+09
9.826151077522554733e-14, 1.026097376669511080e+09
1.147336944870571982e-13, 7.884347497643097639e+08
1.339672120527618000e-13, 6.058190662698928118e+08
1.564249629145710343e-13, 4.655004629943551421e+08
1.826474452061308525e-13, 3.576821746171710491e+08
2.132657641002332364e-13, 2.748365430528458357e+08
2.490168208261894248e-13, 2.111794513609308898e+08
2.907610479159630927e-13, 1.622664882250712812e+08
3.395031175191101639e-13, 1.246826480096085817e+08
3.964161211804007018e-13, 9.580390186989961565e+07
4.628698030228503768e-13, 7.361399328629934788e+07
5.404635258335326130e-13, 5.656366705099635571e+07
6.310647634578878334e-13, 4.346250335602190346e+07
7.368540459117346958e-13, 3.339580505396072194e+07
8.603774389199028282e-13, 2.566073532549119741e+07
1.004607820923932483e-12, 1.971724701293936372e+07
1.173016432332888215e-12, 1.515037760367939249e+07
1.369656419016833193e-12, 1.164127737424192578e+07
1.599260380711907916e-12, 8.944947937873464078e+06
1.867354272066798725e-12, 6.873136945289663039e+06
2.180390397624856683e-12, 5.281194680707835592e+06
2.545902701576178349e-12, 4.057974906880211551e+06
2.972688089689554387e-12, 3.118074856248692609e+06
3.471018147359357998e-12, 2.395872579863962252e+06
4.052886349255764866e-12, 1.840945353650024161e+06
4.732296710254901824e-12, 1.414549264267646940e+06
5.525600824706499793e-12, 1.086914186275480315e+06
6.451891405674874902e-12, 8.351652912834603339e+05
7.533461795592588149e-12, 6.417259730086957570e+05
8.796342507521895701e-12, 4.930906836431080592e+05
1.027092771014048268e-11, 3.788820034129011328e+05
1.199270673427324702e-11, 2.911261098051359295e+05
1.400311820638017854e-11, 2.236960611663249147e+05
1.635054736571430363e-11, 1.718840258430354588e+05
1.909149056791221305e-11, 1.320725907553746365e+05
2.229191500151088592e-11, 1.014822008228139457e+05
2.602884634213915806e-11, 7.797709596624110418e+04
3.039222255498335907e-11, 5.991619659436330403e+04
3.548705846160559437e-11, 4.603852669620564848e+04
4.143597316646138997e-11, 3.537517500829882920e+04
4.838214117152900590e-11, 2.718164756064860558e+04
5.649273820450414145e-11, 2.088588859102424249e+04
6.596296469244882950e-11, 1.604834075136053252e+04
7.702074371516900180e-11, 1.233125608945655949e+04
8.993220650552190613e-11, 9.475115159856499304e+03
1.050080975180062726e-10, 7.280507893214878095e+03
1.226112532185457416e-10, 5.594211182544302574e+03
1.431653345899774112e-10, 4.298491151155749321e+03
1.671650235213482158e-10, 3.302883207952253088e+03
1.951879284809018891e-10, 2.537875989913299236e+03
2.279084860105338701e-10, 1.950058217217922675e+03
2.661141926135866703e-10, 1.498389624100214178e+03
3.107245576942134500e-10, 1.151335609259036346e+03
3.628132336949815997e-10, 8.846655528223415104e+02
4.236338560460705138e-10, 6.797610827429695064e+02
4.946502148246891704e-10, 5.223161771561465230e+02
5.775714842760397404e-10, 4.013383464351211956e+02
6.743933580763869986e-10, 3.083811594660299988e+02
7.874460803542362888e-10, 2.369545306555609443e+02
9.194505284481391166e-10, 1.820715950851799505e+02
1.073583697163442448e-09, 1.399005355379718196e+02
1.253555160559284636e-09, 1.074970526547796652e+02
1.463696351497021232e-09, 8.259879981894744105e+01
1.709064807670563662e-09, 6.346743062287273318e+01
1.995565893042375731e-09, 4.876723098517894073e+01
2.330094924195305965e-09, 3.747186225472817256e+01
2.720703122202257710e-09, 2.879270429079846849e+01
3.176791384032336837e-09, 2.212379557604602809e+01
3.709336537054124696e-09, 1.699952619063634529e+01
4.331155521978282322e-09, 1.306212985528671666e+01
5.057213862417803832e-09, 1.003670540243367526e+01
5.904985845105158122e-09, 7.712023724405861813e+00
6.894875079342960596e-09, 5.925780177963325457e+00
8.050705557431865460e-09, 4.553262797469978196e+00
9.400295034589802586e-09, 3.498645153919558659e+00
1.097612452808688640e-08, 2.688295944579862429e+00
1.281612004865416702e-08, 2.065638202133230905e+00
1.496456537835437654e-08, 1.587199203538227188e+00
1.747316786304279705e-08, 1.219575291118623062e+00
2.040230287019851416e-08, 9.370996957353506795e-01
2.382246686290472952e-08, 7.200505341017749972e-01
2.781597406159238859e-08, 5.532738661849649908e-01
3.247893752766619457e-08, 4.251256773041865999e-01
3.792358234841027568e-08, 3.266589162245429612e-01
4.428094659536107595e-08, 2.509988298651800731e-01
5.170403506100775866e-08, 1.928629817359204801e-01
6.037150167584694934e-08, 1.481924427458447269e-01
7.049194923174215987e-08, 1.138684048608714500e-01
8.230894989445869222e-08, 8.749443214048693851e-02
9.610690733570848061e-08, 6.722914635486267054e-02
1.122179015705835130e-07, 5.165766562546880714e-02
1.310296812373474564e-07, 3.969282019121944671e-02
1.529949956724325201e-07, 3.049924838174839295e-02
1.786424913787846109e-07, 2.343507332989526459e-02
2.085894351364676277e-07, 1.800708840766812244e-02
2.435565699668571264e-07, 1.383632252210345061e-02
2.843854614938248337e-07, 1.063158110858959324e-02
3.320587521825467136e-07, 8.169115506519421255e-03
3.877238109214126943e-07, 6.277001273586547449e-03
4.527203471293543005e-07, 4.823134763752986824e-03
5.286126539864874544e-07, 3.706009913875774660e-03
6.172272567965604518e-07, 2.847631292611526796e-03
7.206968725768446012e-07, 2.188068614792219348e-03
8.415117388654812462e-07, 1.681272528315297691e-03
9.825795470937055071e-07, 1.291859540125133874e-03
1.147295422959284638e-06, 9.926416112232649795e-04
1.339623638041987889e-06, 7.627279419529489537e-04
1.564193019241686001e-06, 5.860663129927869575e-04
1.826408352289566483e-06, 4.503228030165664524e-04
2.132580460517753101e-06, 3.460199339578709293e-04
2.490078089536171985e-06, 2.658754873041702126e-04
2.907505253275528389e-06, 2.042939374638361096e-04
3.394908309642402768e-06, 1.569757833174374511e-04
3.964017749544815386e-06, 1.206173337747647043e-04
4.628530518505076199e-06, 9.268012484118942911e-05
5.404439665587494086e-06, 7.121371657380773444e-05
6.310419253411135426e-06, 5.471931816945853523e-05
7.368273793004429503e-06, 4.204523500818088574e-05
8.603463020199222133e-06, 3.230675391297000869e-05
1.004571464353174789e-05, 2.482383407364262067e-05
1.172973981085711423e-05, 1.907408864599385620e-05
1.369606851405000625e-05, 1.465610185568316575e-05
1.599202503775273322e-05, 1.126136499128386619e-05
1.867286692861943421e-05, 8.652920390544148623e-06
2.180311489700670832e-05, 6.648568657903295716e-06
2.545810565829488036e-05, 5.108427002273697086e-06
2.972580508658805780e-05, 3.925008362572762150e-06
3.470892531856226512e-05, 3.015648695111509464e-06
4.052739676050301244e-05, 2.316818010672894300e-06
4.732125449314459231e-05, 1.779700978136658425e-06
