# M_f [M_sun], P(M_f) [M_sun^-1]
3.554939309087782630e-22, 1.582331267937492271e+21
4.164867986368243590e-22, 1.256035065390599504e+21
4.879443454781822347e-22, 1.000561242176292389e+21
5.716620192126315073e-22, 7.887830837873410048e+20
6.697433165046825470e-22, 6.211054853853768581e+20
7.846526355214260603e-22, 4.908908897364783923e+20
9.192771965891135454e-22, 3.832905343052062392e+20
1.076999586711594898e-21, 3.004491577013553725e+20
1.261782750709730719e-21, 2.334737403148659917e+20
1.478269564475659425e-21, 1.811654551912911995e+20
1.731899492227074708e-21, 1.411843536083238748e+20
2.029045258900605437e-21, 1.096353566177715323e+20
2.377172971725329711e-21, 8.474506510908571648e+19
2.785029714203261248e-21, 6.580597544316847718e+19
3.262863325997498860e-21, 5.092400886551388979e+19
3.822679890934355379e-21, 3.934124708174264730e+19
4.478545402782572019e-21, 3.019983816907676877e+19
5.246939188487060978e-21, 2.329203602733752320e+19
6.147167968996433368e-21, 1.787583844070445056e+19
7.201850961408169007e-21, 1.372438047096126054e+19
8.437488211144998925e-21, 1.052272338469914214e+19
9.885126434120334154e-21, 8.055973070714892288e+18
1.158113909889358002e-20, 6.168317595888988160e+18
1.356814034921921673e-20, 4.712586585396374528e+18
1.589605573027771623e-20, 3.600409995046165504e+18
1.862337662173687523e-20, 2.750708532889080832e+18
2.181862989662507000e-20, 2.101537725792192000e+18
2.556209973277687262e-20, 1.605572077201927680e+18
2.994784483921711958e-20, 1.226654969574132480e+18
3.508606178246820418e-20, 9.371627943375582720e+17
4.110585379389697468e-20, 7.159911506293442560e+17
4.815847462736724022e-20, 5.470163037595818880e+17
5.642112897261175748e-20, 4.179197414881143040e+17
6.610142491380065642e-20, 3.192901365555192960e+17
7.744259030612173168e-20, 2.439372472299002240e+17
9.072958413744709407e-20, 1.863677382209220800e+17
1.062962564296273862e-19, 1.423847085428813760e+17
1.245337365796392977e-19, 1.087817313252421760e+17
1.459002609066893339e-19, 8.310910062756734400e+16
1.709326863329692882e-19, 6.349524431148953600e+16
2.002599794916861493e-19, 4.851028370818929600e+16
2.346190201907295332e-19, 3.706179338258240000e+16
2.748731163110049905e-19, 2.831516172933363200e+16
3.220336953461912371e-19, 2.163274657224521200e+16
3.772857176071966462e-19, 1.652739012167376600e+16
4.420174496254335417e-19, 1.262690446272119400e+16
5.178553458437248030e-19, 9.646938514605694000e+15
6.067049150348568050e-19, 7.370248423066589000e+15
7.107985982605515872e-19, 5.630860167240927000e+15
8.327518613560927099e-19, 4.301969812006408500e+15
9.756289113246611492e-19, 3.286699316577540000e+15
1.143019687836545591e-18, 2.511033984348930500e+15
1.339130064327491740e-18, 1.918426683801730500e+15
1.568887525095887845e-18, 1.465675480324795500e+15
1.838064973649593682e-18, 1.119774152311234750e+15
2.153425783120427356e-18, 8.555059895704061250e+14
2.522893733294045941e-18, 6.536054584580281250e+14
2.955752104106024924e-18, 4.993537164370393750e+14
3.462876928042592619e-18, 3.815055870367941250e+14
4.057010262163551902e-18, 2.914697701236416250e+14
4.753080346001232680e-18, 2.226825236185468438e+14
5.568576689647165650e-18, 1.701291571439318125e+14
6.523989516518419787e-18, 1.299784538130182188e+14
7.643324602276253526e-18, 9.930336891829778125e+13
8.954706445778864130e-18, 7.586764413053779688e+13
1.049108492738794133e-17, 5.796278100561732031e+13
1.229106321017912490e-17, 4.428348896972972656e+13
1.439986768596596156e-17, 3.383252772399136328e+13
1.687048433707514473e-17, 2.584800698465884766e+13
1.976499006618515979e-17, 1.974784356931205469e+13
2.315611244532450716e-17, 1.508732668973955078e+13
2.712905707440121844e-17, 1.152669787973194336e+13
3.178364846361432647e-17, 8.806382121820507812e+12
3.723683823172148955e-17, 6.728064437023299805e+12
4.362564364134417995e-17, 5.140232440808488281e+12
5.111059030517391504e-17, 3.927130869196174805e+12
5.987974556477713349e-17, 3.000322853318690430e+12
7.015344388498441742e-17, 2.292242740521559082e+12
8.218982299448246298e-17, 1.751270459331343506e+12
9.629130987410051721e-17, 1.337968342792287109e+12
1.128122195602306520e-16, 1.022206066064148071e+12
1.321676576914936317e-16, 7.809640989833708496e+11
1.548439504847211017e-16, 5.966555514258974609e+11
1.814108642046238339e-16, 4.558440616555003662e+11
2.125359211544772699e-16, 3.482642676216987305e+11
2.490011718924986992e-16, 2.660734451988096924e+11
2.917228450939035525e-16, 2.032797643516592102e+11
3.417743687825801351e-16, 1.553054743009579468e+11
4.004133413656054675e-16, 1.186531793370360260e+11
4.691131301468769991e-16, 9.065087389171853638e+10
5.495998912665211303e-16, 6.925714916004777527e+10
6.438959412319121213e-16, 5.291237133447126770e+10
7.543705697967002551e-16, 4.042498255244739532e+10
8.837995709161229663e-16, 3.088463384055152512e+10
1.035434987557938712e-15, 2.359581983384524536e+10
1.213086822782425552e-15, 1.802717551331572723e+10
1.421218770170270965e-15, 1.377273848991266632e+10
1.665060368928408994e-15, 1.052235416782396889e+10
1.950738401691563623e-15, 8.039064779290496826e+09
2.285430836530691886e-15, 6.141834930888067245e+09
2.677547181126970641e-15, 4.692353835081368446e+09
3.136939780704104200e-15, 3.584952181952540398e+09
3.675151368806934184e-15, 2.738898757827545166e+09
4.305705090906085245e-15, 2.092515045794857979e+09
5.044444287983953543e-15, 1.598678723921070337e+09
5.909930577530328216e-15, 1.221388437417159319e+09
6.923910234161186932e-15, 9.331391368462945223e+08
8.111860588175597371e-15, 7.129170577926054001e+08
9.503630170902745736e-15, 5.446676806633996964e+08
1.113418869117993458e-14, 4.161253723228139877e+08
1.304450568692773882e-14, 3.179192229224578142e+08
1.528257992888903767e-14, 2.428898558619338274e+08
1.790464544140884680e-14, 1.855675216588346362e+08
2.097658444282498875e-14, 1.417733303362148106e+08
2.457558270711805719e-14, 1.083146249442318827e+08
2.879206893956380988e-14, 8.275221734314790368e+07
3.373198689528892016e-14, 6.322257799412958324e+07
3.951945733015404868e-14, 4.830195683551098406e+07
4.629989666834555381e-14, 3.690262489798766375e+07
5.424367074655676216e-14, 2.819354839323584735e+07
6.355037543901280041e-14, 2.153982472403652221e+07
7.445385171865133341e-14, 1.645639356849865057e+07
8.722806116326921614e-14, 1.257265897862617299e+07
1.021939695350504780e-13, 9.605490166999237612e+06
1.197276113908228647e-13, 7.338579204981069081e+06
1.402695383550534565e-13, 5.606660399996146560e+06
1.643358884536128603e-13, 4.283477483607840724e+06
1.925313546372367750e-13, 3.272568196994250175e+06
2.255643783427914986e-13, 2.500234863158314954e+06
2.642649498469248929e-13, 1.910173770867545158e+06
3.096054626651536335e-13, 1.459368215102598304e+06
3.627251459856035670e-13, 1.114952791661283700e+06
4.249586890286010331e-13, 8.518199965841152007e+05
4.978697765499685977e-13, 6.507872707473121118e+05
5.832903781036313840e-13, 4.971985135751244379e+05
6.833667782485480914e-13, 3.798573431988563389e+05
8.006135042584769108e-13, 2.902090875013579498e+05
9.379765063263084318e-13, 2.217180988798738690e+05
1.098907177733620883e-12, 1.693912860051324242e+05
1.287449074821890004e-12, 1.294136991900955763e+05
1.508339515697955710e-12, 9.887074679075471067e+04
1.767128610450621027e-12, 7.553632721623001271e+04
2.070318713640647402e-12, 5.770881084543260658e+04
2.425527802958077446e-12, 4.408863279550149309e+04
2.841680889111551975e-12, 3.368297211161656742e+04
3.329234266329045287e-12, 2.573310168138825611e+04
3.900438238005257590e-12, 1.965956690288160826e+04
4.569644918760408134e-12, 1.501936802770006761e+04
5.353668846768369621e-12, 1.147436085252305929e+04
6.272209467127062636e-12, 8.765986826352524076e+03
7.348346101620664173e-12, 6.696812302358154739e+03
8.609117841521512969e-12, 5.116007969503535605e+03
1.008620293386256217e-11, 3.908284271443069429e+03
1.181671473149198844e-11, 2.985648895339795672e+03
1.384413420601148128e-11, 2.280772070370023812e+03
1.621940245398964309e-11, 1.742232078457147509e+03
1.900220064684535723e-11, 1.330814881203868936e+03
2.226244958451911904e-11, 1.016516039995516621e+03
2.608206653083284003e-11, 7.764326425595170349e+02
3.055702347291745383e-11, 5.930069744006553947e+02
3.579975852069152363e-11, 4.529060297848067194e+02
4.194200103539933424e-11, 3.458743887445868950e+02
4.913808147160267494e-11, 2.641044208479619897e+02
5.756880909596944173e-11, 2.016555528723714872e+02
6.744601501471849372e-11, 1.539641799313858428e+02
7.901787465817365748e-11, 1.175322088177535136e+02
9.257514345558095331e-11, 8.971075703994954154e+01
1.084584623782321578e-10, 6.846156479224308100e+01
1.270669169105270310e-10, 5.223516519130777169e+01
1.488680645023350689e-10, 3.984771787071864679e+01
1.744096824531938844e-10, 3.039157623921489559e+01
2.043335314065755398e-10, 2.317480274463431300e+01
2.393914802768297581e-10, 1.766219313817001790e+01
2.804643977649551806e-10, 1.345857386544890133e+01
3.285842851328589352e-10, 1.024766155984113958e+01
3.849602063458864622e-10, 7.798111939700969053e+00
4.510086671063629299e-10, 5.931432594057702623e+00
5.283892060840569477e-10, 4.507722183026209528e+00
6.190460926115560205e-10, 3.424597338343806197e+00
7.252571785440163173e-10, 2.599392639425032847e+00
8.496911317388502362e-10, 1.971365746819687015e+00
9.954744892081493267e-10, 1.492309629312145614e+00
1.166270214726448448e-09, 1.128910489173180265e+00
1.366369734738289428e-09, 8.530075582541739587e-01
1.600800765066854691e-09, 6.437112397962667654e-01
1.875453637685745777e-09, 4.849086015403894501e-01
2.197229301650036782e-09, 3.647402987016524212e-01
2.574212716869338996e-09, 2.736262685270652861e-01
3.015875997428001928e-09, 2.045651021874164421e-01
3.533316408647045077e-09, 1.529037334469978693e-01
4.139535197820245990e-09, 1.140250607230784419e-01
4.849764264546636664e-09, 8.461911847223760330e-02
5.681848878603233730e-09, 6.271611977406646443e-02
6.656696061556467092e-09, 4.621898228930664682e-02
7.798799898182857864e-09, 3.399894197538066293e-02
9.136856976714022134e-09, 2.488082009287797755e-02
1.070448742150435761e-08, 1.817153898986486119e-02
1.254107963484337046e-08, 1.322892471813355564e-02
1.469277997296015627e-08, 9.606270887651665799e-03
1.721365222289457542e-08, 6.907444977585198986e-03
2.016703601333963015e-08, 4.960539890269527290e-03
2.362713829099000118e-08, 3.546535093656358242e-03
2.768089784995247636e-08, 2.534244879500019854e-03
3.243016976252675725e-08, 1.800860063181603877e-03
3.799428459753194850e-08, 1.270283167448030357e-03
4.451304672929294335e-08, 8.939194150766033688e-04
5.215024707302747141e-08, 6.228433154908611779e-04
6.109777850789253333e-08, 4.293147811677691726e-04
7.158045739212245458e-08, 2.956899342236596080e-04
8.386167231601665177e-08, 2.044075728621743738e-04
9.825000202377754192e-08, 1.403409140655973027e-04
1.151069687866058048e-07, 9.601458125815092446e-05
1.348561220388992395e-07, 6.403089812076441295e-05
1.579936805136920602e-07, 4.270843524661199764e-05
1.851010002724404292e-07, 2.912068816126892138e-05
2.168591819018276323e-07, 1.976211523947583767e-05
2.540661838991262367e-07, 1.320347165248157885e-05
2.976568722383458751e-07, 8.081507853613889718e-06
3.487265098841028302e-07, 5.734079281660188058e-06
4.085582764525233750e-07, 3.402817662466509923e-06
4.786555094802828620e-07, 1.961058482767579256e-06
5.607794773983806434e-07, 1.187870063414900268e-06
6.569936332972589126e-07, 6.757925903851533623e-07
7.697154614067526183e-07, 3.625031224129662211e-07
9.017772189895008571e-07, 2.120972064248836405e-07
1.056497099853249245e-06, 8.901654806480463507e-08
1.237762607541896761e-06, 3.717962319717086866e-08
1.450128233046472805e-06, 1.466885676595472122e-08
1.698929891293638432e-06, 0.000000000000000000e+00
1.990418991751685834e-06, 0.000000000000000000e+00
2.331919511822318867e-06, 0.000000000000000000e+00
2.732012019656224729e-06, 0.000000000000000000e+00
3.200749270163831329e-06, 0.000000000000000000e+00
3.749908791302991839e-06, 0.000000000000000000e+00
4.393288807145992575e-06, 0.000000000000000000e+00
5.147054933111502699e-06, 0.000000000000000000e+00
6.030146354452266775e-06, 0.000000000000000000e+00
7.064751693670376281e-06, 0.000000000000000000e+00
8.276866523540982274e-06, 0.000000000000000000e+00
9.696946533859272140e-06, 0.000000000000000000e+00
1.136067276342852149e-05, 0.000000000000000000e+00
1.330984812456625985e-05, 0.000000000000000000e+00
1.559344774627215830e-05, 0.000000000000000000e+00
1.826884952705988956e-05, 0.000000000000000000e+00
2.140327581641746703e-05, 0.000000000000000000e+00
2.507548244869502754e-05, 0.000000000000000000e+00
2.937773756821394599e-05, 0.000000000000000000e+00
3.441813996570822800e-05, 0.000000000000000000e+00
4.032333517679733450e-05, 0.000000000000000000e+00
4.724169758738698836e-05, 0.000000000000000000e+00
