# M_f [M_sun], P(M_f) [M_sun^-1]
3.548962714117586356e-25, 0.000000000000000000e+00
4.143897244964681628e-25, 0.000000000000000000e+00
4.838564324307219260e-25, 0.000000000000000000e+00
5.649682734992169490e-25, 0.000000000000000000e+00
6.596773932655885372e-25, 0.000000000000000000e+00
7.702631875067320117e-25, 0.000000000000000000e+00
8.993871611864740876e-25, 0.000000000000000000e+00
1.050156983777701776e-24, 0.000000000000000000e+00
1.226201282573591067e-24, 0.000000000000000000e+00
1.431756974063410238e-24, 0.000000000000000000e+00
1.671771235205982412e-24, 0.000000000000000000e+00
1.952020568777308980e-24, 0.000000000000000000e+00
2.279249828377506683e-24, 0.000000000000000000e+00
2.661334549057996954e-24, 0.000000000000000000e+00
3.107470490433956329e-24, 0.000000000000000000e+00
3.628394954078874531e-24, 0.000000000000000000e+00
4.236645201720489617e-24, 0.000000000000000000e+00
4.946860193674237954e-24, 0.000000000000000000e+00
5.776132909553281211e-24, 0.000000000000000000e+00
6.744421730674377979e-24, 0.000000000000000000e+00
7.875030785036159497e-24, 0.000000000000000000e+00
9.195170815492024403e-24, 0.000000000000000000e+00
1.073661406971731716e-23, 0.000000000000000000e+00
1.253645897342513110e-23, 0.000000000000000000e+00
1.463802299047425984e-23, 0.000000000000000000e+00
1.709188515862952929e-23, 0.000000000000000000e+00
1.995710339202826004e-23, 0.000000000000000000e+00
2.330263584757434168e-23, 0.000000000000000000e+00
2.720900056375714993e-23, 0.000000000000000000e+00
3.177021331497144511e-23, 0.000000000000000000e+00
3.709605032032140160e-23, 0.000000000000000000e+00
4.331469026427151886e-23, 0.000000000000000000e+00
5.057579921552993781e-23, 0.000000000000000000e+00
5.905413268993206007e-23, 0.000000000000000000e+00
6.895374154936251738e-23, 1.297261690909549866e+11
8.051288296148122256e-23, 9.967925266224760437e+10
9.400975461394818512e-23, 5.689331890606630859e+11
1.097691901903814394e-22, 4.371580190620937500e+11
1.281704772502877614e-22, 3.359043509938663330e+11
1.496564856684707842e-22, 2.581028554816119080e+11
1.747443263311006971e-22, 1.983215871144767456e+11
2.040377966148069427e-22, 1.355980619728494385e+12
2.382419121782715813e-22, 1.427206890362213135e+12
2.781798748077653061e-22, 2.995703262264701172e+12
3.248128846873889935e-22, 2.884444494231082520e+12
3.792632739224971983e-22, 6.305149531340141602e+12
4.428415180784706451e-22, 1.129501516758092031e+14
5.170777758305154950e-22, 8.685974980313381250e+13
6.037587157996679498e-22, 6.674146787403948438e+13
7.049705168986915043e-22, 5.142350025100178906e+13
8.231490770914376496e-22, 3.959043778311662500e+13
9.611386389565238025e-22, 3.167256650393871484e+13
1.122260243016206653e-21, 2.465566250895889844e+13
1.310391656319376225e-21, 1.935661899486466016e+13
1.530060699946438888e-21, 1.752529735723423438e+13
1.786554221579997443e-21, 1.357239150878626172e+13
2.086045335820364214e-21, 1.396571793731426758e+13
2.435741994580735524e-21, 1.081134783213074219e+13
2.844060463254972146e-21, 1.071792413928472461e+13
3.320827877766432378e-21, 9.003707768859798828e+12
3.877518757505402961e-21, 2.273995146265167969e+13
4.527531166390591196e-21, 1.821342276172164062e+13
5.286509168514232234e-21, 1.444448899129868164e+13
6.172719339017780476e-21, 1.561619062660916992e+13
7.207490391810404495e-21, 7.831386392057582812e+13
8.415726504796120160e-21, 6.160453899542728125e+13
9.826506696977815998e-21, 6.677497100497115625e+13
1.147378468284583961e-20, 5.345554716202797656e+13
1.339720604767883656e-20, 9.471274833691026562e+13
1.564306241098517039e-20, 1.533363903772098200e+16
1.826540554225283020e-20, 1.178343312502119600e+16
2.132734824280151716e-20, 9.103148610138320000e+15
2.490258330249094031e-20, 7.004116849661073000e+15
2.907715708851964547e-20, 5.396811271901456000e+15
3.395154045186442600e-20, 4.156872321315179000e+15
3.964304679255259240e-20, 3.589578315548232500e+15
4.628865548014387372e-20, 2.767039699942330000e+15
5.404830858161902066e-20, 4.299531236458925500e+15
6.310876024011991138e-20, 3.305332918146651000e+15
7.368807134881180046e-20, 2.607720249767428500e+15
8.604085769467593336e-20, 2.013261856410354000e+15
1.004644178810475172e-19, 1.555374401221727250e+15
1.173058885116423403e-19, 1.264217457202038500e+15
1.369705988422578918e-19, 9.940349672284711250e+14
1.599318259743174272e-19, 7.770138881870196250e+14
1.867421853717413878e-19, 6.466100478498721250e+14
2.180469308404809387e-19, 7.717378756206055000e+14
2.545994840657364937e-19, 7.172986420176333750e+14
2.972795674613780767e-19, 5.726410297228023750e+14
3.471143767408655819e-19, 4.809223462201188750e+14
4.053033027769513840e-19, 4.090647866428865000e+14
4.732467977393484649e-19, 4.635201451218506250e+14
5.525800802412904732e-19, 4.366616998400996875e+14
6.452124906878854795e-19, 4.127438536333095000e+14
7.533734440045013057e-19, 3.634670315788938750e+14
8.796660857047170922e-19, 3.168754186177958125e+14
1.027129942656215233e-18, 3.372832797017026250e+14
1.199314076381365808e-18, 3.594668395786810000e+14
1.400362499497209111e-18, 3.246425498484851875e+14
1.635113911040676270e-18, 3.122394542654757500e+14
1.909218151042094247e-18, 3.145631860904674375e+14
2.229272177097818710e-18, 2.879138357569078750e+14
2.602978835535310412e-18, 2.646586003023361562e+14
3.039332248368829520e-18, 2.720446324291737188e+14
3.548834277815029616e-18, 2.540239604584574375e+14
4.143747278091769203e-18, 2.528541211837114062e+14
4.838389217561514039e-18, 2.567737721097989062e+14
5.649478274021606592e-18, 2.491071989157259062e+14
6.596535196630497956e-18, 2.461792940244682812e+14
7.702353118248023089e-18, 2.479659516182956875e+14
8.993546125318797605e-18, 2.500127252118804375e+14
1.050118978791184392e-17, 2.575007730164609375e+14
1.226156906576543473e-17, 2.659159036148483750e+14
1.431705159044002820e-17, 2.764220477680780000e+14
1.671710734114975772e-17, 2.811306975681558750e+14
1.951949925514886663e-17, 3.206206866031681250e+14
2.279167342748857588e-17, 3.331833627191481250e+14
2.661238235854156293e-17, 3.543380595399088750e+14
3.107358031653111131e-17, 3.829741954161278750e+14
3.628263643138282592e-17, 4.152084463797738125e+14
4.236491878316220397e-17, 4.613758121753945000e+14
4.946681167721122281e-17, 5.109973783623986875e+14
5.775923872374348195e-17, 5.678190554444708750e+14
6.744177651302501599e-17, 6.168209025287385000e+14
7.874745789132278381e-17, 6.598610000263883750e+14
9.194838043965264702e-17, 6.911669936218292500e+14
1.073622551364499575e-16, 7.095290176808361250e+14
1.253600528129948575e-16, 7.235928989947615000e+14
1.463749324313652303e-16, 7.248451147199865000e+14
1.709126660647493911e-16, 7.121711812828402500e+14
1.995638114815701302e-16, 6.944987629556188750e+14
2.330179252950391720e-16, 6.722921310399667500e+14
2.720801587507204238e-16, 6.406423498046177500e+14
3.176906355684263719e-16, 6.028917444777191250e+14
3.709470782113892190e-16, 5.633665845710161250e+14
4.331312271366239694e-16, 5.185473755550329375e+14
5.057396888673425339e-16, 4.721968681805958750e+14
5.905199553182014303e-16, 4.244763083426771875e+14
6.895124612624175452e-16, 3.760700153504041250e+14
8.050996921517614587e-16, 3.267724530530308750e+14
9.400635241836067561e-16, 2.803710179231168125e+14
1.097652176637426354e-15, 2.367877758304337500e+14
1.281658387844818299e-15, 1.973162742519003750e+14
1.496510696280042197e-15, 1.622052640870138438e+14
1.747380023663327855e-15, 1.318049771913035625e+14
2.040304125247816402e-15, 1.060625604559445781e+14
2.382332902476464009e-15, 8.464206278928034375e+13
2.781698075296781474e-15, 6.696628758336800781e+13
3.248011297693212803e-15, 5.267552279509503125e+13
3.792495484549381372e-15, 4.121264397181578125e+13
4.428254917260453338e-15, 3.210667219981003125e+13
5.170590628816885501e-15, 2.493548209162441016e+13
6.037368658836964984e-15, 1.932158196435974219e+13
7.049450041464057396e-15, 1.494762648254239062e+13
8.231192874789720272e-15, 1.153482336650214648e+13
9.611038555274013536e-15, 8.894033373884029297e+12
1.122219628626107451e-14, 6.851996951081636719e+12
1.310344233488316355e-14, 5.274493666809309570e+12
1.530005327333422790e-14, 4.059246980960417969e+12
1.786489566513994436e-14, 3.122268153845659668e+12
2.085969842226470568e-14, 2.400759518337682129e+12
2.435653845529604593e-14, 1.845186397088267090e+12
2.843957537234173260e-14, 1.418029856789067383e+12
3.320707697621301066e-14, 1.089636409492316040e+12
3.877378430820567309e-14, 8.372593410002762451e+11
4.527367315877207227e-14, 6.433350027380775146e+11
5.286317850727665526e-14, 4.943284833217431030e+11
6.172495949449466709e-14, 3.798331061184348145e+11
7.207229554069590400e-14, 2.918569197397413940e+11
8.415421941214433446e-14, 2.242576021024830017e+11
9.826151077522554733e-14, 1.723155035628506165e+11
1.147336944870571982e-13, 1.324041302410888977e+11
1.339672120527618000e-13, 1.017369496124198914e+11
1.564249629145710343e-13, 7.817284017689027405e+10
1.826474452061308525e-13, 6.006660276839646149e+10
2.132657641002332364e-13, 4.615409596889711761e+10
2.490168208261894248e-13, 3.546397622099408722e+10
2.907610479159630927e-13, 2.724988069267016602e+10
3.395031175191101639e-13, 2.093831759103099823e+10
3.964161211804007018e-13, 1.608862615150740433e+10
4.628698030228503768e-13, 1.236221057468242645e+10
5.404635258335326130e-13, 9.498899956196609497e+09
6.310647634578878334e-13, 7.298783624811451912e+09
7.368540459117346958e-13, 5.608253864405008316e+09
8.603774389199028282e-13, 4.309281236063510895e+09
1.004607820923932483e-12, 3.311174058682544708e+09
1.173016432332888215e-12, 2.544246485901469707e+09
1.369656419016833193e-12, 1.954953146202265024e+09
1.599260380711907916e-12, 1.502150758483093977e+09
1.867354272066798725e-12, 1.154225560478686810e+09
2.180390397624856683e-12, 8.868861048591110706e+08
2.545902701576178349e-12, 6.814672876832609177e+08
2.972688089689554387e-12, 5.236271658952594995e+08
3.471018147359357998e-12, 4.023456617775413990e+08
4.052886349255764866e-12, 3.091551401826393008e+08
4.732296710254901824e-12, 2.375492229056759775e+08
5.525600824706499793e-12, 1.825285270539766848e+08
6.451891405674874902e-12, 1.402516172272459269e+08
7.533461795592588149e-12, 1.077668025343142003e+08
8.796342507521895701e-12, 8.280605585481582582e+07
1.027092771014048268e-11, 6.362666954347953200e+07
1.199270673427324702e-11, 4.888957566069912910e+07
1.400311820638017854e-11, 3.756585899215560406e+07
1.635054736571430363e-11, 2.886491913711073622e+07
1.909149056791221305e-11, 2.217927481080842391e+07
2.229191500151088592e-11, 1.704214721440913901e+07
2.602884634213915806e-11, 1.309487143512240052e+07
3.039222255498335907e-11, 1.006185701305096783e+07
3.548705846160559437e-11, 7.731343861505039968e+06
4.143597316646138997e-11, 5.940620135758071207e+06
4.838214117152900590e-11, 4.564660360475010239e+06
5.649273820450414145e-11, 3.507398241087397560e+06
6.596296469244882950e-11, 2.695017518496398814e+06
7.702074371516900180e-11, 2.070799220711455913e+06
8.993220650552190613e-11, 1.591161364221337019e+06
1.050080975180062726e-10, 1.222616667008482618e+06
1.226112532185457416e-10, 9.394338363050273620e+05
1.431653345899774112e-10, 7.218414183715367690e+05
1.671650235213482158e-10, 5.546476192219357472e+05
1.951879284809018891e-10, 4.261789943670835928e+05
2.279084860105338701e-10, 3.274662103553972556e+05
2.661141926135866703e-10, 2.516172968374307384e+05
3.107245576942134500e-10, 1.933364479647134140e+05
3.628132336949815997e-10, 1.485547294768064457e+05
4.236338560460705138e-10, 1.141454086065744923e+05
4.946502148246891704e-10, 8.770598901701779687e+04
5.775714842760397404e-10, 6.739052211667431402e+04
6.743933580763869986e-10, 5.178052637805022096e+04
7.874460803542362888e-10, 3.978619057575784973e+04
9.194505284481391166e-10, 3.057006678097707118e+04
1.073583697163442448e-09, 2.348863331168968580e+04
1.253555160559284636e-09, 1.804747124518425335e+04
1.463696351497021232e-09, 1.386663891975289334e+04
1.709064807670563662e-09, 1.065421311256261833e+04
1.995565893042375731e-09, 8.185904236941623822e+03
2.330094924195305965e-09, 6.289370199421892721e+03
2.720703122202257710e-09, 4.832131142635049400e+03
3.176791384032336837e-09, 3.712465212657281882e+03
3.709336537054124696e-09, 2.852170430809533173e+03
4.331155521978282322e-09, 2.191164130670777013e+03
5.057213862417803832e-09, 1.683300150712595951e+03
5.904985845105158122e-09, 1.293103933849333544e+03
6.894875079342960596e-09, 9.933143512326865903e+02
8.050705557431865460e-09, 7.629827455996446588e+02
9.400295034589802586e-09, 5.860295523775250786e+02
1.097612452808688640e-08, 4.500864318076373252e+02
1.281612004865416702e-08, 3.456476701769609008e+02
1.496456537835437654e-08, 2.654187331529630001e+02
1.747316786304279705e-08, 2.037920491225382875e+02
2.040230287019851416e-08, 1.564529323504891067e+02
2.382246686290472952e-08, 1.200929456798217529e+02
2.781597406159238859e-08, 9.216826103841533779e+01
3.247893752766619457e-08, 7.072418617139091168e+01
3.792358234841027568e-08, 5.425860068637783229e+01
4.428094659536107595e-08, 4.161586600994782259e+01
5.170403506100775866e-08, 3.191041275902856711e+01
6.037150167584694934e-08, 2.446052367666818128e+01
7.049194923174215987e-08, 1.874359335499562818e+01
8.230894989445869222e-08, 1.435755195912491899e+01
9.610690733570848061e-08, 1.099307114430262189e+01
1.122179015705835130e-07, 8.413067692927576502e+00
1.310296812373474564e-07, 6.434682270894446887e+00
1.529949956724325201e-07, 4.918580548692995436e+00
1.786424913787846109e-07, 3.757278543166102658e+00
2.085894351364676277e-07, 2.868013721942686889e+00
2.435565699668571264e-07, 2.187422522109915501e+00
2.843854614938248337e-07, 1.666729705993284405e+00
3.320587521825467136e-07, 1.268996435682200996e+00
3.877238109214126943e-07, 9.650501676119073169e-01
4.527203471293543005e-07, 7.331512902456477354e-01
5.286126539864874544e-07, 5.563071352696854488e-01
6.172272567965604518e-07, 4.215301747912440500e-01
7.206968725768446012e-07, 3.189274981252063768e-01
8.415117388654812462e-07, 2.409042080285086762e-01
9.825795470937055071e-07, 1.816302451012981045e-01
1.147295422959284638e-06, 1.367435698548636058e-01
1.339623638041987889e-06, 1.026881056351229421e-01
1.564193019241686001e-06, 7.697283210538674592e-02
1.826408352289566483e-06, 5.753063526274482253e-02
2.132580460517753101e-06, 4.289311137922305339e-02
2.490078089536171985e-06, 3.189088782787204840e-02
2.907505253275528389e-06, 2.363557095381269707e-02
3.394908309642402768e-06, 1.745727069973567955e-02
3.964017749544815386e-06, 1.284721776181101116e-02
4.628530518505076199e-06, 9.418207757546346454e-03
5.404439665587494086e-06, 6.864618449141293884e-03
6.310419253411135426e-06, 4.981556827806260870e-03
7.368273793004429503e-06, 3.587832521696063520e-03
8.603463020199222133e-06, 2.569720432476536084e-03
1.004571464353174789e-05, 1.823979742623123464e-03
1.172973981085711423e-05, 1.284706737564535097e-03
1.369606851405000625e-05, 8.933434871171416552e-04
1.599202503775273322e-05, 6.134251949418180212e-04
1.867286692861943421e-05, 4.123358188424406864e-04
2.180311489700670832e-05, 2.731651672696202107e-04
2.545810565829488036e-05, 1.751663875745580149e-04
2.972580508658805780e-05, 1.084207648148691736e-04
3.470892531856226512e-05, 6.283540096820936362e-05
4.052739676050301244e-05, 3.315362487986802309e-05
4.732125449314459231e-05, 1.422909275944919211e-05
