# Columns: R_MC [pc], P(R_MC) [1/pc], Cross-section weighted P(R_MC) [1/pc]
1.025651926251407861e-11, 6.816885003444765508e+07, 1.074277838458001788e+05
1.078946722229829815e-11, 6.620764330689503253e+07, 1.096529515618051955e+05
1.135010815672316663e-11, 6.416726168604107946e+07, 1.118238670294705225e+05
1.193988104464273125e-11, 6.048985330158269405e+07, 1.109122257126459299e+05
1.256029963694872804e-11, 5.720500064029344171e+07, 1.103574932887359319e+05
1.321295634186573788e-11, 5.394457684377101064e+07, 1.094909072343871521e+05
1.389952631213352601e-11, 5.101843879982811958e+07, 1.089470885789078748e+05
1.462177174456718478e-11, 4.942786280879807472e+07, 1.110515484550176043e+05
1.538154640303035716e-11, 4.825701866131442785e+07, 1.140704886968661594e+05
1.618080037643067682e-11, 4.567718894016710669e+07, 1.135934343997130636e+05
1.702158508394953640e-11, 4.418493484381555766e+07, 1.156039144061548723e+05
1.790605854035294846e-11, 4.338159774114459008e+07, 1.193322783908135607e+05
1.883649089489798225e-11, 4.188262229585911334e+07, 1.212141495511878747e+05
1.981527025805096908e-11, 4.124738203486452997e+07, 1.255534046735325537e+05
2.084490883097288542e-11, 3.976779343980125338e+07, 1.273598080004887161e+05
2.192804935350449494e-11, 3.750610416111335158e+07, 1.260692611853124108e+05
2.306747188720071646e-11, 3.637453201604905725e+07, 1.286728153086229577e+05
2.426610095082419209e-11, 3.563722795645972341e+07, 1.326678926672496309e+05
2.552701302661247069e-11, 3.428482112058801204e+07, 1.343060272271622089e+05
2.685344445658503549e-11, 3.372598000927288830e+07, 1.390125518628042191e+05
2.824879974915704763e-11, 3.227589784591930732e+07, 1.399812125717850577e+05
2.971666031738025020e-11, 3.065101073561579734e+07, 1.398690150198384363e+05
3.126079367123955679e-11, 3.028148741573116183e+07, 1.453976329380827083e+05
3.288516308759833167e-11, 2.838129327101694420e+07, 1.433742121287032787e+05
3.459393778261224212e-11, 2.766466078314888850e+07, 1.470411646239193506e+05
3.639150361272071167e-11, 2.703683013290280849e+07, 1.511796004087227921e+05
3.828247433168220594e-11, 2.598235571384242550e+07, 1.528524646492391475e+05
4.027170343254586841e-11, 2.567174897341247275e+07, 1.588951538599747291e+05
4.236429660495408969e-11, 2.456407883032413945e+07, 1.599550302432859316e+05
4.456562483975033441e-11, 2.410423459790322557e+07, 1.648726914888218162e+05
4.688133821452655254e-11, 2.386047011540309340e+07, 1.714361943648652814e+05
4.931738039549364670e-11, 2.333877108263551444e+07, 1.764848875958468998e+05
5.188000389289609384e-11, 2.259166610657909885e+07, 1.797814673948363634e+05
5.457578610912699557e-11, 2.221152837162207067e+07, 1.860115270233268966e+05
5.741164622073268011e-11, 2.117274574907479808e+07, 1.865744909537205822e+05
6.039486293763794275e-11, 2.030813779694414884e+07, 1.883010163306716131e+05
6.353309318517436562e-11, 1.964235115348422155e+07, 1.916365853484230756e+05
6.683439175686149603e-11, 1.897823649628097564e+07, 1.948187538967162254e+05
7.030723198838341702e-11, 1.862233496724516153e+07, 2.009258998786680459e+05
7.396052750582374558e-11, 1.830557221159917116e+07, 2.077266949183201068e+05
7.780365510398024982e-11, 1.751542945916226506e+07, 2.091481418136615830e+05
8.184647881347885976e-11, 1.719553637826558948e+07, 2.160644707351220713e+05
8.609937521845998927e-11, 1.691474329494070634e+07, 2.236412198464625981e+05
9.057326008981998694e-11, 1.697548695147449896e+07, 2.361551275332639925e+05
9.527961640236521090e-11, 1.706718976540101320e+07, 2.494469644939807476e+05
1.002305238077900488e-10, 1.695402446066683158e+07, 2.607569758719098172e+05
1.054386896391260237e-10, 1.673840045765925013e+07, 2.709116388731151237e+05
1.109174815262403146e-10, 1.664345069061330706e+07, 2.832011684316935134e+05
1.166809617060962959e-10, 1.650912359034784511e+07, 2.955626523573367740e+05
1.227439231158405997e-10, 1.625277123202411085e+07, 3.062012934887873125e+05
1.291219273613533562e-10, 1.633112276824250631e+07, 3.237780062635203358e+05
1.358313446587154174e-10, 1.641958958053325675e+07, 3.425496654560139868e+05
1.428893958511103824e-10, 1.618870918434746191e+07, 3.553631238359257695e+05
1.503141966090024084e-10, 1.590060557716791146e+07, 3.672467693595883902e+05
1.581248039270385857e-10, 1.626030246037744731e+07, 3.951531306810667156e+05
1.663412650370169698e-10, 1.600136517954679206e+07, 4.091122812213189900e+05
1.749846688624654551e-10, 1.659459672189393826e+07, 4.461744831423774012e+05
1.840772001468954491e-10, 1.725208315622065216e+07, 4.880709269937355421e+05
1.936421963946606826e-10, 1.760647321374469623e+07, 5.240218429062553332e+05
2.037042077705718970e-10, 1.806524671698478982e+07, 5.657136307690662798e+05
2.142890601120060623e-10, 1.857223090892450511e+07, 6.115740529773082817e+05
2.254239212152432687e-10, 1.902089016923659295e+07, 6.590342285361342365e+05
2.371373705661655168e-10, 2.007197840087204799e+07, 7.317387625329502625e+05
2.494594726942950709e-10, 2.082618741843880713e+07, 7.988104703683248954e+05
2.624218543384439019e-10, 2.206244392900863662e+07, 8.900851238726780284e+05
2.760577856220344782e-10, 2.321398914633629844e+07, 9.849408458417298971e+05
2.904022654464451017e-10, 2.456075873002596572e+07, 1.096478542762649711e+06
3.054921113215515548e-10, 2.593494476268137991e+07, 1.218214191454576561e+06
3.213660538640321425e-10, 2.725113564130559936e+07, 1.346752836078721797e+06
3.380648362059815113e-10, 2.906316844921625778e+07, 1.511136530513412552e+06
3.556313185689847556e-10, 3.044904419565280154e+07, 1.665632668461039895e+06
3.741105882720528966e-10, 3.273564644786844775e+07, 1.883757808566625463e+06
3.935500754557772142e-10, 3.473217530651114136e+07, 2.102704506455893163e+06
4.139996748197304272e-10, 3.708374338246244192e+07, 2.361923087477860507e+06
4.355118736855688095e-10, 3.996311895386486501e+07, 2.677507130973986350e+06
4.581418867145339649e-10, 4.318123908578988165e+07, 3.043712218272997066e+06
4.819477976251271319e-10, 4.602794774250800908e+07, 3.413192832651504781e+06
5.069907082747033666e-10, 4.990782214559905976e+07, 3.893452613489803858e+06
5.333348954876202279e-10, 5.363457658939722925e+07, 4.401856371783314273e+06
5.610479760324701077e-10, 5.713865672715330869e+07, 4.933363446664275602e+06
5.902010801718442306e-10, 6.166727725968199968e+07, 5.601300337494634092e+06
6.208690342300637909e-10, 6.626427276991374791e+07, 6.331886889047867619e+06
6.531305526474729939e-10, 7.148656829090359807e+07, 7.185585399640190415e+06
6.870684400142317101e-10, 7.682155590682853758e+07, 8.123558784335314296e+06
7.227698036021688210e-10, 8.261431080492427945e+07, 9.190569318557057530e+06
7.603262769401807175e-10, 8.854403927009299397e+07, 1.036260950537637994e+07
7.998342550070276743e-10, 9.532441182750454545e+07, 1.173643085445701703e+07
8.413951416451946904e-10, 1.017879662793748230e+08, 1.318394729658352956e+07
8.851156098308355951e-10, 1.087542467084429562e+08, 1.481890615647919662e+07
9.311078754678309670e-10, 1.159183521764320582e+08, 1.661670494984228723e+07
9.794899854086980821e-10, 1.227096566605035067e+08, 1.850522453903733939e+07
1.030386120441616095e-09, 1.296677972738097012e+08, 2.057169035464607552e+07
1.083926914021204014e-09, 1.368636731403110623e+08, 2.284284513401233405e+07
1.140249787561167319e-09, 1.439280840669862926e+08, 2.527154306049299613e+07
1.199499303149378128e-09, 1.506032264887627661e+08, 2.781930763535840437e+07
1.261827534590670558e-09, 1.569427188062920272e+08, 3.049860704675233737e+07
1.327394457729740273e-09, 1.632936296541264951e+08, 3.338340722294147313e+07
1.396368361055936317e-09, 1.690956490937878489e+08, 3.636807047678201646e+07
1.468926277643866174e-09, 1.740368797140658200e+08, 3.937858613903589547e+07
1.545254439538414134e-09, 1.789544172853248715e+08, 4.259850523320376873e+07
1.625548755750481709e-09, 1.827310611830522716e+08, 4.576126136493215710e+07
1.710015315090286320e-09, 1.853960516480509043e+08, 4.884520701924934983e+07
1.798870915128787322e-09, 1.871059559545103014e+08, 5.186165871607437730e+07
1.892343618644975688e-09, 1.881346649616364241e+08, 5.486126237388724834e+07
1.990673338987188583e-09, 1.881919765718688667e+08, 5.773502017335295677e+07
2.094112455850895670e-09, 1.872263769385100901e+08, 6.042940218457163125e+07
2.202926463053456075e-09, 1.851024172370116413e+08, 6.285482614307407290e+07
2.317394649968475145e-09, 1.822317147371178865e+08, 6.510254859092557430e+07
2.437810818368750009e-09, 1.781470558781296909e+08, 6.695777977538317442e+07
2.564484036517716058e-09, 1.735963193392519057e+08, 6.864602872233831882e+07
2.697739432444920460e-09, 1.684427773165570498e+08, 7.007811604327104986e+07
2.837919028441557893e-09, 1.626391905285710394e+08, 7.118900277652771771e+07
2.985382618917963357e-09, 1.561099171637147069e+08, 7.189174361646333337e+07
3.140508693876216431e-09, 1.494266105850339234e+08, 7.240012934229315817e+07
3.303695410368142213e-09, 1.423338185396906435e+08, 7.255814533730895817e+07
3.475361614432053799e-09, 1.349721674509595633e+08, 7.239240816770754755e+07
3.655947916131246718e-09, 1.274739598813891709e+08, 7.193556119400568306e+07
3.845917820453534961e-09, 1.198427612966156900e+08, 7.115609504621009529e+07
4.045758916974428963e-09, 1.123920421743372381e+08, 7.021308417759875953e+07
4.255984131337434845e-09, 1.051578295493188947e+08, 6.912100106880550086e+07
4.477133041763623226e-09, 9.793667436469191313e+07, 6.773358656513316929e+07
4.709773263969519825e-09, 9.095418076617613435e+07, 6.618764391728036851e+07
4.954501908047895353e-09, 8.426473112793698907e+07, 6.452091582780158520e+07
5.211947111050799924e-09, 7.780389335067306459e+07, 6.268470553348533064e+07
5.482769649208535777e-09, 7.173842439681275189e+07, 6.081673405389011651e+07
5.767664633922509555e-09, 6.591199561516036838e+07, 5.879605331133396178e+07
6.067363295885059185e-09, 6.044762503555953503e+07, 5.673954284082589298e+07
6.382634861905482558e-09, 5.529051697509877384e+07, 5.461180382376688719e+07
6.714288529259509001e-09, 5.043595552600102872e+07, 5.242178773677363247e+07
7.063175542629608811e-09, 4.593108608261172473e+07, 5.023670597489801049e+07
7.430191378967006415e-09, 4.170939405351617932e+07, 4.800632970386680216e+07
7.816278045883292923e-09, 3.778164214946521819e+07, 4.576182499347937107e+07
8.222426499470713005e-09, 3.409517940850753337e+07, 4.345917335398565233e+07
8.649679187756937814e-09, 3.076383843494100496e+07, 4.126695110150798410e+07
9.099132726322508595e-09, 2.768301700627911463e+07, 3.908038166691561788e+07
9.571940712948442686e-09, 2.484434749287345260e+07, 3.691185729565349221e+07
1.006931668851804562e-08, 2.224033174616397172e+07, 3.477622091474497318e+07
1.059253725177287621e-08, 1.986100588245726377e+07, 3.268549879914806411e+07
1.114294533591729230e-08, 1.772273485521109030e+07, 3.069790989462037012e+07
1.172195365548130236e-08, 1.574974974543643184e+07, 2.871358372385975346e+07
1.233104833228909634e-08, 1.397555137463914603e+07, 2.681825118165068701e+07
1.297179270983955861e-08, 1.235853803367284127e+07, 2.496255610553533584e+07
1.364583136588923983e-08, 1.091821521913106740e+07, 2.321386248192843422e+07
1.435489433353654691e-08, 9.615043547066614032e+06, 2.151963146100806445e+07
1.510080154164146180e-08, 8.454165056011950597e+06, 1.991821826353015378e+07
1.588546748597777465e-08, 7.421061246630167589e+06, 1.840619325646376610e+07
1.671090614310706979e-08, 6.494204411214186810e+06, 1.695736409570140392e+07
1.757923613958693077e-08, 5.673046579768559895e+06, 1.559532119001586363e+07
1.849268618978079709e-08, 4.950094050895838998e+06, 1.432718841269502603e+07
1.945360081622663184e-08, 4.311435050397752784e+06, 1.313886139194422029e+07
2.046444636724671542e-08, 3.752062547898500692e+06, 1.203965626193467900e+07
2.152781734724369502e-08, 3.257062642580435611e+06, 1.100522698469008505e+07
2.264644307593057319e-08, 2.829596076700385194e+06, 1.006811198407988064e+07
2.382319469358689039e-08, 2.452728623059696052e+06, 9.190659152740003541e+06
2.506109253032113907e-08, 2.125887788506655488e+06, 8.389481159946719185e+06
2.636331385825381413e-08, 1.840937746062993538e+06, 7.651678087616503239e+06
2.773320104651840969e-08, 1.590785627541187918e+06, 6.964316784158958122e+06
2.917427014001165809e-08, 1.373697692292367574e+06, 6.334831577642502263e+06
3.069021988391154998e-08, 1.188027958440043963e+06, 5.771178813306408934e+06
3.228494121712631338e-08, 1.024298086964739836e+06, 5.242049181093825027e+06
3.396252725904081622e-08, 8.823663786209471291e+05, 4.757651130971374922e+06
3.572728381519288657e-08, 7.604157490854167845e+05, 4.320027350876460783e+06
3.758374042884442742e-08, 6.546410410065001342e+05, 3.919011188736667391e+06
3.953666200681278862e-08, 5.621163021117622266e+05, 3.546289790618545376e+06
4.159106104940218542e-08, 4.834041860661813989e+05, 3.214193574459332507e+06
4.375221051582515913e-08, 4.157969823282223660e+05, 2.914051104496493004e+06
4.602565735813553354e-08, 3.571606555595361278e+05, 2.638615863260377198e+06
4.841723675840988696e-08, 3.061464507610320579e+05, 2.384421522013579961e+06
5.093308710571952695e-08, 2.630146679900516756e+05, 2.159841118971467949e+06
5.357966575133417533e-08, 2.257229840906993195e+05, 1.954584835433474276e+06
5.636376558259543076e-08, 1.936976525243907236e+05, 1.768850826077891514e+06
5.929253245799994260e-08, 1.660901312526075635e+05, 1.599750895167080453e+06
6.237348354824184070e-08, 1.422932077188167896e+05, 1.445740822357383091e+06
6.561452663029043443e-08, 1.218607317206958396e+05, 1.306250476660234388e+06
6.902398038402412175e-08, 1.044139226576866931e+05, 1.180970054946410935e+06
7.261059574351543687e-08, 8.934625335812706908e+04, 1.066445674352027243e+06
7.638357835776907026e-08, 7.658592421010565886e+04, 9.646873769027444068e+05
8.035261221856177783e-08, 6.554228855149450828e+04, 8.714413175035609165e+05
8.452788451602899226e-08, 5.611018903954272537e+04, 7.876817501849250402e+05
8.892011178579481813e-08, 4.799195469401273294e+04, 7.114531767128467327e+05
9.354056741475511679e-08, 4.104356182437696407e+04, 6.426456302279902156e+05
9.840111057611325498e-08, 3.518159823896463786e+04, 5.819348149010066409e+05
1.035142166679343147e-07, 3.018219650926431859e+04, 5.272922916749641299e+05
1.088930093333433319e-07, 2.585971281970071504e+04, 4.774571269903254579e+05
1.145512941445534903e-07, 2.211798308823685147e+04, 4.316782520702696056e+05
1.205035940371795992e-07, 1.891790823962702052e+04, 3.903822846514983685e+05
1.267651865857844781e-07, 1.621253784246083706e+04, 3.538126815417097532e+05
1.333521432163324045e-07, 1.386550594311938403e+04, 3.200880629017733154e+05
1.402813704561957486e-07, 1.186822484244044244e+04, 2.898959041491231183e+05
1.475706533275893077e-07, 1.014345169588151293e+04, 2.622282607067858335e+05
1.552387009958081715e-07, 8.669334603320237875e+03, 2.372666921704765991e+05
1.633051947894334705e-07, 7.409446480109071672e+03, 2.147427744720582268e+05
1.717908387157587761e-07, 6.348861632984865537e+03, 1.949128648380983796e+05
1.807174126010925653e-07, 5.426200813761332029e+03, 1.765166277886002499e+05
1.901078279923299666e-07, 4.637627495011902283e+03, 1.599078431169251853e+05
1.999861869632742842e-07, 3.963655146706351388e+03, 1.449098687432940642e+05
2.103778439766472978e-07, 3.387629157114305599e+03, 1.313636859152028919e+05
2.213094709605636295e-07, 2.899360461287546059e+03, 1.191345657018868660e+05
2.328091257665007940e-07, 2.478005192706381422e+03, 1.080759604452999629e+05
2.449063241844743992e-07, 2.117884208284754095e+03, 9.808110177070030477e+04
2.576321157002572855e-07, 1.810098515083169104e+03, 8.904547189490096935e+04
2.710191631890842058e-07, 1.547042383849076259e+03, 8.087494712763973803e+04
2.851018267503907082e-07, 1.322215402902485948e+03, 7.348475725295359734e+04
2.999162518987646980e-07, 1.130061845703473182e+03, 6.679854947751831787e+04
3.155004623374623941e-07, 9.658333825972600835e+02, 6.074754641309366707e+04
3.318944575526103405e-07, 8.254717443022567522e+02, 5.526978863247250410e+04
3.491403154785858900e-07, 7.055084374896238160e+02, 5.030945327839980018e+04
3.672823004980842474e-07, 6.029790344858107574e+02, 4.581624108150765824e+04
3.863669770540689493e-07, 5.153499188671247566e+02, 4.174482488819825085e+04
4.064433291652127549e-07, 4.404556770427772676e+02, 3.805435352940958546e+04
4.275628861515860074e-07, 3.764455883923355373e+02, 3.470800544134651864e+04
4.497798548932875053e-07, 3.217378919293044532e+02, 3.167258705287238990e+04
4.731512589614802628e-07, 2.749806991878479039e+02, 2.891817142351337316e+04
4.977370849789355307e-07, 2.350185875641529378e+02, 2.641777309468637395e+04
5.236004365857494849e-07, 2.008640485019250264e+02, 2.414705550491499162e+04
5.508076964054029391e-07, 1.716730850828424195e+02, 2.208406770683504146e+04
5.794286964268809173e-07, 1.467243559116064944e+02, 2.020900743200854413e+04
6.095368972401687385e-07, 1.254013499381617294e+02, 1.850400785679162800e+04
6.412095765851608593e-07, 1.071771518013676712e+02, 1.695294569737577694e+04
6.745280276979215670e-07, 9.160142114770282262e+01, 1.554126848189231350e+04
7.095777679633887827e-07, 7.828926422394854967e+01, 1.425583908146740396e+04
7.464487584100661313e-07, 6.691172272001585952e+01, 1.308479576420730154e+04
7.852356346100710336e-07, 5.718764483796595499e+01, 1.201742621528157179e+04
8.260379495771783370e-07, 4.887673772400994210e+01, 1.104405412461778178e+04
8.689604292863010418e-07, 4.177362955410992384e+01, 1.015593707676899066e+04
9.141132414702490036e-07, 3.570279456630555615e+01, 9.345174614371589996e+03
9.616122783836638888e-07, 3.051421562654411801e+01, 8.604625455405974208e+03
1.011579454259898283e-06, 2.607967714073216570e+01, 7.927832946533366339e+03
1.064143018224315170e-06, 2.228959669143919697e+01, 7.308957923140017556e+03
1.119437883467150232e-06, 1.905031714961258871e+01, 6.742718246664157959e+03
1.177605973520806597e-06, 1.628179228762108721e+01, 6.224334335106195795e+03
1.238796586530369050e-06, 1.391560875148459431e+01, 5.749480100035723808e+03
1.303166778452298707e-06, 1.189329549618326354e+01, 5.314238747538161988e+03
1.370881766164852098e-06, 1.016487889965229741e+01, 4.915062952232698080e+03
1.442115351524868011e-06, 8.687647846630024873e+00, 4.548738964870425662e+03
1.517050367459335277e-06, 7.425098307854816504e+00, 4.212354279985104768e+03
1.595879147236730565e-06, 6.346031267773530438e+00, 3.903268478723980479e+03
1.678804018122558985e-06, 5.423781768412539783e+00, 3.619086956313735755e+03
1.766037820686164116e-06, 4.635559996826406071e+00, 3.357637240164910054e+03
1.857804455091697021e-06, 3.961888104676781985e+00, 3.116947619721350293e+03
1.954339455775392327e-06, 3.386118906614746571e+00, 2.895227898401277798e+03
2.055890595984140433e-06, 2.894024502002156218e+00, 2.690852018279580534e+03
2.162718523727020259e-06, 2.473444684603113508e+00, 2.502342388199899233e+03
2.275097430772069504e-06, 2.113986459509174853e+00, 2.328355756294431558e+03
2.393315756405384890e-06, 1.806767207556110755e+00, 2.167670441686828781e+03
2.517676927758854593e-06, 1.544195198400728053e+00, 2.019174835181139315e+03
2.648500138606698363e-06, 1.319781984110353523e+00, 1.881857002858442684e+03
2.786121168629766473e-06, 1.127982062101726246e+00, 1.754795303164197549e+03
2.930893245250318698e-06, 9.640558415469684395e-01, 1.637149919053423446e+03
3.083187950249353467e-06, 8.239525232336892824e-01, 1.528155207822029524e+03
3.243396173493490004e-06, 7.042099954478359125e-01, 1.427112781762823943e+03
3.411929116219281216e-06, 6.018692860472545370e-01, 1.333385270529626723e+03
3.589219346450049739e-06, 5.144014421012003124e-01, 1.246390675963923968e+03
3.775721909254159727e-06, 4.396450343564199947e-01, 1.165597264389994962e+03
3.971915494694400700e-06, 3.757527488183955988e-01, 1.090518958894483148e+03
4.178303666466213542e-06, 3.211457366532773916e-01, 1.020711165459345807e+03
4.395416154378242806e-06, 2.744745951667125206e-01, 9.557669846863058183e+02
4.623810213992598294e-06, 2.345860294246385758e-01, 8.953138156322324903e+02
4.864072056914609241e-06, 2.004943473859006620e-01, 8.390102449187407956e+02
5.116818355403072973e-06, 1.713571058364215527e-01, 7.865432581373773928e+02
5.382697825162881249e-06, 1.464542921588200264e-01, 7.376257019122697329e+02
5.662392890382528157e-06, 1.251705286868988465e-01, 6.919939705530053971e+02
5.956621435290097563e-06, 1.069798699827516769e-01, 6.494059392461199423e+02
6.266138646723349015e-06, 9.143280484583146683e-02, 6.096390697352885581e+02
6.591738952443213146e-06, 7.814514772791947284e-02, 5.724886926652250168e+02
6.934258060165687003e-06, 6.678854499942878109e-02, 5.377664506842402261e+02
7.294575102545679062e-06, 5.708236282419659052e-02, 5.052989004005234506e+02
7.673614893618186056e-06, 4.878675164280933674e-02, 4.749262285900516076e+02
8.072350302488374979e-06, 4.169671625136042725e-02, 4.465010591288301498e+02
8.491804750363126655e-06, 3.563705310851750241e-02, 4.198874173456052290e+02
8.933054837332944550e-06, 3.045802385509896806e-02, 3.949598080570441994e+02
9.397233105646374780e-06, 2.603164525435782903e-02, 3.716022221679962740e+02
9.885530946569380493e-06, 2.224853842308411808e-02, 3.497074820510879931e+02
1.039920165829057908e-05, 1.901521959020727875e-02, 3.291764464662305727e+02
1.093956366272093086e-05, 1.625178887752986787e-02, 3.099173223759125904e+02
1.150800388944435666e-05, 1.388995895344863167e-02, 2.918451102573450271e+02
1.210598133550481593e-05, 1.187136650000834154e-02, 2.748810388859121758e+02
1.273503081016660354e-05, 1.014612853240520404e-02, 2.589520275071596416e+02
1.339676687425934466e-05, 8.671614450877806676e-03, 2.439903424379076569e+02
1.409288798421873337e-05, 7.411385880653428154e-03, 2.299330148170193411e+02
1.482518085145951458e-05, 6.334302217872459645e-03, 2.167216124256703438e+02
1.559552502826952309e-05, 5.413747127235499917e-03, 2.043017797127677113e+02
1.640589773199538679e-05, 4.626972971061572328e-03, 1.926229856113307051e+02
1.725837891990201987e-05, 3.954538045820485924e-03, 1.816382120538626168e+02
1.815515662773133475e-05, 3.379824649179506181e-03, 1.713036129055118693e+02
1.909853258566236888e-05, 2.888632816553577277e-03, 1.615784755842029483e+02
2.009092812608727908e-05, 2.468822025472948694e-03, 1.524246193855458387e+02
2.113489039836645523e-05, 2.110021122874590829e-03, 1.438067279469918276e+02
2.223309890651400654e-05, 1.803362260397037894e-03, 1.356916042422067505e+02
2.338837238659353628e-05, 1.541267216317591905e-03, 1.280482961738357233e+02
2.460367604147624960e-05, 1.317260054565012233e-03, 1.208479618739842039e+02
2.588212915153087737e-05, 1.125806844763324209e-03, 1.140637468957178697e+02
2.722701308077910045e-05, 9.621740204166884074e-04, 1.076701471417464120e+02
2.864177969906579846e-05, 8.223204752948289672e-04, 1.016437752786947470e+02
3.013006024186119008e-05, 7.027907922178291099e-04, 9.596259467686626010e+01
3.169567463043487023e-05, 6.006289900370668372e-04, 9.060557335681124869e+01
3.334264127632347269e-05, 5.133120061447406755e-04, 8.555345056683913185e+01
3.507518739525679514e-05, 4.386820703936649356e-04, 8.078796252802598588e+01
3.689775985701500575e-05, 3.748957779274931829e-04, 7.629210378905310108e+01
3.881503659906478245e-05, 3.203767166526031297e-04, 7.204973665812106276e+01
4.083193863326918895e-05, 2.737785383626017521e-04, 6.804590388953238289e+01
4.295364267648868727e-05, 2.339490339700631778e-04, 6.426615920545665972e+01
4.518559443749217176e-05, 1.999058052002072145e-04, 6.069753850970745646e+01
4.753352259428048591e-05, 1.708073543888214904e-04, 5.732732206878517900e+01
5.000345349769783158e-05, 1.459348971317586273e-04, 5.414362217956495726e+01
5.260172663907057610e-05, 1.246756492162874813e-04, 5.113583729368563979e+01
5.533501092157360027e-05, 1.065032316505048153e-04, 4.829292735784363799e+01
5.821032177708709908e-05, 9.096940907451699315e-05, 4.560511112560784852e+01
6.123503917247733364e-05, 7.769078061928169523e-05, 4.306301406724060854e+01
6.441692655151768125e-05, 6.634070630308526451e-05, 4.065839878567710741e+01
6.776415076106743183e-05, 5.663848370860804143e-05, 3.838261586825512239e+01
7.128530301265190909e-05, 4.834460562022452562e-05, 3.622767241302545216e+01
7.498942093324550431e-05, 4.125496417069050040e-05, 3.418644088918895818e+01
7.888601176185532765e-05, 3.519578868745576846e-05, 3.225289087631617946e+01
8.298507675144217602e-05, 3.001565205993398457e-05, 3.041866803728317947e+01
8.729713683881113037e-05, 2.558906810130895330e-05, 2.867971776139522078e+01
9.183325964835800334e-05, 2.180707400092182479e-05, 2.703078142435233033e+01
9.660508789898121246e-05, 1.857598958518582666e-05, 2.546631422047585858e+01
1.016248692870694932e-04, 1.581540688428714438e-05, 2.398053658639270225e+01
1.069054879222656676e-04, 1.345775318099026465e-05, 2.256972590693285241e+01
1.124604973966924549e-04, 1.144488449508585746e-05, 2.123002887544899409e+01
1.183041555725163470e-04, 9.727356785718835010e-06, 1.995855803697359931e+01
1.244514611771384207e-04, 8.261622486653363373e-06, 1.875011256773713342e+01
1.309181922999405612e-04, 7.012467631768888429e-06, 1.760444385293508418e+01
1.377209468893944241e-04, 5.947064413448258906e-06, 1.651486611059220166e+01
1.448771853544760326e-04, 5.039437619748011161e-06, 1.548042806160724538e+01
1.524052753797290724e-04, 4.266607558792981700e-06, 1.449836997028427632e+01
1.603245390690039994e-04, 3.609583251648482965e-06, 1.356862722740697969e+01
1.686553025388738941e-04, 3.050268665713951350e-06, 1.268426894938453842e+01
1.774189480890164621e-04, 2.575265512437496729e-06, 1.184687136211302949e+01
1.866379690834667616e-04, 2.172173335081659140e-06, 1.105441659057395576e+01
1.963360276836043495e-04, 1.830128961130275130e-06, 1.030357143665602848e+01
2.065380155810527039e-04, 1.540597361313801117e-06, 9.595434790573328598e+00
2.172701178863743125e-04, 1.295126611414645675e-06, 8.924031863013569321e+00
2.285598803375427502e-04, 1.087093709197814470e-06, 8.286912481946576037e+00
2.404362800006929737e-04, 9.117016389080215468e-07, 7.688811749255216377e+00
2.529297996446142408e-04, 7.634514200994044381e-07, 7.123136312258656844e+00
2.660725059798808335e-04, 6.383680869631344399e-07, 6.589414431087974755e+00
2.798981319634359969e-04, 5.330172387554079945e-07, 6.087021999686133000e+00
2.944421633798757201e-04, 4.442099603980263330e-07, 5.612303015432323683e+00
3.097419299216577857e-04, 3.696519598542099538e-07, 5.166995061626124652e+00
3.258367010020083690e-04, 3.069910267495016438e-07, 4.747464205155384143e+00
3.427677865464497770e-04, 2.545103858271977527e-07, 4.354444073178684427e+00
3.605786430216419711e-04, 2.106188023088004305e-07, 3.986716545833299374e+00
3.793149849736817260e-04, 1.738983189495627140e-07, 3.641691317973469566e+00
3.990249023621416529e-04, 1.432998596847345102e-07, 3.320026821465331235e+00
4.197589839910068955e-04, 1.178403987232029536e-07, 3.020479859906753717e+00
4.415704473533120706e-04, 9.679118042123054422e-08, 2.744745758322202356e+00
4.645152752227491933e-04, 7.921902831772191144e-08, 2.485281992989032851e+00
4.886523593428331686e-04, 6.466579612564009860e-08, 2.244370556445574039e+00
5.140436515824254367e-04, 5.268591776761512101e-08, 2.022942571280568647e+00
5.407543229455804949e-04, 4.284469782654915962e-08, 1.819909079695367637e+00
5.688529308438407088e-04, 3.476584297549476907e-08, 1.633663599021918822e+00
5.984115950603185932e-04, 2.808544703984823147e-08, 1.459940441608088335e+00
6.295061828571967780e-04, 2.269533213072777193e-08, 1.305058895236914429e+00
6.622165037017614837e-04, 1.827493103589832936e-08, 1.162453084486497978e+00
6.966265141107679491e-04, 1.472154765410954906e-08, 1.035842129739116269e+00
7.328245331389029006e-04, 1.181323190520492393e-08, 9.194149990775526415e-01
7.709034690644293083e-04, 9.471670211428323506e-09, 8.153810612839506033e-01
8.109610578538404418e-04, 7.586521102250688879e-09, 7.223871518878308695e-01
8.531001140175886385e-04, 6.056718397250506708e-09, 6.378540076759009469e-01
8.974287945007472294e-04, 4.846153676663126644e-09, 5.644578069522523389e-01
9.440608762859225515e-04, 3.873467960053428708e-09, 4.989829180380828122e-01
9.931160484209324620e-04, 3.091640930411878139e-09, 4.404404459298043584e-01
1.044720219220798265e-03, 2.464676152086930183e-09, 3.882823804882610252e-01
1.099005839432519709e-03, 1.963044375312450545e-09, 3.419665011171262869e-01
1.156112242192098129e-03, 1.567997483421205475e-09, 3.020344808485118659e-01
1.216186000646367902e-03, 1.241216522534455535e-09, 2.643303230501615753e-01
1.279381304157525346e-03, 9.851107833570305046e-10, 2.319300940977455094e-01
1.345860354055946825e-03, 7.785795008074283249e-10, 2.026239238563710132e-01
1.415793779957078133e-03, 6.114546383035834478e-10, 1.758681918497774221e-01
1.489361077710912385e-03, 4.848248752968890699e-10, 1.541221736603157200e-01
1.566751070108147060e-03, 3.843854644168369600e-10, 1.350400829209047748e-01
1.648162391525506785e-03, 2.977004980423935557e-10, 1.155455509563627220e-01
1.733803997754137464e-03, 2.344749503484722124e-10, 1.005365798683748590e-01
1.823895702319638500e-03, 1.864334102541476374e-10, 8.831571258741501007e-02
1.918668740670287148e-03, 1.452239422281561663e-10, 7.597791817825035043e-02
2.018366363681555527e-03, 1.138106932422437312e-10, 6.573993186784238274e-02
2.123244462000214820e-03, 9.134166684871955257e-11, 5.828108226739008024e-02
2.233572222830528409e-03, 7.177284065827525513e-11, 5.054623871777125244e-02
2.349632820848305062e-03, 5.534041972565530357e-11, 4.297846179667160621e-02
2.471724145016129109e-03, 4.368484153022878995e-11, 3.743250300831515304e-02
2.600159563165272119e-03, 3.516440950379681124e-11, 3.326396850638873443e-02
2.735268726306713891e-03, 2.714049812404863430e-11, 2.828507273148617510e-02
2.877398414735666578e-03, 2.117796195595131841e-11, 2.431739693642503627e-02
3.026913428101298334e-03, 1.637508903622773977e-11, 2.069660426294259864e-02
3.184197521726119060e-03, 1.281780482124431984e-11, 1.783543550694128080e-02
3.349654391578272498e-03, 1.032108144157152424e-11, 1.583241395652836003e-02
3.523708710424869068e-03, 8.195057460017769285e-12, 1.384175422165660925e-02
3.706807217825759931e-03, 6.433018024092244865e-12, 1.194841724412375357e-02
3.899419866765435790e-03, 5.266756875487270248e-12, 1.078824659044037501e-02
4.102041029866064330e-03, 4.014472140150106121e-12, 9.079417666309125279e-03
4.315190768277641156e-03, 3.243416618392877083e-12, 8.114107781265705518e-03
4.539416166502023217e-03, 2.615802309351475882e-12, 7.205267105526300814e-03
4.775292736576902328e-03, 2.118167220567517613e-12, 6.424465413558764354e-03
5.023425895223866157e-03, 1.753562385163170762e-12, 5.867524413609640291e-03
5.284452517751802615e-03, 1.275427761893622761e-12, 4.641277863157380716e-03
5.559042572704037122e-03, 8.436170131187198760e-13, 3.400971362558991105e-03
5.847900841444799748e-03, 5.823908697601500984e-13, 2.526169868730992508e-03
6.151768727098664430e-03, 4.621563250754050261e-13, 2.193033911577014876e-03
6.471426157485817530e-03, 3.639998355294402727e-13, 1.885124826070141719e-03
6.807693586937403271e-03, 2.156934674950440705e-13, 1.138985268395701408e-03
7.161434102129013088e-03, 1.843473895806275275e-13, 1.077245723432155656e-03
7.533555637337169958e-03, 1.021151770601746903e-13, 5.606036414050514800e-04
7.925013304804717773e-03, 8.727508786532590205e-14, 5.302160948588615632e-04
8.336811846196331283e-03, 7.459166385631268837e-14, 5.014758782150259076e-04
8.770008211436322587e-03, 6.375148341802666846e-14, 4.742936712734115113e-04
9.225714271547610229e-03, 1.927250284679759881e-14, 1.209643203241504368e-05
9.705099672454878257e-03, 1.647168841853769202e-14, 1.144075890045425890e-05
1.020939483707678647e-02, 1.407790786252090719e-14, 1.082062879595104071e-05
1.073989412341243982e-02, 1.203200817971898406e-14, 1.023411468132444007e-05
1.129795914672797677e-02, 1.028343289717347372e-14, 9.679394028029991704e-06
1.188502227437018832e-02, 0.000000000000000000e+00, 0.000000000000000000e+00
1.250259030217718698e-02, 0.000000000000000000e+00, 0.000000000000000000e+00
1.315224832192234822e-02, 0.000000000000000000e+00, 0.000000000000000000e+00
1.383566378971778053e-02, 0.000000000000000000e+00, 0.000000000000000000e+00
1.455459080581963938e-02, 0.000000000000000000e+00, 0.000000000000000000e+00
1.531087461682028965e-02, 0.000000000000000000e+00, 0.000000000000000000e+00
1.610645635178269836e-02, 0.000000000000000000e+00, 0.000000000000000000e+00
1.694337800447328832e-02, 0.000000000000000000e+00, 0.000000000000000000e+00
1.782378767448087112e-02, 0.000000000000000000e+00, 0.000000000000000000e+00
1.874994508067413454e-02, 0.000000000000000000e+00, 0.000000000000000000e+00
1.972422736114849348e-02, 0.000000000000000000e+00, 0.000000000000000000e+00
2.074913517454906459e-02, 0.000000000000000000e+00, 0.000000000000000000e+00
2.182729911842998943e-02, 0.000000000000000000e+00, 0.000000000000000000e+00
2.296148648112360593e-02, 0.000000000000000000e+00, 0.000000000000000000e+00
2.415460834444940405e-02, 0.000000000000000000e+00, 0.000000000000000000e+00
2.540972705549301297e-02, 0.000000000000000000e+00, 0.000000000000000000e+00
2.673006408663303191e-02, 0.000000000000000000e+00, 0.000000000000000000e+00
2.811900830398933807e-02, 0.000000000000000000e+00, 0.000000000000000000e+00
2.958012466551540251e-02, 0.000000000000000000e+00, 0.000000000000000000e+00
3.111716337106013724e-02, 0.000000000000000000e+00, 0.000000000000000000e+00
3.273406948788379345e-02, 0.000000000000000000e+00, 0.000000000000000000e+00
3.443499307633384604e-02, 0.000000000000000000e+00, 0.000000000000000000e+00
3.622429984166987416e-02, 0.000000000000000000e+00, 0.000000000000000000e+00
3.810658233937726236e-02, 0.000000000000000000e+00, 0.000000000000000000e+00
4.008667176273017496e-02, 0.000000000000000000e+00, 0.000000000000000000e+00
4.216965034285814068e-02, 0.000000000000000000e+00, 0.000000000000000000e+00
4.436086439314318453e-02, 0.000000000000000000e+00, 0.000000000000000000e+00
4.666593803142881497e-02, 0.000000000000000000e+00, 0.000000000000000000e+00
4.909078761526029094e-02, 0.000000000000000000e+00, 0.000000000000000000e+00
5.164163692720710741e-02, 0.000000000000000000e+00, 0.000000000000000000e+00
5.432503314924325144e-02, 0.000000000000000000e+00, 0.000000000000000000e+00
5.714786366718654226e-02, 0.000000000000000000e+00, 0.000000000000000000e+00
6.011737374832767239e-02, 0.000000000000000000e+00, 0.000000000000000000e+00
6.324118513762183591e-02, 0.000000000000000000e+00, 0.000000000000000000e+00
6.652731562017405453e-02, 0.000000000000000000e+00, 0.000000000000000000e+00
6.998419960022730923e-02, 0.000000000000000000e+00, 0.000000000000000000e+00
7.362070974947361457e-02, 0.000000000000000000e+00, 0.000000000000000000e+00
7.744617978025175598e-02, 0.000000000000000000e+00, 0.000000000000000000e+00
8.147042840208371106e-02, 0.000000000000000000e+00, 0.000000000000000000e+00
8.570378452303674399e-02, 0.000000000000000000e+00, 0.000000000000000000e+00
9.015711376059551418e-02, 0.000000000000000000e+00, 0.000000000000000000e+00
9.484184633008958809e-02, 0.000000000000000000e+00, 0.000000000000000000e+00
9.977000638225524964e-02, 0.000000000000000000e+00, 0.000000000000000000e+00
1.049542428652322085e-01, 0.000000000000000000e+00, 0.000000000000000000e+00
1.104078619902073566e-01, 0.000000000000000000e+00, 0.000000000000000000e+00
1.161448613840341398e-01, 0.000000000000000000e+00, 0.000000000000000000e+00
1.221799660164868684e-01, 0.000000000000000000e+00, 0.000000000000000000e+00
1.285286659943612741e-01, 0.000000000000000000e+00, 0.000000000000000000e+00
1.352072563194275101e-01, 0.000000000000000000e+00, 0.000000000000000000e+00
1.422328787122818239e-01, 0.000000000000000000e+00, 0.000000000000000000e+00
1.496235656094432875e-01, 0.000000000000000000e+00, 0.000000000000000000e+00
1.573982864466219878e-01, 0.000000000000000000e+00, 0.000000000000000000e+00
1.655769963469526096e-01, 0.000000000000000000e+00, 0.000000000000000000e+00
1.741806873391609223e-01, 0.000000000000000000e+00, 0.000000000000000000e+00
1.832314422371207341e-01, 0.000000000000000000e+00, 0.000000000000000000e+00
1.927524913190932776e-01, 0.000000000000000000e+00, 0.000000000000000000e+00
2.027682719521279597e-01, 0.000000000000000000e+00, 0.000000000000000000e+00
2.133044913146575072e-01, 0.000000000000000000e+00, 0.000000000000000000e+00
2.243881923782766186e-01, 0.000000000000000000e+00, 0.000000000000000000e+00
2.360478233180573204e-01, 0.000000000000000000e+00, 0.000000000000000000e+00
2.483133105295562693e-01, 0.000000000000000000e+00, 0.000000000000000000e+00
2.612161354399200053e-01, 0.000000000000000000e+00, 0.000000000000000000e+00
2.747894153102391490e-01, 0.000000000000000000e+00, 0.000000000000000000e+00
2.890679882365471687e-01, 0.000000000000000000e+00, 0.000000000000000000e+00
3.040885025676277054e-01, 0.000000000000000000e+00, 0.000000000000000000e+00
3.198895109691397010e-01, 0.000000000000000000e+00, 0.000000000000000000e+00
3.365115693754908155e-01, 0.000000000000000000e+00, 0.000000000000000000e+00
3.539973410834342804e-01, 0.000000000000000000e+00, 0.000000000000000000e+00
3.723917062545675227e-01, 0.000000000000000000e+00, 0.000000000000000000e+00
3.917418771077822437e-01, 0.000000000000000000e+00, 0.000000000000000000e+00
4.120975190973295565e-01, 0.000000000000000000e+00, 0.000000000000000000e+00
4.335108783875284422e-01, 0.000000000000000000e+00, 0.000000000000000000e+00
4.560369159512959736e-01, 0.000000000000000000e+00, 0.000000000000000000e+00
4.797334486366891526e-01, 0.000000000000000000e+00, 0.000000000000000000e+00
5.046612975635276221e-01, 0.000000000000000000e+00, 0.000000000000000000e+00
5.308844442309867961e-01, 0.000000000000000000e+00, 0.000000000000000000e+00
5.584701947368295727e-01, 0.000000000000000000e+00, 0.000000000000000000e+00
5.874893525297757435e-01, 0.000000000000000000e+00, 0.000000000000000000e+00
6.180164001384151895e-01, 0.000000000000000000e+00, 0.000000000000000000e+00
6.501296903430903162e-01, 0.000000000000000000e+00, 0.000000000000000000e+00
6.839116472814292802e-01, 0.000000000000000000e+00, 0.000000000000000000e+00
7.194489780036983362e-01, 0.000000000000000000e+00, 0.000000000000000000e+00
7.568328950209720629e-01, 0.000000000000000000e+00, 0.000000000000000000e+00
7.961593504173167801e-01, 0.000000000000000000e+00, 0.000000000000000000e+00
8.375292821268809362e-01, 0.000000000000000000e+00, 0.000000000000000000e+00
8.810488730080129338e-01, 0.000000000000000000e+00, 0.000000000000000000e+00
9.268298233793484942e-01, 0.000000000000000000e+00, 0.000000000000000000e+00
9.749896377173866702e-01, 0.000000000000000000e+00, 0.000000000000000000e+00
