# M_f [M_sun], P(M_f) [M_sun^-1]
3.548962714117586356e-25, 0.000000000000000000e+00
4.143897244964681628e-25, 0.000000000000000000e+00
4.838564324307219260e-25, 0.000000000000000000e+00
5.649682734992169490e-25, 0.000000000000000000e+00
6.596773932655885372e-25, 0.000000000000000000e+00
7.702631875067320117e-25, 0.000000000000000000e+00
8.993871611864740876e-25, 0.000000000000000000e+00
1.050156983777701776e-24, 0.000000000000000000e+00
1.226201282573591067e-24, 0.000000000000000000e+00
1.431756974063410238e-24, 0.000000000000000000e+00
1.671771235205982412e-24, 0.000000000000000000e+00
1.952020568777308980e-24, 0.000000000000000000e+00
2.279249828377506683e-24, 0.000000000000000000e+00
2.661334549057996954e-24, 0.000000000000000000e+00
3.107470490433956329e-24, 0.000000000000000000e+00
3.628394954078874531e-24, 0.000000000000000000e+00
4.236645201720489617e-24, 0.000000000000000000e+00
4.946860193674237954e-24, 0.000000000000000000e+00
5.776132909553281211e-24, 0.000000000000000000e+00
6.744421730674377979e-24, 0.000000000000000000e+00
7.875030785036159497e-24, 0.000000000000000000e+00
9.195170815492024403e-24, 0.000000000000000000e+00
1.073661406971731716e-23, 0.000000000000000000e+00
1.253645897342513110e-23, 0.000000000000000000e+00
1.463802299047425984e-23, 0.000000000000000000e+00
1.709188515862952929e-23, 0.000000000000000000e+00
1.995710339202826004e-23, 0.000000000000000000e+00
2.330263584757434168e-23, 0.000000000000000000e+00
2.720900056375714993e-23, 0.000000000000000000e+00
3.177021331497144511e-23, 0.000000000000000000e+00
3.709605032032140160e-23, 0.000000000000000000e+00
4.331469026427151886e-23, 0.000000000000000000e+00
5.057579921552993781e-23, 0.000000000000000000e+00
5.905413268993206007e-23, 0.000000000000000000e+00
6.895374154936251738e-23, 0.000000000000000000e+00
8.051288296148122256e-23, 0.000000000000000000e+00
9.400975461394818512e-23, 0.000000000000000000e+00
1.097691901903814394e-22, 0.000000000000000000e+00
1.281704772502877614e-22, 0.000000000000000000e+00
1.496564856684707842e-22, 0.000000000000000000e+00
1.747443263311006971e-22, 0.000000000000000000e+00
2.040377966148069427e-22, 0.000000000000000000e+00
2.382419121782715813e-22, 0.000000000000000000e+00
2.781798748077653061e-22, 0.000000000000000000e+00
3.248128846873889935e-22, 0.000000000000000000e+00
3.792632739224971983e-22, 0.000000000000000000e+00
4.428415180784706451e-22, 0.000000000000000000e+00
5.170777758305154950e-22, 0.000000000000000000e+00
6.037587157996679498e-22, 0.000000000000000000e+00
7.049705168986915043e-22, 0.000000000000000000e+00
8.231490770914376496e-22, 0.000000000000000000e+00
9.611386389565238025e-22, 0.000000000000000000e+00
1.122260243016206653e-21, 0.000000000000000000e+00
1.310391656319376225e-21, 0.000000000000000000e+00
1.530060699946438888e-21, 0.000000000000000000e+00
1.786554221579997443e-21, 0.000000000000000000e+00
2.086045335820364214e-21, 0.000000000000000000e+00
2.435741994580735524e-21, 0.000000000000000000e+00
2.844060463254972146e-21, 0.000000000000000000e+00
3.320827877766432378e-21, 0.000000000000000000e+00
3.877518757505402961e-21, 0.000000000000000000e+00
4.527531166390591196e-21, 0.000000000000000000e+00
5.286509168514232234e-21, 0.000000000000000000e+00
6.172719339017780476e-21, 0.000000000000000000e+00
7.207490391810404495e-21, 0.000000000000000000e+00
8.415726504796120160e-21, 0.000000000000000000e+00
9.826506696977815998e-21, 0.000000000000000000e+00
1.147378468284583961e-20, 0.000000000000000000e+00
1.339720604767883656e-20, 0.000000000000000000e+00
1.564306241098517039e-20, 0.000000000000000000e+00
1.826540554225283020e-20, 0.000000000000000000e+00
2.132734824280151716e-20, 3.187448074227919375e+14
2.490258330249094031e-20, 7.694190192144933750e+14
2.907715708851964547e-20, 5.912077212859527500e+14
3.395154045186442600e-20, 1.606987649135167750e+15
3.964304679255259240e-20, 2.390748353534096500e+15
4.628865548014387372e-20, 2.956506903295414500e+15
5.404830858161902066e-20, 2.753959817863596000e+15
6.310876024011991138e-20, 3.364044537654385000e+15
7.368807134881180046e-20, 3.203936395339558500e+15
8.604085769467593336e-20, 3.452638093027851000e+15
1.004644178810475172e-19, 4.139648119377610500e+15
1.173058885116423403e-19, 4.398521875073439500e+15
1.369705988422578918e-19, 4.855430986030266000e+15
1.599318259743174272e-19, 5.948518836562967000e+15
1.867421853717413878e-19, 6.282749239942204000e+15
2.180469308404809387e-19, 6.750945185341555000e+15
2.545994840657364937e-19, 7.685038646283000000e+15
2.972795674613780767e-19, 1.000872211028015200e+16
3.471143767408655819e-19, 1.900097770403586048e+18
4.053033027769513840e-19, 1.460000916285723648e+18
4.732467977393484649e-19, 1.121838417347550720e+18
5.525800802412904732e-19, 8.620004416425744640e+17
6.452124906878854795e-19, 6.623456193886026240e+17
7.533734440045013057e-19, 5.089344486730296320e+17
8.796660857047170922e-19, 3.910560672013070720e+17
1.027129942656215233e-18, 3.004804412310499840e+17
1.199314076381365808e-18, 2.308837610130400960e+17
1.400362499497209111e-18, 1.774069249936206720e+17
1.635113911040676270e-18, 1.363162870251173760e+17
1.909218151042094247e-18, 1.047429806304473760e+17
2.229272177097818710e-18, 8.048262046140417600e+16
2.602978835535310412e-18, 6.184139650549116000e+16
3.039332248368829520e-18, 4.751781564547015200e+16
3.548834277815029616e-18, 3.651183400291391200e+16
4.143747278091769203e-18, 2.805503586702504400e+16
4.838389217561514039e-18, 2.155698444064044400e+16
5.649478274021606592e-18, 1.656399871939598000e+16
6.596535196630497956e-18, 1.272747838788170200e+16
7.702353118248023089e-18, 9.779565240144144000e+15
8.993546125318797605e-18, 7.514441853407281000e+15
1.050118978791184392e-17, 5.773961825669703000e+15
1.226156906576543473e-17, 4.436608308995627500e+15
1.431705159044002820e-17, 3.409009945292809500e+15
1.671710734114975772e-17, 2.619421864116753500e+15
1.951949925514886663e-17, 2.012716598755359500e+15
2.279167342748857588e-17, 1.546535196334749250e+15
2.661238235854156293e-17, 1.188329800122484750e+15
3.107358031653111131e-17, 9.130912230163610000e+14
3.628263643138282592e-17, 7.016028559273513750e+14
4.236491878316220397e-17, 5.390990024187271250e+14
4.946681167721122281e-17, 4.142339671988995625e+14
5.775923872374348195e-17, 3.182899222804790000e+14
6.744177651302501599e-17, 2.445682455989161250e+14
7.874745789132278381e-17, 1.879218365657926875e+14
9.194838043965264702e-17, 1.443957557604403125e+14
1.073622551364499575e-16, 1.109510989391015938e+14
1.253600528129948575e-16, 8.525282679511309375e+13
1.463749324313652303e-16, 6.550673716667564844e+13
1.709126660647493911e-16, 5.033419741654713281e+13
1.995638114815701302e-16, 3.867589104799425000e+13
2.330179252950391720e-16, 2.971785833749224219e+13
2.720801587507204238e-16, 2.283466728850084375e+13
3.176906355684263719e-16, 1.754574721552875781e+13
3.709470782113892190e-16, 1.348183625632525781e+13
4.331312271366239694e-16, 1.035920024434757812e+13
5.057396888673425339e-16, 7.959822954543220703e+12
5.905199553182014303e-16, 6.116184644875870117e+12
6.895124612624175452e-16, 4.699566161690087891e+12
8.050996921517614587e-16, 3.611062024853375977e+12
9.400635241836067561e-16, 2.774675044185083496e+12
1.097652176637426354e-15, 2.132010347049106934e+12
1.281658387844818299e-15, 1.638198364687942139e+12
1.496510696280042197e-15, 1.258762128326780029e+12
1.747380023663327855e-15, 9.672101559029356689e+11
2.040304125247816402e-15, 7.431868695678800049e+11
2.382332902476464009e-15, 5.710514097967508545e+11
2.781698075296781474e-15, 4.387856217379957275e+11
3.248011297693212803e-15, 3.371549715857033081e+11
3.792495484549381372e-15, 2.590638098274611206e+11
4.428254917260453338e-15, 1.990599671322319031e+11
5.170590628816885501e-15, 1.529540947501536865e+11
6.037368658836964984e-15, 1.175271725293625336e+11
7.049450041464057396e-15, 9.030576334232250977e+10
8.231192874789720272e-15, 6.938932263347111511e+10
9.611038555274013536e-15, 5.331750618485071564e+10
1.122219628626107451e-14, 4.096821179228997803e+10
1.310344233488316355e-14, 3.147923632510055542e+10
1.530005327333422790e-14, 2.418807842128040314e+10
1.786489566513994436e-14, 1.858568396233613968e+10
2.085969842226470568e-14, 1.428090492893124390e+10
2.435653845529604593e-14, 1.097319022546952820e+10
2.843957537234173260e-14, 8.431601801395880699e+09
3.320707697621301066e-14, 6.478691016609992981e+09
3.877378430820567309e-14, 4.978109530949880600e+09
4.527367315877207227e-14, 3.825089734731818676e+09
5.286317850727665526e-14, 2.939130082973268032e+09
6.172495949449466709e-14, 2.258374637907442093e+09
7.207229554069590400e-14, 1.735294410645504951e+09
8.415421941214433446e-14, 1.333368981865503311e+09
9.826151077522554733e-14, 1.024536718895846605e+09
1.147336944870571982e-13, 7.872355684300384521e+08
1.339672120527618000e-13, 6.048976369234142303e+08
1.564249629145710343e-13, 4.647924532744837999e+08
1.826474452061308525e-13, 3.571381526958503723e+08
2.132657641002332364e-13, 2.744185264033980370e+08
2.490168208261894248e-13, 2.108582548937160075e+08
2.907610479159630927e-13, 1.620196866426759064e+08
3.395031175191101639e-13, 1.244930101172587574e+08
3.964161211804007018e-13, 9.565818752777162194e+07
4.628698030228503768e-13, 7.350202900933599472e+07
5.404635258335326130e-13, 5.647763571644929796e+07
6.310647634578878334e-13, 4.339639842751532793e+07
7.368540459117346958e-13, 3.334501121708878130e+07
8.603774389199028282e-13, 2.562170625576132908e+07
1.004607820923932483e-12, 1.968725777846155688e+07
1.173016432332888215e-12, 1.512733441585068591e+07
1.369656419016833193e-12, 1.162357140359762311e+07
1.599260380711907916e-12, 8.931342988819232211e+06
1.867354272066798725e-12, 6.862683147387999110e+06
2.180390397624856683e-12, 5.273162170616608113e+06
2.545902701576178349e-12, 4.051802870748204645e+06
2.972688089689554387e-12, 3.113332374809877947e+06
3.471018147359357998e-12, 2.392228542512837332e+06
4.052886349255764866e-12, 1.838145340958838817e+06
4.732296710254901824e-12, 1.412397784928838257e+06
5.525600824706499793e-12, 1.085261028288055211e+06
6.451891405674874902e-12, 8.338950344503645319e+05
7.533461795592588149e-12, 6.407499305286054732e+05
8.796342507521895701e-12, 4.923407101746574044e+05
1.027092771014048268e-11, 3.783057373027127469e+05
1.199270673427324702e-11, 2.906833173015055363e+05
1.400311820638017854e-11, 2.233558273788354127e+05
1.635054736571430363e-11, 1.716225963265002647e+05
1.909149056791221305e-11, 1.318717130218018137e+05
2.229191500151088592e-11, 1.013278499890589883e+05
2.602884634213915806e-11, 7.785849556460817985e+04
3.039222255498335907e-11, 5.982506618110086856e+04
3.548705846160559437e-11, 4.596850372742104810e+04
4.143597316646138997e-11, 3.532137061981999432e+04
4.838214117152900590e-11, 2.714030523726772662e+04
5.649273820450414145e-11, 2.085412189409019993e+04
6.596296469244882950e-11, 1.602393179338295522e+04
7.702074371516900180e-11, 1.231250068562001252e+04
8.993220650552190613e-11, 9.460703845231968444e+03
1.050080975180062726e-10, 7.269434498527280084e+03
1.226112532185457416e-10, 5.585702585438349161e+03
1.431653345899774112e-10, 4.291953298333384737e+03
1.671650235213482158e-10, 3.297859639554943897e+03
1.951879284809018891e-10, 2.534015970404126620e+03
2.279084860105338701e-10, 1.947092247725165180e+03
2.661141926135866703e-10, 1.496110626543060334e+03
3.107245576942134500e-10, 1.149584468568549710e+03
3.628132336949815997e-10, 8.833200078443524035e+02
4.236338560460705138e-10, 6.787271902078764469e+02
4.946502148246891704e-10, 5.215217527469976631e+02
5.775714842760397404e-10, 4.007279250224217435e+02
6.743933580763869986e-10, 3.079121226429025455e+02
7.874460803542362888e-10, 2.365941312054881678e+02
9.194505284481391166e-10, 1.817946706365905527e+02
1.073583697163442448e-09, 1.396877517775885451e+02
1.253555160559284636e-09, 1.073335534443867516e+02
1.463696351497021232e-09, 8.247316996941870570e+01
1.709064807670563662e-09, 6.337089890840950801e+01
1.995565893042375731e-09, 4.869305775379989143e+01
2.330094924195305965e-09, 3.741486887919557347e+01
2.720703122202257710e-09, 2.874891160718191685e+01
3.176791384032336837e-09, 2.209014606642464784e+01
3.709336537054124696e-09, 1.697367051328909682e+01
4.331155521978282322e-09, 1.304226281833410184e+01
5.057213862417803832e-09, 1.002143992893725510e+01
5.904985845105158122e-09, 7.700294009419899055e+00
6.894875079342960596e-09, 5.916767276156887689e+00
8.050705557431865460e-09, 4.546337445995564330e+00
9.400295034589802586e-09, 3.493323838534774683e+00
1.097612452808688640e-08, 2.684207141646326455e+00
1.281612004865416702e-08, 2.062496439576346763e+00
1.496456537835437654e-08, 1.584785129755682309e+00
1.747316786304279705e-08, 1.217720360288537140e+00
2.040230287019851416e-08, 9.356744002827925843e-01
2.382246686290472952e-08, 7.189553627378982847e-01
2.781597406159238859e-08, 5.524323562270800902e-01
3.247893752766619457e-08, 4.244790762035942633e-01
3.792358234841027568e-08, 3.261620795806394191e-01
4.428094659536107595e-08, 2.506170695333475029e-01
5.170403506100775866e-08, 1.925696439703807883e-01
6.037150167584694934e-08, 1.479670472882320675e-01
7.049194923174215987e-08, 1.136952150493958785e-01
8.230894989445869222e-08, 8.736135620756173281e-02
9.610690733570848061e-08, 6.712689320398131099e-02
1.122179015705835130e-07, 5.157909614535820253e-02
1.310296812373474564e-07, 3.963244881731419617e-02
1.529949956724325201e-07, 3.045286010500177637e-02
1.786424913787846109e-07, 2.339942941324535397e-02
2.085894351364676277e-07, 1.797970026386864692e-02
2.435565699668571264e-07, 1.381527796552038841e-02
2.843854614938248337e-07, 1.061541085020990989e-02
3.320587521825467136e-07, 8.156690571119434158e-03
3.877238109214126943e-07, 6.267454176931138571e-03
4.527203471293543005e-07, 4.815798946574588284e-03
5.286126539864874544e-07, 3.700373204034316209e-03
6.172272567965604518e-07, 2.843300146256032019e-03
7.206968725768446012e-07, 2.184740639913197204e-03
8.415117388654812462e-07, 1.678715372337098981e-03
9.825795470937055071e-07, 1.289894667512044967e-03
1.147295422959284638e-06, 9.911318384841054114e-04
1.339623638041987889e-06, 7.615678597630268264e-04
1.564193019241686001e-06, 5.851750317204027331e-04
1.826408352289566483e-06, 4.496379585340250663e-04
2.132580460517753101e-06, 3.454937117878346671e-04
2.490078089536171985e-06, 2.654711476631317559e-04
2.907505253275528389e-06, 2.039832501636340046e-04
3.394908309642402768e-06, 1.567368275826448948e-04
3.964017749544815386e-06, 1.204333791661685185e-04
4.628530518505076199e-06, 9.253849715605517523e-05
5.404439665587494086e-06, 7.110420221988667140e-05
6.310419253411135426e-06, 5.463434444985377055e-05
7.368273793004429503e-06, 4.197933875444652391e-05
8.603463020199222133e-06, 3.225563652090558610e-05
1.004571464353174789e-05, 2.478389494669514732e-05
1.172973981085711423e-05, 1.904291861324927830e-05
1.369606851405000625e-05, 1.463133823772261281e-05
1.599202503775273322e-05, 1.124146075109727866e-05
1.867286692861943421e-05, 8.636805595622469385e-06
2.180311489700670832e-05, 6.635290311733671063e-06
2.545810565829488036e-05, 5.096642786695893077e-06
2.972580508658805780e-05, 3.915069461776231238e-06
3.470892531856226512e-05, 3.006647951332471151e-06
4.052739676050301244e-05, 2.308312909464145381e-06
4.732125449314459231e-05, 1.770330287495576829e-06
