# M_f [M_sun], P(M_f) [M_sun^-1]
3.355426787857400234e-25, 0.000000000000000000e+00
3.911652505143758048e-25, 0.000000000000000000e+00
4.560083199063886726e-25, 0.000000000000000000e+00
5.316003595677380045e-25, 0.000000000000000000e+00
6.197232154680015557e-25, 0.000000000000000000e+00
7.224541083875303900e-25, 0.000000000000000000e+00
8.422145979021678346e-25, 0.000000000000000000e+00
9.818276630783892592e-25, 0.000000000000000000e+00
1.144584245377741764e-24, 0.000000000000000000e+00
1.334320822311494521e-24, 0.000000000000000000e+00
1.555509840401867446e-24, 0.000000000000000000e+00
1.813365139124089360e-24, 0.000000000000000000e+00
2.113964850869085172e-24, 0.000000000000000000e+00
2.464394673909162856e-24, 0.000000000000000000e+00
2.872914895578817388e-24, 0.000000000000000000e+00
3.349155102719898938e-24, 0.000000000000000000e+00
3.904341169081111135e-24, 0.000000000000000000e+00
4.551559870189927640e-24, 0.000000000000000000e+00
5.306067363165150690e-24, 0.000000000000000000e+00
6.185648802917218596e-24, 0.000000000000000000e+00
7.211037571563583870e-24, 0.000000000000000000e+00
8.406404003081794177e-24, 0.000000000000000000e+00
9.799925123355945559e-24, 0.000000000000000000e+00
1.142444883545635492e-23, 0.000000000000000000e+00
1.331826820624366865e-23, 0.000000000000000000e+00
1.552602410568330836e-23, 0.000000000000000000e+00
1.809975747576928262e-23, 0.000000000000000000e+00
2.110013603300706197e-23, 0.000000000000000000e+00
2.459788432013121776e-23, 0.000000000000000000e+00
2.867545081605480075e-23, 0.000000000000000000e+00
3.342895140095494358e-23, 0.000000000000000000e+00
3.897043498760775480e-23, 0.000000000000000000e+00
4.543052472414611801e-23, 0.000000000000000000e+00
5.296149702633689900e-23, 0.000000000000000000e+00
6.174087101793673643e-23, 0.000000000000000000e+00
7.197559298895767048e-23, 0.000000000000000000e+00
8.390691450736218015e-23, 0.000000000000000000e+00
9.781607917041964598e-23, 0.000000000000000000e+00
1.140309520431035390e-22, 0.000000000000000000e+00
1.329337480518106140e-22, 0.000000000000000000e+00
1.549700415061211373e-22, 0.000000000000000000e+00
1.806592691198997314e-22, 0.000000000000000000e+00
2.106069741076194141e-22, 0.000000000000000000e+00
2.455190799721978298e-22, 0.000000000000000000e+00
2.862185304442568804e-22, 2.929535012195834961e+12
3.336646878073451126e-22, 2.249436714197178711e+12
3.889759468639831932e-22, 3.340308134563988281e+12
4.534560975960776476e-22, 2.564289815518721680e+12
5.286250579369789952e-22, 1.968717229096138672e+12
6.162547010841906233e-22, 1.511407016415209473e+12
7.184106218696126315e-22, 5.998909487125581055e+11
8.375008266988809979e-22, 0.000000000000000000e+00
9.763324947728996466e-22, 0.000000000000000000e+00
1.138178148559852146e-21, 0.000000000000000000e+00
1.326852793279672222e-21, 0.000000000000000000e+00
1.546803843723141989e-21, 0.000000000000000000e+00
1.803215958149154218e-21, 0.000000000000000000e+00
2.102133250391486635e-21, 0.000000000000000000e+00
2.450601760943344245e-21, 0.000000000000000000e+00
2.856835545330063135e-21, 0.000000000000000000e+00
3.330410294783934036e-21, 0.000000000000000000e+00
3.882489053223168623e-21, 0.000000000000000000e+00
4.526085351107068555e-21, 8.399219151321824219e+12
5.276369958725133131e-21, 7.594624088316387695e+12
6.151028489669875711e-21, 5.836918635736259766e+12
7.170678283876874558e-21, 8.401661368205070312e+12
8.359354396946227458e-21, 6.755593456479268555e+12
9.745076151424240088e-21, 5.191749093567124023e+12
1.136050760472003545e-20, 1.548889630631040625e+13
1.324372750212316441e-20, 1.497455897950747266e+13
1.543912686415697727e-20, 1.242314297322616016e+13
1.799845536608330213e-20, 1.220267818946852539e+13
2.098204117468286909e-20, 1.208095978456574609e+13
2.446021299614948793e-20, 1.585205697047250391e+13
2.851495785543101578e-20, 1.218501933104681250e+13
3.324185368398067586e-20, 3.125013787450125000e+13
3.875232227063295273e-20, 2.510907219474338281e+13
4.517625568187534888e-20, 2.114134619094958594e+13
5.266507806116157543e-20, 2.370800800302645312e+13
6.139531497961241988e-20, 2.411027784325310547e+13
7.157275447438468443e-20, 2.109718090748961328e+13
8.343729785817758715e-20, 1.936156036144044531e+13
9.726861464254266209e-20, 1.805152315153593359e+13
1.133927348721318637e-19, 2.962251003256439453e+13
1.321897342635523437e-19, 3.463605604524136328e+13
1.541026933019428484e-19, 2.878697944740515234e+13
1.796481414779605106e-19, 2.550402295484660547e+13
2.094282328554104639e-19, 5.157796095884478906e+13
2.441449399704524831e-19, 4.257870373689326562e+13
2.846166006391730325e-19, 3.430895038297465625e+13
3.317972077127720990e-19, 3.082002938283562500e+13
3.867988964760348480e-19, 4.939927743800163281e+13
4.509181597591821492e-19, 4.494292289106164062e+13
5.256664087023966689e-19, 4.039440006913639844e+13
6.128055995474868387e-19, 4.078874591482112500e+13
7.143897662469015009e-19, 7.447565330312660938e+13
8.328134378914969703e-19, 7.807397866693901562e+13
9.708680822465035426e-19, 8.589783952000885938e+13
1.131807905875562876e-18, 8.125953347005404688e+13
1.319426561885035469e-18, 1.050592047081226719e+14
1.538146573433785306e-18, 9.124274473259362500e+13
1.793123580888051368e-18, 9.229821738104412500e+13
2.090367869922119062e-18, 8.756522700558065625e+13
2.436886045209810308e-18, 1.005895000518178125e+14
2.840846189221018720e-18, 1.130731955625527969e+14
3.311770399225516642e-18, 1.068406606161945000e+14
3.860759240961861678e-18, 1.134662808283638906e+14
4.500753409764791366e-18, 1.092970974292600938e+14
5.246838766994097329e-18, 1.049755367022445781e+14
6.116601942044836815e-18, 1.304059145853690312e+14
7.130544882144415247e-18, 1.345317778294819219e+14
8.312568121651848918e-18, 1.272591545233536094e+14
9.690534162421824033e-18, 1.399095946312468438e+14
1.129692424516384167e-17, 1.365683731920622500e+14
1.316960399312767720e-17, 1.363568492628534062e+14
1.535271597577124804e-17, 1.308050900574110625e+14
1.789772023180807986e-17, 1.277393134652654219e+14
2.086460727871183662e-17, 1.272462514006510156e+14
2.432331220158403752e-17, 1.318232990773891719e+14
2.835536315410825541e-17, 1.430058157106356250e+14
3.305580312984669861e-17, 1.446826754045030625e+14
3.853543030362754872e-17, 1.502724129596227188e+14
4.492340975206621965e-17, 1.531971031385937500e+14
5.237031811636613227e-17, 1.596037754103247500e+14
6.105169297580401090e-17, 1.658617106275722188e+14
7.117217059728034926e-17, 1.715368889217360000e+14
8.297030959544278084e-17, 1.772863288528773750e+14
9.672421420608857528e-17, 1.818541251905470625e+14
1.127580897239314514e-16, 1.862515594128375625e+14
1.314498846286807483e-16, 1.908061640032168750e+14
1.532401995386608697e-16, 1.939453678873821562e+14
1.786426729926930790e-16, 1.967024834376885938e+14
2.082560888725732025e-16, 2.023909233918874375e+14
2.427784908607758797e-16, 2.082345717211195625e+14
2.830236366375858989e-16, 2.103824410873288438e+14
3.299401796739057673e-16, 2.131058755671588125e+14
3.846340307705324759e-16, 2.147091915475171875e+14
4.483944264472611447e-16, 2.105532286509181562e+14
5.227243186625783884e-16, 2.080383886990588438e+14
6.093758022065750218e-16, 2.028173082460731250e+14
7.103914148570712565e-16, 1.950020567411039375e+14
8.281522838210022540e-16, 1.849655719277499062e+14
9.654342533628874298e-16, 1.758875092106648125e+14
1.125473316653697713e-15, 1.677464083462056875e+14
1.312041894191368240e-15, 1.569680393787990000e+14
1.529537756818232692e-15, 1.447997794355865938e+14
1.783087689417430532e-15, 1.321887762689502812e+14
2.078668338835796133e-15, 1.181301274451293281e+14
2.423247094645175308e-15, 1.050796458758592656e+14
2.824946323565552047e-15, 9.130530116696571875e+13
3.293234828862978084e-15, 7.819264818496596875e+13
3.839151047779015648e-15, 6.627447470386181250e+13
4.475563248173091922e-15, 5.500679387418258594e+13
5.217472857700026563e-15, 4.539178871722304688e+13
6.082368075559743966e-15, 3.698468882068126562e+13
7.090636102110302607e-15, 2.997975722449581250e+13
8.266043703368446947e-15, 2.413928992708335938e+13
9.636297438203272734e-15, 1.911830668894641016e+13
1.123369675382710986e-14, 1.516644127976437500e+13
1.309589534426777824e-14, 1.194496001003745898e+13
1.526678871846762661e-14, 9.364203820975388672e+12
1.779754889965197355e-14, 7.276688532080081055e+12
2.074783064576904948e-14, 5.657304650459033203e+12
2.418717762387663204e-14, 4.381297232324791992e+12
2.819666168464013410e-14, 3.394728851150750977e+12
3.287079387771191714e-14, 2.629391800240490723e+12
3.831975225420416783e-14, 2.028423728793423096e+12
4.467197896973330425e-14, 1.560580843258745605e+12
5.207720790661838996e-14, 1.200623443600971436e+12
6.070999418196005931e-14, 9.244700810182497559e+11
7.077382873871806902e-14, 7.112126644183978271e+11
8.250593500840439774e-14, 5.471407110653633423e+11
9.618286071171705142e-14, 4.209121393747709351e+11
1.121269966063314502e-13, 3.237996445626348267e+11
1.307141758409427818e-13, 2.490886892593489990e+11
1.523825330465693699e-13, 1.916126491024392700e+11
1.776428319904964434e-13, 1.473962543072948608e+11
2.070905052350044483e-13, 1.133812837134535217e+11
2.414196895981914013e-13, 8.721442181614671326e+10
2.814395882589958426e-13, 6.708527880632196045e+10
3.280935451918776345e-13, 5.160104763679602051e+10
3.824812815513124879e-13, 3.969003761542088318e+10
4.458848181593423731e-13, 3.052783800067820740e+10
5.197986951377594796e-13, 2.348024078179629517e+10
6.059652010182616037e-13, 1.805928688780222321e+10
7.064154417467067175e-13, 1.388960628888475227e+10
8.235172176548091519e-13, 1.068243405498343849e+10
9.600308369491819029e-13, 8.215654264773346901e+09
1.119174181346230586e-12, 6.318362848001448631e+09
1.304698557571760765e-12, 4.859124145348933220e+09
1.520977122687233506e-12, 3.736820398054872036e+09
1.773107967593269847e-12, 2.873669946230740547e+09
2.067034288581631930e-12, 2.209839078380871296e+09
2.409684479604264646e-12, 1.699317522523863792e+09
2.809135447496646608e-12, 1.306706457357246637e+09
3.274802999801101691e-12, 1.004781152343806267e+09
3.817663792987708718e-12, 7.725980470712957382e+08
4.450514072808195253e-12, 5.940500778782031536e+08
5.188271305777502773e-12, 4.567520461025505662e+08
6.048325811802063474e-12, 3.511757223302894235e+08
7.050950686594628962e-12, 2.699936890365338922e+08
8.219779676514615920e-12, 2.075718270486467183e+08
9.582364270239151906e-12, 1.595752785922811031e+08
1.117082313895918462e-11, 1.226727116421912014e+08
1.302259923362230879e-11, 9.430193576579491794e+07
1.518134238542254657e-11, 7.248858507826711237e+07
1.769793821408414235e-11, 5.571769863429114223e+07
2.063170759723450032e-11, 4.282457058710720390e+07
2.405180497460624204e-11, 3.291337694741621986e+07
2.803884844771816426e-11, 2.529429898551517352e+07
3.268682009953723316e-11, 1.943773710769866779e+07
3.810528132821584611e-11, 1.493585619491005689e+07
4.442195541447093477e-11, 1.147534363620982878e+07
5.178573819855437101e-11, 8.816068727928677574e+06
6.037020783411065800e-11, 6.772305126952590421e+06
7.037771635039578194e-11, 5.201681897997972555e+06
8.204415946864102294e-11, 3.994630682116317097e+06
9.564453710606838180e-11, 3.067233381520116236e+06
1.114994356390548286e-10, 2.354544999841016252e+06
1.299825847245275942e-10, 1.807070212545686169e+06
1.515296668080263862e-10, 1.386567593934942503e+06
1.766485869750420971e-10, 1.063722422968539409e+06
2.059314452252606231e-10, 8.157232329017177690e+05
2.400684933786423458e-10, 6.252947598595675081e+05
2.798644056037621084e-10, 4.791954609744878835e+05
3.262572460952317461e-10, 3.670693587119777221e+05
3.803405810038949814e-10, 2.810432701959554688e+05
4.433892558394101641e-10, 2.150656122920374619e+05
5.168894459668836318e-10, 1.644836876140683889e+05
6.025736885440446790e-10, 1.256757080387628375e+05
7.024617216673400841e-10, 9.596074917456271942e+04
8.189080933821340980e-10, 7.322076061190846667e+04
9.546576627905424018e-10, 5.582651282306802023e+04
1.112910301521978132e-09, 4.250434757943373552e+04
1.297396320701288100e-09, 3.231938959383103793e+04
1.512464401369368887e-09, 2.454817633500337251e+04
1.763184101040997877e-09, 1.861708711827388106e+04
2.055465352671481844e-09, 1.410188058968123187e+04
2.396197772846563252e-09, 1.066231126829956156e+04
2.793413062950570365e-09, 8.048619146913518307e+03
3.256474331412598335e-09, 6.057710223137932189e+03
3.796296799710642321e-09, 4.547326367624000341e+03
4.425605094587583618e-09, 3.409720721768215753e+03
5.159233191338581016e-09, 2.550872678477628142e+03
6.014474078394955481e-09, 1.901256923461760607e+03
7.011487385453768934e-09, 1.411387068577221726e+03
8.173774583711631088e-09, 1.042494569099398177e+03
9.528732959562532699e-09, 7.702958791706081456e+02
1.110830141995716601e-08, 5.653877665824792302e+02
1.294971335226582697e-08, 4.130640522555337952e+02
1.509637428496232318e-08, 3.020957381150175252e+02
1.759888503723487753e-08, 2.192857441892296606e+02
2.051623447507689282e-08, 1.585672686253594748e+02
2.391718998935330147e-08, 1.135590848515690396e+02
2.788191847201435563e-08, 8.187933735316966022e+01
3.250387599990276121e-08, 5.883568587178332621e+01
3.789201076954181644e-08, 4.182886705085574164e+01
4.417333121020300245e-08, 2.968836015031387277e+01
5.149589981048896566e-08, 2.077374649434901599e+01
6.003232322853198879e-08, 1.458944478282850454e+01
6.998382095424388805e-08, 9.969752997907420422e+00
8.158496842960602050e-08, 6.860494622279021293e+00
9.510922643122954979e-08, 4.799906726961655323e+00
1.108753870530924548e-07, 3.290340131466828577e+00
1.292550882333375955e-07, 2.297653502972361483e+00
1.506815739566055910e-07, 1.562362762802923744e+00
1.756599066262825846e-07, 1.056036592764645787e+00
2.047788723314019805e-07, 7.114795431458574848e-01
2.387248596376421741e-07, 4.642893668497095616e-01
2.782980390515258918e-07, 3.189899103804218483e-01
3.244312245380930260e-07, 2.182398173785570217e-01
3.782118616933495897e-07, 1.341126854887977615e-01
4.409076608739116095e-07, 8.851979054725793439e-02
5.139964795047128495e-07, 5.862096881763602385e-02
5.992011579467452228e-07, 3.844446530183869698e-02
6.985301300715003711e-07, 2.615864388629977888e-02
8.143247658094044902e-07, 1.766736539497495290e-02
9.493145616247966447e-07, 1.056606596434661767e-02
1.106681479860344254e-06, 6.700722167717557826e-03
1.290134953549726917e-06, 3.913763790969321081e-03
1.503999324702531460e-06, 2.202259217859077814e-03
1.753315777145544996e-06, 1.690739562265114373e-03
2.043961166668409568e-06, 7.082675030252754593e-04
2.382786549522770622e-06, 3.680481693582095823e-04
2.777778674651168692e-06, 0.000000000000000000e+00
3.238248246319932887e-06, 0.000000000000000000e+00
3.775049394858996537e-06, 0.000000000000000000e+00
4.400835528845154641e-06, 0.000000000000000000e+00
5.130357599643861158e-06, 0.000000000000000000e+00
5.980811808963541520e-06, 0.000000000000000000e+00
6.972244955540883526e-06, 0.000000000000000000e+00
8.128026975737574330e-06, 0.000000000000000000e+00
9.475401816715515592e-06, 0.000000000000000000e+00
1.104612962730335639e-05, 0.000000000000000000e+00
1.287723540419566570e-05, 0.000000000000000000e+00
1.501188174047812092e-05, 0.000000000000000000e+00
1.750038624879643402e-05, 0.000000000000000000e+00
2.040140764173846969e-05, 0.000000000000000000e+00
2.378332842756597523e-05, 0.000000000000000000e+00
2.772586681402478678e-05, 0.000000000000000000e+00
