# M_f [M_sun], P(M_f) [M_sun^-1]
3.548962714117586356e-25, 8.263370774843296317e+21
4.143897244964681628e-25, 7.671881509327099396e+21
4.838564324307219260e-25, 6.635594743085572030e+21
5.649682734992169490e-25, 5.893487163390415602e+21
6.596773932655885372e-25, 5.357199536064642941e+21
7.702631875067320117e-25, 4.802626884202760503e+21
8.993871611864740876e-25, 4.338285217733249860e+21
1.050156983777701776e-24, 3.833905667799458513e+21
1.226201282573591067e-24, 3.423730169750858760e+21
1.431756974063410238e-24, 3.018586165622172287e+21
1.671771235205982412e-24, 2.671892404234910433e+21
1.952020568777308980e-24, 2.345022359410012848e+21
2.279249828377506683e-24, 2.100696273335964926e+21
2.661334549057996954e-24, 1.831474658698436280e+21
3.107470490433956329e-24, 1.627484131447489167e+21
3.628394954078874531e-24, 1.455063720216077271e+21
4.236645201720489617e-24, 1.290473745959404175e+21
4.946860193674237954e-24, 1.130063385537987478e+21
5.776132909553281211e-24, 1.005185253506006516e+21
6.744421730674377979e-24, 8.991476147692497797e+20
7.875030785036159497e-24, 7.901295936057781780e+20
9.195170815492024403e-24, 6.959812084689233510e+20
1.073661406971731716e-23, 6.193957992780786565e+20
1.253645897342513110e-23, 5.542263523869087498e+20
1.463802299047425984e-23, 4.915965769874367447e+20
1.709188515862952929e-23, 4.321785014443878646e+20
1.995710339202826004e-23, 3.895169242133100626e+20
2.330263584757434168e-23, 3.483249598925430456e+20
2.720900056375714993e-23, 3.140674296686235484e+20
3.177021331497144511e-23, 2.847814665328942121e+20
3.709605032032140160e-23, 2.530411083103678300e+20
4.331469026427151886e-23, 2.252539235261367255e+20
5.057579921552993781e-23, 2.036523274473723658e+20
5.905413268993206007e-23, 1.801993429866802381e+20
6.895374154936251738e-23, 1.611147652105787474e+20
8.051288296148122256e-23, 1.444346048785358520e+20
9.400975461394818512e-23, 1.308016999842218639e+20
1.097691901903814394e-22, 1.161813490753168835e+20
1.281704772502877614e-22, 1.048292324257914880e+20
1.496564856684707842e-22, 9.515224691318703718e+19
1.747443263311006971e-22, 8.509684772564482458e+19
2.040377966148069427e-22, 7.646438044773877350e+19
2.382419121782715813e-22, 6.852333017537486848e+19
2.781798748077653061e-22, 6.154429616453743411e+19
3.248128846873889935e-22, 5.563533633339800781e+19
3.792632739224971983e-22, 4.995641086044054323e+19
4.428415180784706451e-22, 4.537075129857516339e+19
5.170777758305154950e-22, 4.096683264030278451e+19
6.037587157996679498e-22, 3.683748758838104064e+19
7.049705168986915043e-22, 3.316738669830425805e+19
8.231490770914376496e-22, 2.972192947283832422e+19
9.611386389565238025e-22, 2.678210053570860237e+19
1.122260243016206653e-21, 2.419188423053204685e+19
1.310391656319376225e-21, 2.186033586878971085e+19
1.530060699946438888e-21, 1.974385845620706509e+19
1.786554221579997443e-21, 1.781424421591748403e+19
2.086045335820364214e-21, 1.614725130826852762e+19
2.435741994580735524e-21, 1.452427737820579635e+19
2.844060463254972146e-21, 1.308729812199028941e+19
3.320827877766432378e-21, 1.176691819509880422e+19
3.877518757505402961e-21, 1.061152241411376333e+19
4.527531166390591196e-21, 9.531608502816266240e+18
5.286509168514232234e-21, 8.699255452594301952e+18
6.172719339017780476e-21, 7.846277473037075456e+18
7.207490391810404495e-21, 7.045652808001649664e+18
8.415726504796120160e-21, 6.360601092906433536e+18
9.826506696977815998e-21, 5.730023688646521856e+18
1.147378468284583961e-20, 5.201650337844306944e+18
1.339720604767883656e-20, 4.705467236752272384e+18
1.564306241098517039e-20, 4.246004180608699904e+18
1.826540554225283020e-20, 3.854555906826033664e+18
2.132734824280151716e-20, 3.473375336983968768e+18
2.490258330249094031e-20, 3.127717479987863040e+18
2.907715708851964547e-20, 2.834923624717127680e+18
3.395154045186442600e-20, 2.557403111018665984e+18
3.964304679255259240e-20, 2.310609568433967616e+18
4.628865548014387372e-20, 2.086722579871658240e+18
5.404830858161902066e-20, 1.881748544709397504e+18
6.310876024011991138e-20, 1.699224984836909312e+18
7.368807134881180046e-20, 1.534749074893429760e+18
8.604085769467593336e-20, 1.384289790663044608e+18
1.004644178810475172e-19, 1.248668354511600128e+18
1.173058885116423403e-19, 1.123811380275959808e+18
1.369705988422578918e-19, 1.012890018939924480e+18
1.599318259743174272e-19, 9.105553537868614400e+17
1.867421853717413878e-19, 8.201977064994750720e+17
2.180469308404809387e-19, 7.373574185393843200e+17
2.545994840657364937e-19, 6.618261424701493760e+17
2.972795674613780767e-19, 6.133401469453431040e+17
3.471143767408655819e-19, 8.567846474573836800e+17
4.053033027769513840e-19, 6.583378970449529600e+17
4.732467977393484649e-19, 5.058549869815790080e+17
5.525800802412904732e-19, 3.886898642820476800e+17
6.452124906878854795e-19, 2.986622935104128640e+17
7.533734440045013057e-19, 2.294867290395109120e+17
8.796660857047170922e-19, 1.763334707781521600e+17
1.027129942656215233e-18, 1.354914641330548960e+17
1.199314076381365808e-18, 1.041092015707849280e+17
1.400362499497209111e-18, 7.999563604289099200e+16
1.635113911040676270e-18, 6.146720644626015200e+16
1.909218151042094247e-18, 4.723029474109492800e+16
2.229272177097818710e-18, 3.629090811668852000e+16
2.602978835535310412e-18, 2.788528039372558400e+16
3.039332248368829520e-18, 2.142654739133395200e+16
3.548834277815029616e-18, 1.646377323917375400e+16
4.143747278091769203e-18, 1.265046693339714000e+16
4.838389217561514039e-18, 9.720391025076778000e+15
5.649478274021606592e-18, 7.468973451955914000e+15
6.596535196630497956e-18, 5.739024724634084000e+15
7.702353118248023089e-18, 4.409763269587382500e+15
8.993546125318797605e-18, 3.388382700345106500e+15
1.050118978791184392e-17, 2.603572260483445500e+15
1.226156906576543473e-17, 2.000538048688831000e+15
1.431705159044002820e-17, 1.537177417733030000e+15
1.671710734114975772e-17, 1.181139451527614750e+15
1.951949925514886663e-17, 9.075662886151757500e+14
2.279167342748857588e-17, 6.973575958073007500e+14
2.661238235854156293e-17, 5.358370209764168750e+14
3.107358031653111131e-17, 4.117275193890982500e+14
3.628263643138282592e-17, 3.163640129108045625e+14
4.236491878316220397e-17, 2.430884115143047812e+14
4.946681167721122281e-17, 1.867847586988782188e+14
5.775923872374348195e-17, 1.435220456000178750e+14
6.744177651302501599e-17, 1.102797557825501094e+14
7.874745789132278381e-17, 8.473697880081845312e+13
9.194838043965264702e-17, 6.511036885543093750e+13
1.073622551364499575e-16, 5.002963514254468750e+13
1.253600528129948575e-16, 3.844187088012530469e+13
1.463749324313652303e-16, 2.953804145387817969e+13
1.709126660647493911e-16, 2.269649923262565234e+13
1.995638114815701302e-16, 1.743958136902584375e+13
2.330179252950391720e-16, 1.340026033131808789e+13
2.720801587507204238e-16, 1.029651877228793359e+13
3.176906355684263719e-16, 7.911659639928775391e+12
3.709470782113892190e-16, 6.079176821072422852e+12
4.331312271366239694e-16, 4.671130016161236328e+12
5.057396888673425339e-16, 3.589212202595700195e+12
5.905199553182014303e-16, 2.757886034145560547e+12
6.895124612624175452e-16, 2.119109974004144287e+12
8.050996921517614587e-16, 1.628285950295962158e+12
9.400635241836067561e-16, 1.251145607570079346e+12
1.097652176637426354e-15, 9.613577584808599854e+11
1.281658387844818299e-15, 7.386899927546296387e+11
1.496510696280042197e-15, 5.675960906109938965e+11
1.747380023663327855e-15, 4.361306166825815430e+11
2.040304125247816402e-15, 3.351149134976679077e+11
2.382332902476464009e-15, 2.574962659199082336e+11
2.781698075296781474e-15, 1.978554946143096619e+11
3.248011297693212803e-15, 1.520285997512483826e+11
3.792495484549381372e-15, 1.168160388332371674e+11
4.428254917260453338e-15, 8.975934101150955200e+10
5.170590628816885501e-15, 6.896946154993887329e+10
6.037368658836964984e-15, 5.299489248606258392e+10
7.049450041464057396e-15, 4.072032123298389435e+10
8.231192874789720272e-15, 3.128876168091877747e+10
9.611038555274013536e-15, 2.404172113282777023e+10
1.122219628626107451e-14, 1.847322565574752426e+10
1.310344233488316355e-14, 1.419449399029554558e+10
1.530005327333422790e-14, 1.090679361545174217e+10
1.786489566513994436e-14, 8.380583841164679527e+09
2.085969842226470568e-14, 6.439489733927474022e+09
2.435653845529604593e-14, 4.947987970576267242e+09
2.843957537234173260e-14, 3.801944869548073769e+09
3.320707697621301066e-14, 2.921345984887161732e+09
3.877378430820567309e-14, 2.244709656740634441e+09
4.527367315877207227e-14, 1.724794484828562260e+09
5.286317850727665526e-14, 1.325301027637902975e+09
6.172495949449466709e-14, 1.018337447954738498e+09
7.207229554069590400e-14, 7.824721601578119993e+08
8.415421941214433446e-14, 6.012375196087386608e+08
9.826151077522554733e-14, 4.619800849131692052e+08
1.147336944870571982e-13, 3.549771793610025048e+08
1.339672120527618000e-13, 2.727580732515265942e+08
1.564249629145710343e-13, 2.095823924941996336e+08
1.826474452061308525e-13, 1.610393368449999392e+08
2.132657641002332364e-13, 1.237397268987050056e+08
2.490168208261894248e-13, 9.507937820226761699e+07
2.907610479159630927e-13, 7.305728228661356866e+07
3.395031175191101639e-13, 5.613590029931923747e+07
3.964161211804007018e-13, 4.313381503863024712e+07
4.628698030228503768e-13, 3.314324681969720870e+07
5.404635258335326130e-13, 2.546667407961048558e+07
6.310647634578878334e-13, 1.956813381596077979e+07
7.368540459117346958e-13, 1.503580168299280293e+07
8.603774389199028282e-13, 1.155323927749445103e+07
1.004607820923932483e-12, 8.877301027624638751e+06
1.173016432332888215e-12, 6.821158253621470183e+06
1.369656419016833193e-12, 5.241255171003649011e+06
1.599260380711907916e-12, 4.027286091781093739e+06
1.867354272066798725e-12, 3.094494111519121099e+06
2.180390397624856683e-12, 2.377753549846288748e+06
2.545902701576178349e-12, 1.827023008582011098e+06
2.972688089689554387e-12, 1.403851576581260655e+06
3.471018147359357998e-12, 1.078694268805603730e+06
4.052886349255764866e-12, 8.288492485138932243e+05
4.732296710254901824e-12, 6.368728335724435747e+05
5.525600824706499793e-12, 4.893616128976093605e+05
6.451891405674874902e-12, 3.760166477024704218e+05
7.533461795592588149e-12, 2.889244182075606659e+05
8.796342507521895701e-12, 2.220043170056374802e+05
1.027092771014048268e-11, 1.705841159810322861e+05
1.199270673427324702e-11, 1.310737609830358415e+05
1.400311820638017854e-11, 1.007147153807919822e+05
1.635054736571430363e-11, 7.738737145613743633e+04
1.909149056791221305e-11, 5.946306112325236609e+04
2.229191500151088592e-11, 4.569034386854947661e+04
2.602884634213915806e-11, 3.510763610082607192e+04
3.039222255498335907e-11, 2.697607421700227860e+04
3.548705846160559437e-11, 2.072792876742242879e+04
4.143597316646138997e-11, 1.592696628734411206e+04
4.838214117152900590e-11, 1.223799335154700748e+04
5.649273820450414145e-11, 9.403452929237380886e+03
6.596296469244882950e-11, 7.225442957630330966e+03
7.702074371516900180e-11, 5.551899712911216739e+03
8.993220650552190613e-11, 4.265979197360197759e+03
1.050080975180062726e-10, 3.277900981845440128e+03
1.226112532185457416e-10, 2.518679609897090359e+03
1.431653345899774112e-10, 1.935307590891549808e+03
1.671650235213482158e-10, 1.487055140654092611e+03
1.951879284809018891e-10, 1.142626052981842804e+03
2.279084860105338701e-10, 8.779729882266523191e+02
2.661141926135866703e-10, 6.746183839205410777e+02
3.107245576942134500e-10, 5.183643914050044259e+02
3.628132336949815997e-10, 3.983016619275046537e+02
4.236338560460705138e-10, 3.060476744404645615e+02
4.946502148246891704e-10, 2.351613469932113958e+02
5.775714842760397404e-10, 1.806935935738327998e+02
6.743933580763869986e-10, 1.388415867896364375e+02
7.874460803542362888e-10, 1.066832594731775288e+02
9.194505284481391166e-10, 8.197340436011631937e+01
1.073583697163442448e-09, 6.298679279427528144e+01
1.253555160559284636e-09, 4.839784710051117145e+01
1.463696351497021232e-09, 3.718796840355079780e+01
1.709064807670563662e-09, 2.857450334759576194e+01
1.995565893042375731e-09, 2.195607619415882183e+01
2.330094924195305965e-09, 1.687060638324791739e+01
2.720703122202257710e-09, 1.296302942941134262e+01
3.176791384032336837e-09, 9.960515530701782083e+00
3.709336537054124696e-09, 7.653444970314712492e+00
4.331155521978282322e-09, 5.880733963117906526e+00
5.057213862417803832e-09, 4.518619930838934096e+00
5.904985845105158122e-09, 3.472000542188784067e+00
6.894875079342960596e-09, 2.667799130958150577e+00
8.050705557431865460e-09, 2.049866421315895249e+00
9.400295034589802586e-09, 1.575063645647012844e+00
1.097612452808688640e-08, 1.210233551698601806e+00
1.281612004865416702e-08, 9.299065259593197741e-01
1.496456537835437654e-08, 7.145090492116852321e-01
1.747316786304279705e-08, 5.490038846563171093e-01
2.040230287019851416e-08, 4.218335381757157276e-01
2.382246686290472952e-08, 3.241188994819650393e-01
2.781597406159238859e-08, 2.490381982331431043e-01
3.247893752766619457e-08, 1.913482409975158505e-01
3.792358234841027568e-08, 1.470211676069260731e-01
4.428094659536107595e-08, 1.129620595782439979e-01
5.170403506100775866e-08, 8.679184033473621995e-02
6.037150167584694934e-08, 6.668388027969401888e-02
7.049194923174215987e-08, 5.123371383515683275e-02
8.230894989445869222e-08, 3.936241956438935041e-02
9.610690733570848061e-08, 3.024147607455383163e-02
1.122179015705835130e-07, 2.323341814539691894e-02
1.310296812373474564e-07, 1.784901620559539714e-02
1.529949956724325201e-07, 1.371195846437496882e-02
1.786424913787846109e-07, 1.053337271783630347e-02
2.085894351364676277e-07, 8.091229259723858869e-03
2.435565699668571264e-07, 6.215022482045124905e-03
2.843854614938248337e-07, 4.773540468704031044e-03
3.320587521825467136e-07, 3.666098240143772936e-03
3.877238109214126943e-07, 2.815417991539305269e-03
4.527203471293543005e-07, 2.161897977082509383e-03
5.286126539864874544e-07, 1.659923086674116232e-03
6.172272567965604518e-07, 1.274274811513798154e-03
7.206968725768446012e-07, 9.781256520727920744e-04
8.415117388654812462e-07, 7.505567932521152409e-04
9.825795470937055071e-07, 5.758620884460922571e-04
1.147295422959284638e-06, 4.417357516562685433e-04
1.339623638041987889e-06, 3.387212347145694474e-04
1.564193019241686001e-06, 2.596515225172511040e-04
1.826408352289566483e-06, 1.989262422384120135e-04
2.132580460517753101e-06, 1.523270022256185139e-04
2.490078089536171985e-06, 1.165763673381295899e-04
2.907505253275528389e-06, 8.914780613275816764e-05
3.394908309642402768e-06, 6.812169874907771691e-05
3.964017749544815386e-06, 5.200066705903813011e-05
4.628530518505076199e-06, 3.964009244576319592e-05
5.404439665587494086e-06, 3.018022100600003269e-05
6.310419253411135426e-06, 2.293653999236749025e-05
7.368273793004429503e-06, 1.739438557197487068e-05
8.603463020199222133e-06, 1.316278789942348157e-05
1.004571464353174789e-05, 9.923156069963991164e-06
1.172973981085711423e-05, 7.459154512622129436e-06
1.369606851405000625e-05, 5.580758988900655944e-06
1.599202503775273322e-05, 4.151347699952889921e-06
1.867286692861943421e-05, 3.068992849525990062e-06
2.180311489700670832e-05, 2.247881995573575685e-06
2.545810565829488036e-05, 1.630516337634355434e-06
2.972580508658805780e-05, 1.164726569250420178e-06
3.470892531856226512e-05, 8.161443518781137179e-07
4.052739676050301244e-05, 5.565041084403236847e-07
4.732125449314459231e-05, 3.420130894730029561e-07
