# M_f [M_sun], P(M_f) [M_sun^-1]
3.548962714117586356e-25, 3.591982468497809920e+17
4.143897244964681628e-25, 2.834948484448066240e+17
4.838564324307219260e-25, 2.472439637145759744e+18
5.649682734992169490e-25, 1.906008942871907584e+18
6.596773932655885372e-25, 1.468353922245876224e+18
7.702631875067320117e-25, 1.134475774792276608e+18
8.993871611864740876e-25, 8.743707061242922240e+17
1.050156983777701776e-24, 6.855476458293111040e+17
1.226201282573591067e-24, 5.335625345825102080e+17
1.431756974063410238e-24, 4.189447894756093440e+17
1.671771235205982412e-24, 3.295906599138752000e+17
1.952020568777308980e-24, 7.116800123934586880e+18
2.279249828377506683e-24, 5.472293902828048384e+18
2.661334549057996954e-24, 4.211444871530631168e+18
3.107470490433956329e-24, 3.239889583814901760e+18
3.628394954078874531e-24, 2.494861983135869440e+18
4.236645201720489617e-24, 1.928104483654918912e+18
4.946860193674237954e-24, 1.484708997636783872e+18
5.776132909553281211e-24, 1.143446995454357120e+18
6.744421730674377979e-24, 8.832426102055852800e+17
7.875030785036159497e-24, 6.835475143587600640e+17
9.195170815492024403e-24, 5.296115979210701440e+17
1.073661406971731716e-23, 4.104422586342289280e+17
1.253645897342513110e-23, 3.288677590684880000e+17
1.463802299047425984e-23, 2.567872636820456320e+17
1.709188515862952929e-23, 2.049516545175828160e+17
1.995710339202826004e-23, 1.601601304444253120e+17
2.330263584757434168e-23, 1.292720023008330560e+17
2.720900056375714993e-23, 1.028249276430357920e+17
3.177021331497144511e-23, 8.204703476064558400e+16
3.709605032032140160e-23, 6.851038695677160800e+16
4.331469026427151886e-23, 5.580244690497817600e+16
5.057579921552993781e-23, 4.586148600977389600e+16
5.905413268993206007e-23, 3.775637266195100800e+16
6.895374154936251738e-23, 3.269612265450816400e+16
8.051288296148122256e-23, 2.755420968296608400e+16
9.400975461394818512e-23, 2.486344555943082800e+16
1.097691901903814394e-22, 2.084266125074082400e+16
1.281704772502877614e-22, 2.065489693624060800e+16
1.496564856684707842e-22, 1.792762073438215200e+16
1.747443263311006971e-22, 2.152257382093059600e+16
2.040377966148069427e-22, 1.823521727687665600e+16
2.382419121782715813e-22, 1.620718632658851400e+16
2.781798748077653061e-22, 1.441598005713033800e+16
3.248128846873889935e-22, 1.930612383197139200e+16
3.792632739224971983e-22, 1.705987587598732400e+16
4.428415180784706451e-22, 1.760762805825478400e+16
5.170777758305154950e-22, 1.611600705473869400e+16
6.037587157996679498e-22, 1.470474206436766800e+16
7.049705168986915043e-22, 1.301737609610982200e+16
8.231490770914376496e-22, 1.231681429679161000e+16
9.611386389565238025e-22, 1.078704366121503600e+16
1.122260243016206653e-21, 9.755506564450196000e+15
1.310391656319376225e-21, 8.973496273524039000e+15
1.530060699946438888e-21, 8.359991441016861000e+15
1.786554221579997443e-21, 7.976215734940274000e+15
2.086045335820364214e-21, 7.850334732529912000e+15
2.435741994580735524e-21, 7.898151909926095000e+15
2.844060463254972146e-21, 7.614686474343428000e+15
3.320827877766432378e-21, 7.188913300362304000e+15
3.877518757505402961e-21, 7.113863335834500000e+15
4.527531166390591196e-21, 6.603442743186846000e+15
5.286509168514232234e-21, 6.732015196638281000e+15
6.172719339017780476e-21, 6.455344494239809000e+15
7.207490391810404495e-21, 6.190188266554576000e+15
8.415726504796120160e-21, 5.646400918821556000e+15
9.826506696977815998e-21, 5.354674867646614000e+15
1.147378468284583961e-20, 5.059907107794224000e+15
1.339720604767883656e-20, 4.754399341196943000e+15
1.564306241098517039e-20, 4.436042791332118000e+15
1.826540554225283020e-20, 4.235856531213529500e+15
2.132734824280151716e-20, 4.060170149291547500e+15
2.490258330249094031e-20, 3.739888069399172500e+15
2.907715708851964547e-20, 3.475989536559142500e+15
3.395154045186442600e-20, 3.460241324255258500e+15
3.964304679255259240e-20, 3.282406307202642000e+15
4.628865548014387372e-20, 3.525393428711456500e+15
5.404830858161902066e-20, 3.401850430325114000e+15
6.310876024011991138e-20, 3.035927777121745500e+15
7.368807134881180046e-20, 2.829608966269026500e+15
8.604085769467593336e-20, 2.712667937129478000e+15
1.004644178810475172e-19, 2.558348588888750500e+15
1.173058885116423403e-19, 2.452995902182756000e+15
1.369705988422578918e-19, 2.204216377448394750e+15
1.599318259743174272e-19, 2.085696291748475750e+15
1.867421853717413878e-19, 1.998929993081707750e+15
2.180469308404809387e-19, 1.902068533605786500e+15
2.545994840657364937e-19, 1.744475712653265250e+15
2.972795674613780767e-19, 1.727683226426641000e+15
3.471143767408655819e-19, 1.594896348508078250e+15
4.053033027769513840e-19, 1.507929729097371250e+15
4.732467977393484649e-19, 1.443599094294178000e+15
5.525800802412904732e-19, 1.314502936383732500e+15
6.452124906878854795e-19, 1.231314301680558500e+15
7.533734440045013057e-19, 1.246524914969422500e+15
8.796660857047170922e-19, 1.104160568462940250e+15
1.027129942656215233e-18, 1.022929791835015375e+15
1.199314076381365808e-18, 9.940457355290885000e+14
1.400362499497209111e-18, 9.479961492413947500e+14
1.635113911040676270e-18, 8.529118794728012500e+14
1.909218151042094247e-18, 7.660644131641553750e+14
2.229272177097818710e-18, 7.031964266214303750e+14
2.602978835535310412e-18, 6.515976527884480000e+14
3.039332248368829520e-18, 6.037918848723725000e+14
3.548834277815029616e-18, 5.734866051333160000e+14
4.143747278091769203e-18, 5.226291008339531875e+14
4.838389217561514039e-18, 4.788558256985856875e+14
5.649478274021606592e-18, 4.373219103928888125e+14
6.596535196630497956e-18, 4.025171496976308750e+14
7.702353118248023089e-18, 3.684077909265950000e+14
8.993546125318797605e-18, 3.369594748840379375e+14
1.050118978791184392e-17, 3.113173773750653750e+14
1.226156906576543473e-17, 2.860001598159376250e+14
1.431705159044002820e-17, 2.692746215122958438e+14
1.671710734114975772e-17, 2.494711484962545312e+14
1.951949925514886663e-17, 2.318585983239702500e+14
2.279167342748857588e-17, 2.150639235322907500e+14
2.661238235854156293e-17, 1.998393668591845938e+14
3.107358031653111131e-17, 1.837091066020327500e+14
3.628263643138282592e-17, 1.693253460053084375e+14
4.236491878316220397e-17, 1.593257211705531250e+14
4.946681167721122281e-17, 1.460449344128205938e+14
5.775923872374348195e-17, 1.347683520729464219e+14
6.744177651302501599e-17, 1.261077911298098281e+14
7.874745789132278381e-17, 1.166706842319405156e+14
9.194838043965264702e-17, 1.058056349972643438e+14
1.073622551364499575e-16, 9.706746516496334375e+13
1.253600528129948575e-16, 8.978636659641650000e+13
1.463749324313652303e-16, 8.493706421792089062e+13
1.709126660647493911e-16, 7.820912510253318750e+13
1.995638114815701302e-16, 7.223517674051096875e+13
2.330179252950391720e-16, 6.739476182152726562e+13
2.720801587507204238e-16, 6.206298318949767969e+13
3.176906355684263719e-16, 5.704067336565000000e+13
3.709470782113892190e-16, 5.287092773272652344e+13
4.331312271366239694e-16, 4.899480337226223438e+13
5.057396888673425339e-16, 4.551462912871496875e+13
5.905199553182014303e-16, 4.197975006454628125e+13
6.895124612624175452e-16, 3.888952822712996875e+13
8.050996921517614587e-16, 3.628160468814291406e+13
9.400635241836067561e-16, 3.351549816574173438e+13
1.097652176637426354e-15, 3.105296384365376172e+13
1.281658387844818299e-15, 2.907349590727152344e+13
1.496510696280042197e-15, 2.683659019499863672e+13
1.747380023663327855e-15, 2.482711544837973047e+13
2.040304125247816402e-15, 2.302770475018643359e+13
2.382332902476464009e-15, 2.146909215846092188e+13
2.781698075296781474e-15, 2.002372525857198047e+13
3.248011297693212803e-15, 1.857426288130547656e+13
3.792495484549381372e-15, 1.735836816093470117e+13
4.428254917260453338e-15, 1.621778249620272852e+13
5.170590628816885501e-15, 1.513705376686953906e+13
6.037368658836964984e-15, 1.411210891246604883e+13
7.049450041464057396e-15, 1.313671097327217578e+13
8.231192874789720272e-15, 1.223923803418096484e+13
9.611038555274013536e-15, 1.138326237162806641e+13
1.122219628626107451e-14, 1.057197996918722852e+13
1.310344233488316355e-14, 9.754346949929740234e+12
1.530005327333422790e-14, 8.950719722883361328e+12
1.786489566513994436e-14, 8.185465132601150391e+12
2.085969842226470568e-14, 7.427552648494547852e+12
2.435653845529604593e-14, 6.672070330772351562e+12
2.843957537234173260e-14, 5.951747192742912109e+12
3.320707697621301066e-14, 5.288567390652804688e+12
3.877378430820567309e-14, 4.667803606739721680e+12
4.527367315877207227e-14, 4.099576878172326172e+12
5.286317850727665526e-14, 3.575561627087012207e+12
6.172495949449466709e-14, 3.101955417449200195e+12
7.207229554069590400e-14, 2.670669089648364258e+12
8.415421941214433446e-14, 2.285534457358701172e+12
9.826151077522554733e-14, 1.942097468972039551e+12
1.147336944870571982e-13, 1.636846314846836426e+12
1.339672120527618000e-13, 1.367307187789850098e+12
1.564249629145710343e-13, 1.131060151262804932e+12
1.826474452061308525e-13, 9.267787548274304199e+11
2.132657641002332364e-13, 7.523986306673861084e+11
2.490168208261894248e-13, 6.054615441196246338e+11
2.907610479159630927e-13, 4.831139524333425903e+11
3.395031175191101639e-13, 3.823875938105296021e+11
3.964161211804007018e-13, 3.009353171322709351e+11
4.628698030228503768e-13, 2.355454577190615234e+11
5.404635258335326130e-13, 1.835326540844256592e+11
6.310647634578878334e-13, 1.425348605048052979e+11
7.368540459117346958e-13, 1.103908741058743286e+11
8.603774389199028282e-13, 8.533777895863288879e+10
1.004607820923932483e-12, 6.586727597195635986e+10
1.173016432332888215e-12, 5.078222640675754547e+10
1.369656419016833193e-12, 3.910987684616342926e+10
1.599260380711907916e-12, 3.010464872134700394e+10
1.867354272066798725e-12, 2.316120856360263443e+10
2.180390397624856683e-12, 1.781273761025912476e+10
2.545902701576178349e-12, 1.369659775508798790e+10
2.972688089689554387e-12, 1.052892420137981987e+10
3.471018147359357998e-12, 8.092978134732686043e+09
4.052886349255764866e-12, 6.220199710952384949e+09
4.732296710254901824e-12, 4.780163717780735970e+09
5.525600824706499793e-12, 3.673407449789276600e+09
6.451891405674874902e-12, 2.822760171623775005e+09
7.533461795592588149e-12, 2.168958084890537739e+09
8.796342507521895701e-12, 1.666588333443808317e+09
1.027092771014048268e-11, 1.280576461907219648e+09
1.199270673427324702e-11, 9.839718909004701376e+08
1.400311820638017854e-11, 7.560662797565861940e+08
1.635054736571430363e-11, 5.809477118482227325e+08
1.909149056791221305e-11, 4.463897577697555423e+08
2.229191500151088592e-11, 3.429978488197121620e+08
2.602884634213915806e-11, 2.635533683806023002e+08
3.039222255498335907e-11, 2.025096601986375451e+08
3.548705846160559437e-11, 1.556047743344981372e+08
4.143597316646138997e-11, 1.195639045515400767e+08
4.838214117152900590e-11, 9.187074971426391602e+07
5.649273820450414145e-11, 7.059182839375409484e+07
6.596296469244882950e-11, 5.424148840123086423e+07
7.702074371516900180e-11, 4.167818167481286824e+07
8.993220650552190613e-11, 3.202476320550123230e+07
1.050080975180062726e-10, 2.460725046917568892e+07
1.226112532185457416e-10, 1.890776729328825697e+07
1.431653345899774112e-10, 1.452838714119699411e+07
1.671650235213482158e-10, 1.116335031986045092e+07
1.951879284809018891e-10, 8.577716769623724744e+06
2.279084860105338701e-10, 6.590962535568501800e+06
2.661141926135866703e-10, 5.064376420827116817e+06
3.107245576942134500e-10, 3.891375216427776963e+06
3.628132336949815997e-10, 2.990062243410379160e+06
4.236338560460705138e-10, 2.297509621904883999e+06
4.946502148246891704e-10, 1.765364713389552897e+06
5.775714842760397404e-10, 1.356474136311030481e+06
6.743933580763869986e-10, 1.042290039639926166e+06
7.874460803542362888e-10, 8.008766390232096892e+05
9.194505284481391166e-10, 6.153790097099639243e+05
1.073583697163442448e-09, 4.728459558076241519e+05
1.253555160559284636e-09, 3.633261517402510508e+05
1.463696351497021232e-09, 2.791731088441059692e+05
1.709064807670563662e-09, 2.145114483368480869e+05
1.995565893042375731e-09, 1.648266115224548557e+05
2.330094924195305965e-09, 1.266496946990417928e+05
2.720703122202257710e-09, 9.731524005242303247e+04
3.176791384032336837e-09, 7.477519324111826427e+04
3.709336537054124696e-09, 5.745583693205508462e+04
4.331155521978282322e-09, 4.414796333832245728e+04
5.057213862417803832e-09, 3.392243946323166892e+04
5.904985845105158122e-09, 2.606534041467712450e+04
6.894875079342960596e-09, 2.002808717204022469e+04
8.050705557431865460e-09, 1.538917221460694054e+04
9.400295034589802586e-09, 1.182472265421315205e+04
1.097612452808688640e-08, 9.085866829808475813e+03
1.281612004865416702e-08, 6.981381463609914135e+03
1.496456537835437654e-08, 5.364337126981263282e+03
1.747316786304279705e-08, 4.121832369615527568e+03
2.040230287019851416e-08, 3.167116508350313325e+03
2.382246686290472952e-08, 2.433531635464526062e+03
2.781597406159238859e-08, 1.869862208328441056e+03
3.247893752766619457e-08, 1.436750432446151308e+03
3.792358234841027568e-08, 1.103956507697807410e+03
4.428094659536107595e-08, 8.482453100967463797e+02
5.170403506100775866e-08, 6.517632222297485214e+02
6.037150167584694934e-08, 5.007905793648101280e+02
7.049194923174215987e-08, 3.847871228750293540e+02
8.230894989445869222e-08, 2.956530914290982537e+02
9.610690733570848061e-08, 2.271649956882886272e+02
1.122179015705835130e-07, 1.745409017873241453e+02
1.310296812373474564e-07, 1.341062375742684196e+02
1.529949956724325201e-07, 1.030379115662720579e+02
1.786424913787846109e-07, 7.916609556052262064e+01
2.085894351364676277e-07, 6.082372055321119575e+01
2.435565699668571264e-07, 4.673036007419249671e+01
2.843854614938248337e-07, 3.590173326164596546e+01
3.320587521825467136e-07, 2.758170885240721049e+01
3.877238109214126943e-07, 2.118904685727461512e+01
4.527203471293543005e-07, 1.627754145216296067e+01
5.286126539864874544e-07, 1.250381019803572258e+01
6.172272567965604518e-07, 9.604418119238953722e+00
7.206968725768446012e-07, 7.376893811254943145e+00
8.415117388654812462e-07, 5.665513930343174742e+00
9.825795470937055071e-07, 4.350674850176246444e+00
1.147295422959284638e-06, 3.340630657100208012e+00
1.339623638041987889e-06, 2.564731881018965876e+00
1.564193019241686001e-06, 1.968675815802700901e+00
1.826408352289566483e-06, 1.510819114898591886e+00
2.132580460517753101e-06, 1.159180829623041253e+00
2.490078089536171985e-06, 8.890544443829356824e-01
2.907505253275528389e-06, 6.816457482662675593e-01
3.394908309642402768e-06, 5.223586190888905856e-01
3.964017749544815386e-06, 4.000746316891823917e-01
4.628530518505076199e-06, 3.061835513548732401e-01
5.404439665587494086e-06, 2.341115875832628368e-01
6.310419253411135426e-06, 1.787991810203216070e-01
7.368273793004429503e-06, 1.363688005286606275e-01
8.603463020199222133e-06, 1.038372813753327406e-01
1.004571464353174789e-05, 7.891589113352429075e-02
1.172973981085711423e-05, 5.982309208920559562e-02
1.369606851405000625e-05, 4.519472859589755004e-02
1.599202503775273322e-05, 3.400975638063302720e-02
1.867286692861943421e-05, 2.547176042253451733e-02
2.180311489700670832e-05, 1.894905852675713917e-02
2.545810565829488036e-05, 1.398696662297513674e-02
2.972580508658805780e-05, 1.020237180295054634e-02
3.470892531856226512e-05, 7.333022754095038821e-03
4.052739676050301244e-05, 5.155456063488462852e-03
4.732125449314459231e-05, 3.362679516152498275e-03
