# M_f [M_sun], P(M_f) [M_sun^-1]
3.554939309087782630e-22, 2.984371587711164744e+20
4.164867986368243590e-22, 2.653472715389417554e+20
4.879443454781822347e-22, 2.385920689159933460e+20
5.716620192126315073e-22, 2.116692784704437289e+20
6.697433165046825470e-22, 1.879013728220527329e+20
7.846526355214260603e-22, 1.654406562762783130e+20
9.192771965891135454e-22, 1.460010170099335987e+20
1.076999586711594898e-21, 1.291021522449170432e+20
1.261782750709730719e-21, 1.135330106854926582e+20
1.478269564475659425e-21, 9.894583760363098931e+19
1.731899492227074708e-21, 8.651005712033284096e+19
2.029045258900605437e-21, 7.534300032258927821e+19
2.377172971725329711e-21, 6.508151331094292070e+19
2.785029714203261248e-21, 5.647370699964497101e+19
3.262863325997498860e-21, 4.866453527402908058e+19
3.822679890934355379e-21, 4.183223526373353062e+19
4.478545402782572019e-21, 3.574456938953007104e+19
5.246939188487060978e-21, 3.068861585226062234e+19
6.147167968996433368e-21, 2.631422534969937920e+19
7.201850961408169007e-21, 2.235739121700657562e+19
8.437488211144998925e-21, 1.902871936548085760e+19
9.885126434120334154e-21, 1.608965388255575654e+19
1.158113909889358002e-20, 1.363150939934856192e+19
1.356814034921921673e-20, 1.146404768780286362e+19
1.589605573027771623e-20, 9.650499790670168064e+18
1.862337662173687523e-20, 8.065123835566436352e+18
2.181862989662507000e-20, 6.747375697175025664e+18
2.556209973277687262e-20, 5.612416679839603712e+18
2.994784483921711958e-20, 4.668588146694202368e+18
3.508606178246820418e-20, 3.860217584303998976e+18
4.110585379389697468e-20, 3.184647021437280256e+18
4.815847462736724022e-20, 2.606032172860946432e+18
5.642112897261175748e-20, 2.144987187742037248e+18
6.610142491380065642e-20, 1.752176254287802368e+18
7.744259030612173168e-20, 1.437364044177823232e+18
9.072958413744709407e-20, 1.168624868346949120e+18
1.062962564296273862e-19, 9.529088254160625920e+17
1.245337365796392977e-19, 7.752876435346055680e+17
1.459002609066893339e-19, 6.253938523975601920e+17
1.709326863329692882e-19, 5.062614222743104000e+17
2.002599794916861493e-19, 4.075421551003085440e+17
2.346190201907295332e-19, 3.295376458446304640e+17
2.748731163110049905e-19, 2.647947488832209920e+17
3.220336953461912371e-19, 2.115388576620592320e+17
3.772857176071966462e-19, 1.667028705311763200e+17
4.420174496254335417e-19, 1.273607753167365280e+17
5.178553458437248030e-19, 9.730346596669238400e+16
6.067049150348568050e-19, 7.433972088804598400e+16
7.107985982605515872e-19, 5.679544964620581600e+16
8.327518613560927099e-19, 4.339164933606018400e+16
9.756289113246611492e-19, 3.315116340890511600e+16
1.143019687836545591e-18, 2.532744553802008800e+16
1.339130064327491740e-18, 1.935013530502698400e+16
1.568887525095887845e-18, 1.478347809536427800e+16
1.838064973649593682e-18, 1.129455795274668800e+16
2.153425783120427356e-18, 8.629027521470419000e+15
2.522893733294045941e-18, 6.592565754039597000e+15
2.955752104106024924e-18, 5.036711624015032000e+15
3.462876928042592619e-18, 3.848041101136323500e+15
4.057010262163551902e-18, 2.939898374453839500e+15
4.753080346001232680e-18, 2.246078517603166000e+15
5.568576689647165650e-18, 1.716001053327434000e+15
6.523989516518419787e-18, 1.311022563077254750e+15
7.643324602276253526e-18, 1.001619525561963625e+15
8.954706445778864130e-18, 7.652360090829815000e+14
1.049108492738794133e-17, 5.846393112880852500e+14
1.229106321017912490e-17, 4.466636700918001250e+14
1.439986768596596156e-17, 3.412504604596603750e+14
1.687048433707514473e-17, 2.607149060052182188e+14
1.976499006618515979e-17, 1.991858476080937188e+14
2.315611244532450716e-17, 1.521777273699903438e+14
2.712905707440121844e-17, 1.162635849162321094e+14
3.178364846361432647e-17, 8.882522699730845312e+13
3.723683823172148955e-17, 6.786235739082021094e+13
4.362564364134417995e-17, 5.184675239590391406e+13
5.111059030517391504e-17, 3.961085110146479688e+13
5.987974556477713349e-17, 3.026263849664737500e+13
7.015344388498441742e-17, 2.312061627842418359e+13
8.218982299448246298e-17, 1.766412063354458203e+13
9.629130987410051721e-17, 1.349536508884449805e+13
1.128122195602306520e-16, 1.031044129845841406e+13
1.321676576914936317e-16, 7.877163683175972656e+12
1.548439504847211017e-16, 6.018142763759802734e+12
1.814108642046238339e-16, 4.597853209827689453e+12
2.125359211544772699e-16, 3.512753845991437012e+12
2.490011718924986992e-16, 2.683739349514970215e+12
2.917228450939035525e-16, 2.050373357178259766e+12
3.417743687825801351e-16, 1.566482566418476318e+12
4.004133413656054675e-16, 1.196790634399413086e+12
4.691131301468769991e-16, 9.143464812767741699e+11
5.495998912665211303e-16, 6.985595172552996826e+11
6.438959412319121213e-16, 5.336985586332864990e+11
7.543705697967002551e-16, 4.077450016015438232e+11
8.837995709161229663e-16, 3.115166485725740967e+11
1.035434987557938712e-15, 2.379983125645013733e+11
1.213086822782425552e-15, 1.818303998929690247e+11
1.421218770170270965e-15, 1.389181879865954895e+11
1.665060368928408994e-15, 1.061333141471316223e+11
1.950738401691563623e-15, 8.108571336230760193e+10
2.285430836530691886e-15, 6.194937908322904205e+10
2.677547181126970641e-15, 4.732924469208491516e+10
3.136939780704104200e-15, 3.615948111688875580e+10
3.675151368806934184e-15, 2.762579633667901230e+10
4.305705090906085245e-15, 2.110607231233521271e+10
5.044444287983953543e-15, 1.612501167511334801e+10
5.909930577530328216e-15, 1.231948785482591248e+10
6.923910234161186932e-15, 9.412072627587688446e+09
8.111860588175597371e-15, 7.190811191871216774e+09
9.503630170902745736e-15, 5.493770356713930130e+09
1.113418869117993458e-14, 4.197233375769102573e+09
1.304450568692773882e-14, 3.206680815435126305e+09
1.528257992888903767e-14, 2.449899953441866875e+09
1.790464544140884680e-14, 1.871720363750087500e+09
2.097658444282498875e-14, 1.429991912690229893e+09
2.457558270711805719e-14, 1.092511953220796824e+09
2.879206893956380988e-14, 8.346777050430361032e+08
3.373198689528892016e-14, 6.376926760297495127e+08
3.951945733015404868e-14, 4.871963712708832622e+08
4.629989666834555381e-14, 3.722173911766446233e+08
5.424367074655676216e-14, 2.843736005652046800e+08
6.355037543901280041e-14, 2.172610593458445668e+08
7.445385171865133341e-14, 1.659871654780340791e+08
8.722806116326921614e-14, 1.268139775354039669e+08
1.021939695350504780e-13, 9.688571310336062312e+07
1.197276113908228647e-13, 7.402055819655978680e+07
1.402695383550534565e-13, 5.655160971402385831e+07
1.643358884536128603e-13, 4.320535590847767144e+07
1.925313546372367750e-13, 3.300883543109590188e+07
2.255643783427914986e-13, 2.521870710339448601e+07
2.642649498469248929e-13, 1.926705925069708377e+07
3.096054626651536335e-13, 1.472000808246234991e+07
3.627251459856035670e-13, 1.124606690949436277e+07
4.249586890286010331e-13, 8.591980414972636849e+06
4.978697765499685977e-13, 6.564261792846781202e+06
5.832903781036313840e-13, 5.015087396517429501e+06
6.833667782485480914e-13, 3.831520195499876048e+06
8.006135042584769108e-13, 2.927276415999030694e+06
9.379765063263084318e-13, 2.236435347743480001e+06
1.098907177733620883e-12, 1.708633668277258519e+06
1.287449074821890004e-12, 1.305393873340194114e+06
1.508339515697955710e-12, 9.973192068721983815e+05
1.767128610450621027e-12, 7.619505583554154728e+05
2.070318713640647402e-12, 5.821292221975759603e+05
2.425527802958077446e-12, 4.447459564829324372e+05
2.841680889111551975e-12, 3.397853231225100462e+05
3.329234266329045287e-12, 2.595955331368989428e+05
3.900438238005257590e-12, 1.983306401778777654e+05
4.569644918760408134e-12, 1.515243429415134597e+05
5.353668846768369621e-12, 1.157643942800103832e+05
6.272209467127062636e-12, 8.844384142350828915e+04
7.348346101620664173e-12, 6.757097582356263592e+04
8.609117841521512969e-12, 5.162413176115399983e+04
1.008620293386256217e-11, 3.944076595044251007e+04
1.181671473149198844e-11, 3.013269041664785982e+04
1.384413420601148128e-11, 2.302133093229449878e+04
1.621940245398964309e-11, 1.758826279740397513e+04
1.900220064684535723e-11, 1.343740682378766724e+04
2.226244958451911904e-11, 1.026615918214962221e+04
2.608206653083284003e-11, 7.843329875649579662e+03
3.055702347291745383e-11, 5.992291893139917192e+03
3.579975852069152363e-11, 4.578101322826613796e+03
4.194200103539933424e-11, 3.497661412868603747e+03
4.913808147160267494e-11, 2.672207174272083194e+03
5.756880909596944173e-11, 2.041561338649191612e+03
6.744601501471849372e-11, 1.559748766418192645e+03
7.901787465817365748e-11, 1.191644740103892445e+03
9.257514345558095331e-11, 9.104136346087001357e+02
1.084584623782321578e-10, 6.955537964509095445e+02
1.270669169105270310e-10, 5.314009526523186651e+02
1.488680645023350689e-10, 4.059885226661511979e+02
1.744096824531938844e-10, 3.101738312202180623e+02
2.043335314065755398e-10, 2.369716868740474922e+02
2.393914802768297581e-10, 1.810453311920581427e+02
2.804643977649551806e-10, 1.383177000362606748e+02
3.285842851328589352e-10, 1.056739117875220302e+02
3.849602063458864622e-10, 8.073409981929390256e+01
4.510086671063629299e-10, 6.168019380426328979e+01
5.283892060840569477e-10, 4.712305922515287193e+01
6.190460926115560205e-10, 3.600146193453974774e+01
7.252571785440163173e-10, 2.750461344069474734e+01
8.496911317388502362e-10, 2.101314093061532873e+01
9.954744892081493267e-10, 1.605362561178688807e+01
1.166270214726448448e-09, 1.226460560296129998e+01
1.366369734738289428e-09, 9.369829924820230360e+00
1.600800765066854691e-09, 7.158211034606342338e+00
1.875453637685745777e-09, 5.468569641520668156e+00
2.197229301650036782e-09, 4.177715086170380232e+00
2.574212716869338996e-09, 3.191541049851417622e+00
3.015875997428001928e-09, 2.438127353868609237e+00
3.533316408647045077e-09, 1.862528861997666096e+00
4.139535197820245990e-09, 1.422797872434161226e+00
4.849764264546636664e-09, 1.086842089094710140e+00
5.681848878603233730e-09, 8.301832030936918683e-01
6.656696061556467092e-09, 6.341125826052452785e-01
7.798799898182857864e-09, 4.843365333449533572e-01
9.136856976714022134e-09, 3.699118209284667502e-01
1.070448742150435761e-08, 2.825076379054690667e-01
1.254107963484337046e-08, 2.157360943679284548e-01
1.469277997296015627e-08, 1.647350213750258530e-01
1.721365222289457542e-08, 1.257752414523181372e-01
2.016703601333963015e-08, 9.602212069824700436e-02
2.362713829099000118e-08, 7.329692647462021649e-02
2.768089784995247636e-08, 5.594504568859169635e-02
3.243016976252675725e-08, 4.269270560429036521e-02
3.799428459753194850e-08, 3.257300160277833145e-02
4.451304672929294335e-08, 2.484906572061320457e-02
5.215024707302747141e-08, 1.895092506144679251e-02
6.109777850789253333e-08, 1.444986308554180483e-02
7.158045739212245458e-08, 1.101312010839720565e-02
8.386167231601665177e-08, 8.389973655194031196e-03
9.825000202377754192e-08, 6.389262002997437954e-03
1.151069687866058048e-07, 4.863971648245270750e-03
1.348561220388992395e-07, 3.701082569046641908e-03
1.579936805136920602e-07, 2.813643158293018670e-03
1.851010002724404292e-07, 2.137972940031222270e-03
2.168591819018276323e-07, 1.623700283437094164e-03
2.540661838991262367e-07, 1.231883748555684475e-03
2.976568722383458751e-07, 9.337112453871371969e-04
3.487265098841028302e-07, 7.071798456944640562e-04
4.085582764525233750e-07, 5.352198716582367731e-04
4.786555094802828620e-07, 4.043920462595056121e-04
5.607794773983806434e-07, 3.051592747088429638e-04
6.569936332972589126e-07, 2.301591406019750665e-04
7.697154614067526183e-07, 1.732261956955295356e-04
9.017772189895008571e-07, 1.301053492787329592e-04
1.056497099853249245e-06, 9.755923617062585386e-05
1.237762607541896761e-06, 7.300724417392322825e-05
1.450128233046472805e-06, 5.446089549189496193e-05
1.698929891293638432e-06, 4.058546139900093416e-05
1.990418991751685834e-06, 3.012809630880792052e-05
2.331919511822318867e-06, 2.229188416178118758e-05
2.732012019656224729e-06, 1.647461838741342798e-05
3.200749270163831329e-06, 1.212663110438431688e-05
3.749908791302991839e-06, 8.896182542727426853e-06
4.393288807145992575e-06, 6.489801437120792109e-06
5.147054933111502699e-06, 4.706884133381184019e-06
6.030146354452266775e-06, 3.410449560584444040e-06
7.064751693670376281e-06, 2.463025811969391619e-06
8.276866523540982274e-06, 1.756884591603456524e-06
9.696946533859272140e-06, 1.248198089340980865e-06
1.136067276342852149e-05, 8.766549029125800617e-07
1.330984812456625985e-05, 6.091343395317832381e-07
1.559344774627215830e-05, 4.179173687738435906e-07
1.826884952705988956e-05, 2.814477384883256867e-07
2.140327581641746703e-05, 1.854616590061690506e-07
2.507548244869502754e-05, 1.183617235308428131e-07
2.937773756821394599e-05, 7.441712243541181037e-08
3.441813996570822800e-05, 4.282553600050337592e-08
4.032333517679733450e-05, 2.138008364952178164e-08
4.724169758738698836e-05, 8.607339125403750068e-09
