# M_f [M_sun], P(M_f) [M_sun^-1]
3.827084355488770895e-27, 0.000000000000000000e+00
4.506834362638024048e-27, 0.000000000000000000e+00
5.307318597021315105e-27, 0.000000000000000000e+00
6.249981344732780407e-27, 0.000000000000000000e+00
7.360075732297495644e-27, 0.000000000000000000e+00
8.667340236272433316e-27, 0.000000000000000000e+00
1.020679535152785679e-26, 0.000000000000000000e+00
1.201968176026915128e-26, 0.000000000000000000e+00
1.415456513454252634e-26, 0.000000000000000000e+00
1.666863716893613249e-26, 0.000000000000000000e+00
1.962924769702719398e-26, 0.000000000000000000e+00
2.311570893565976189e-26, 0.000000000000000000e+00
2.722142019121112836e-26, 0.000000000000000000e+00
3.205636994690456497e-26, 0.000000000000000000e+00
3.775008235994192380e-26, 0.000000000000000000e+00
4.445508710258711589e-26, 0.000000000000000000e+00
5.235100550126692466e-26, 0.000000000000000000e+00
6.164936243785242058e-26, 0.000000000000000000e+00
7.259925291982616680e-26, 0.000000000000000000e+00
8.549401512189414367e-26, 0.000000000000000000e+00
1.006790886641008959e-25, 0.000000000000000000e+00
1.185612686429800468e-25, 0.000000000000000000e+00
1.396196033232976953e-25, 0.000000000000000000e+00
1.644182274302039242e-25, 0.000000000000000000e+00
1.936214748346826725e-25, 0.000000000000000000e+00
2.280116754881804445e-25, 0.000000000000000000e+00
2.685101133710343442e-25, 0.000000000000000000e+00
3.162017069001498880e-25, 0.000000000000000000e+00
3.723640729628996362e-25, 0.000000000000000000e+00
4.385017531777717265e-25, 0.000000000000000000e+00
5.163865192739406782e-25, 0.000000000000000000e+00
6.081048373363106567e-25, 0.000000000000000000e+00
7.161137624424471483e-25, 0.000000000000000000e+00
8.433067610607815914e-25, 0.000000000000000000e+00
9.930912245356802624e-25, 0.000000000000000000e+00
1.169479750179185720e-24, 0.000000000000000000e+00
1.377197635311530258e-24, 0.000000000000000000e+00
1.621809463923650974e-24, 0.000000000000000000e+00
1.909868177109771420e-24, 0.000000000000000000e+00
2.249090620739106459e-24, 0.000000000000000000e+00
2.648564273138251345e-24, 0.000000000000000000e+00
3.118990690841567164e-24, 0.000000000000000000e+00
3.672972194112414368e-24, 0.000000000000000000e+00
4.325349472294460751e-24, 0.000000000000000000e+00
5.093599153150967636e-24, 0.000000000000000000e+00
5.998301986733429451e-24, 4.344662198910700000e+14
7.063694186024186543e-24, 3.283449402584343750e+14
8.318316694295725583e-24, 2.481185717187652812e+14
9.795779772502459407e-24, 1.875041189792865938e+14
1.153566338934545725e-23, 1.416938367338836875e+14
1.358457753468770415e-23, 1.070728997244856719e+14
1.599741086120690433e-23, 8.090893259350414062e+13
1.883880110432472266e-23, 6.113663436926689844e+13
2.218486667170170368e-23, 4.619105155308039844e+13
2.612524579009417809e-23, 3.490103205620101562e+13
3.076549783657003753e-23, 2.636977075698544141e+13
3.622993118368605338e-23, 1.992333045122446484e+13
4.266493331417388190e-23, 1.505236892943832422e+13
5.024289241605216727e-23, 1.137194975778199023e+13
5.916681551433197638e-23, 8.591163814184930664e+12
6.967576685510515797e-23, 6.490167165237259766e+12
8.205127223166155905e-23, 3.554094650990011250e+14
9.662486081903779035e-23, 2.687036412704913750e+14
1.137869465562747623e-22, 2.031587871688408750e+14
1.339972870010025039e-22, 1.535896765409288438e+14
1.577972998400921814e-22, 1.161198032916973281e+14
1.858245670051332392e-22, 8.778931862262609375e+13
2.188299149455535947e-22, 6.636515325660804688e+13
2.576975286252414089e-22, 5.017148970451873438e+13
3.034686380793943191e-22, 3.792841203442441406e+13
3.573694120741425747e-22, 8.253574359788365000e+14
4.208438061161569796e-22, 8.022753875970410000e+14
4.955922447822396756e-22, 6.067331658846575000e+14
5.836171746353517712e-22, 4.436655212983255000e+15
6.872767080506119101e-22, 3.460003394712491500e+15
8.093477950233581403e-22, 2.617404728416000500e+15
9.531006152778513355e-22, 1.979959009532114750e+15
1.122386183577365160e-21, 1.595408048778904750e+15
1.321739515106818582e-21, 1.448147732157696750e+15
1.556501114640085743e-21, 1.095381040116990625e+15
1.832960044082547755e-21, 1.923048754354218000e+15
2.158522401045615207e-21, 1.454661953364415750e+15
2.541909721849834506e-21, 1.310559845450051500e+15
2.993392624002773968e-21, 5.854063830795389000e+15
3.525065947233321538e-21, 4.429036455167266500e+15
4.151172763874790048e-21, 3.819796951223737500e+15
4.888485938556923632e-21, 3.815006407640275500e+15
5.756757458863851791e-21, 3.841992711349507500e+15
6.779247574141008799e-21, 5.219265419617448000e+15
7.983347917625697840e-21, 2.564416897736105600e+16
9.401315304808618924e-21, 2.183744977863954000e+16
1.107113586585551242e-20, 1.806041821207950800e+16
1.303754266145501082e-20, 1.488927402841291600e+16
1.535321404314857407e-20, 1.609154655315796000e+16
1.808018486118830195e-20, 1.277023619704556600e+16
2.129150832496999069e-20, 6.392741115115207200e+16
2.507321303585775374e-20, 4.909592530151824800e+16
2.952660761963141245e-20, 3.895618932473944800e+16
3.477099469768273000e-20, 3.052419815124590800e+16
4.094686690192054992e-20, 2.630465825743020000e+16
4.821967055188485343e-20, 2.329926689114090000e+16
5.678423781975012526e-20, 2.613015955217238000e+16
6.687000611711742257e-20, 2.163005213011799600e+16
7.874716452649248079e-20, 2.200976428914582400e+16
9.273389193507358252e-20, 1.933468424465545200e+16
1.092048807742505692e-19, 1.741534113845400000e+16
1.286013747084820582e-19, 1.653024155284924400e+16
1.514429891746283616e-19, 2.033530366944738400e+16
1.783416314338504484e-19, 2.073426331630214400e+16
2.100178930423268238e-19, 1.897329304318398000e+16
2.473203538810193721e-19, 1.885656090611064000e+16
2.912483148828885497e-19, 1.716425840519964400e+16
3.429785684478291699e-19, 1.667746712165072000e+16
4.038969237017686838e-19, 1.917159090659862800e+16
4.756353311345922826e-19, 2.030172090075076400e+16
5.601156011541111892e-19, 2.085377641414723600e+16
6.596008877386239232e-19, 2.134418383988003600e+16
7.767563163909723748e-19, 2.266906041715187200e+16
9.147203805649831488e-19, 2.307785151686725200e+16
1.077189019213321826e-18, 2.464796287828270400e+16
1.268514627822181104e-18, 2.515887778784168000e+16
1.493822655353478130e-18, 2.634615862138262000e+16
1.759148910626622835e-18, 2.747291710465611200e+16
2.071601256460095181e-18, 2.894621846531156000e+16
2.439550023220233847e-18, 3.105129551091614000e+16
2.872852242792837491e-18, 3.059472514357540400e+16
3.383115710013375789e-18, 3.052983289232183200e+16
3.984009945535055810e-18, 3.108262228962352400e+16
4.691632390563260313e-18, 3.102035277293010000e+16
5.524939643499330452e-18, 2.975041433294987600e+16
6.506255290953416229e-18, 2.827993661868636000e+16
7.661867937483581633e-18, 2.681405202267597200e+16
9.022735454765141973e-18, 2.575597239066235600e+16
1.062531431642155471e-17, 2.297509649071518800e+16
1.251253623568547011e-17, 2.079433801967450000e+16
1.473495826917530554e-17, 1.840616506338175200e+16
1.735211719708112735e-17, 1.602025474850058000e+16
2.043412446244337628e-17, 1.347064904775033400e+16
2.406354439658023259e-17, 1.119583301817124000e+16
2.833760604671147047e-17, 9.081465925077864000e+15
3.337080785874333111e-17, 7.271382480337658000e+15
3.929798499243368798e-17, 5.784826123974859000e+15
4.627792143967891310e-17, 4.490586437456714500e+15
5.449760371147350448e-17, 3.507527615280836500e+15
6.417723004616927553e-17, 2.723752064675444500e+15
7.557610933142418427e-17, 2.107871701828007500e+15
8.899960776690282966e-17, 1.623365312149590500e+15
1.048073293628658734e-16, 1.239470007454068750e+15
1.234227494231858081e-16, 9.472600556001403750e+14
1.453445590855378235e-16, 7.305215458900027500e+14
1.711600248292711483e-16, 5.554128495184219375e+14
2.015607208407141712e-16, 4.214878308811110625e+14
2.373610556924883153e-16, 3.197216948354199375e+14
2.795200896506820746e-16, 2.419351302058047500e+14
3.291672270768299035e-16, 1.834996987060117812e+14
3.876324722021098502e-16, 1.388525362577855781e+14
4.564820588000032287e-16, 1.050673737959208125e+14
5.375604082457851830e-16, 7.950190173138428125e+13
6.330395399832813866e-16, 6.015651953840678906e+13
7.454772580629080060e-16, 4.551802313414652344e+13
8.778856725184473572e-16, 3.444128569472551172e+13
1.033811891211484246e-15, 2.605979917260141797e+13
1.217433043808796355e-15, 1.971777696257514453e+13
1.433668183503562037e-15, 1.491900166593930273e+13
1.688310064231519714e-15, 1.128800273301337695e+13
1.988180323580680114e-15, 8.540623804689198242e+12
2.341312228611645600e-15, 6.461857759703291992e+12
2.757165880192346520e-15, 4.888999891944312500e+12
3.246881640986719169e-15, 3.698942786970388672e+12
3.823578576215791599e-15, 2.798530056255741699e+12
4.502705902163243663e-15, 2.117277277984056885e+12
5.302456857429437137e-15, 1.601843405533483887e+12
6.244256084189869173e-15, 1.211872043453897949e+12
7.353333575983946270e-15, 9.168294529261923828e+11
8.659400567603077844e-15, 6.936095701045585938e+11
1.019744547358859225e-14, 5.247298251715553589e+11
1.200867119784903834e-14, 3.969640351520565796e+11
1.414159892411767039e-14, 3.003039581163535767e+11
1.665336795684994887e-14, 2.271775220297183533e+11
1.961126643418366260e-14, 1.718556458676528625e+11
2.309453391944914817e-14, 1.300039631863888855e+11
2.719648416111015977e-14, 9.834298308082975769e+10
3.202700488805352503e-14, 7.439175045985374451e+10
3.771550160759941078e-14, 5.627296105960054016e+10
4.441436426805645674e-14, 4.256656843036096191e+10
5.230304965473776629e-14, 3.219820570144599915e+10
6.159288888332596682e-14, 2.435502936865940094e+10
7.253274877921187917e-14, 1.842208753983506775e+10
8.541569880630306978e-14, 1.393424224618753242e+10
1.005868621466072754e-13, 1.053952608013148689e+10
1.184526612542794142e-13, 7.971722951693161011e+09
1.394917055645952059e-13, 6.029445184624566078e+09
1.642676130302366575e-13, 4.560319971192726135e+09
1.934441089628516618e-13, 3.449107057396132469e+09
2.278028066649006010e-13, 2.608624672986587048e+09
2.682641461796680398e-13, 1.972917924360836267e+09
3.159120520905972020e-13, 1.492107126786413908e+09
3.720229709312385826e-13, 1.128454358302846193e+09
4.381000660931243579e-13, 8.534154109327540398e+08
5.159134862838212089e-13, 6.454014636729886532e+08
6.075477862926148927e-13, 4.880818682539922595e+08
7.154577704254755224e-13, 3.691025665314226151e+08
8.425342546070203630e-13, 2.791221939742607474e+08
9.921815088597869224e-13, 2.110736942151311934e+08
1.168408454778427903e-12, 1.596122358164300621e+08
1.375936061100931269e-12, 1.206953587128984183e+08
1.620323814412113295e-12, 9.126564645475344360e+07
1.908118653021066131e-12, 6.901054835612936318e+07
2.247030353823397791e-12, 5.218147008985710144e+07
2.646138070611875080e-12, 3.945562364429593831e+07
3.116133556819701466e-12, 2.983276011462278292e+07
3.669607588425075068e-12, 2.255639760455488786e+07
4.321387260040995666e-12, 1.705440070119834691e+07
5.088933190063331369e-12, 1.289425556485071033e+07
5.992807275662323910e-12, 9.748669681162236258e+06
7.057223528372621454e-12, 7.370344088804461993e+06
8.310696746694852704e-12, 5.572111778924527578e+06
9.786806403091373393e-12, 4.212538612152614631e+06
1.152509620925374632e-11, 3.184626744497312233e+06
1.357213345822380241e-11, 2.407484523765025660e+06
1.598275652223515532e-11, 1.819947384243455483e+06
1.882154392567262510e-11, 1.375766617019676138e+06
2.216454434835392560e-11, 1.039964621486310381e+06
2.610131390443792235e-11, 7.861091328829667764e+05
3.073731527391404497e-11, 5.942035894313594326e+05
3.619674295734788133e-11, 4.491359836345452932e+05
4.262585034003430526e-11, 3.394760881672188989e+05
5.019686769475390084e-11, 2.565830348044562270e+05
5.911261608306487078e-11, 1.939250140203381889e+05
6.961194075759052916e-11, 1.465628561673646036e+05
8.197610962148857623e-11, 1.107652825978353940e+05
9.653634815434336754e-11, 8.370893287128963857e+04
1.136827126586860191e-10, 6.325862185158241482e+04
1.338745395338004986e-10, 4.780284147645284247e+04
1.576527505039064519e-10, 3.612199063677696540e+04
1.856543434472225714e-10, 2.729444035973094287e+04
2.186294570227952256e-10, 2.062255012957438157e+04
2.574614662418087925e-10, 1.558064542993181203e+04
3.031906473264966993e-10, 1.177062163300686188e+04
3.570420458179344394e-10, 8.891713747365169183e+03
4.204582944954029396e-10, 6.716277690551683918e+03
4.951382602712583846e-10, 5.072968854504321826e+03
5.830825553784594538e-10, 3.831602013766218079e+03
6.866471320564389732e-10, 2.893477109239136553e+03
8.086063964909875027e-10, 2.184520487703895924e+03
9.522275327764675918e-10, 1.649011989213524430e+03
1.121358027975561121e-09, 1.244599463657380511e+03
1.320528742997830505e-09, 9.393268655264336076e+02
1.555075290477558539e-09, 7.087671048275734620e+02
1.831280971260036666e-09, 5.346484033369508779e+02
2.156545098642282754e-09, 4.029836848358468160e+02
2.539581219630152337e-09, 3.036613755698328418e+02
2.990650543389345401e-09, 2.287094565684305678e+02
3.521836830238305826e-09, 1.721875176446240516e+02
4.147370105223369652e-09, 1.295470605824477843e+02
4.884007868285203093e-09, 9.744263144489163153e+01
5.751484013309916022e-09, 7.312757555466311032e+01
6.773037482221350061e-09, 5.486631771288130466e+01
7.976034816303926009e-09, 4.109893194292001084e+01
9.392703282372493141e-09, 3.076274725899683560e+01
1.106099421361017376e-08, 2.305861940327399395e+01
1.302559969323491834e-08, 1.720037365622443204e+01
1.533914981707820321e-08, 1.283042258982795403e+01
1.806362260871353145e-08, 9.544555812340936640e+00
2.127200435755174943e-08, 7.086616862655680471e+00
2.505024485893668938e-08, 5.251392514010320589e+00
2.949955993544695882e-08, 3.889230188599318794e+00
3.473914292197325075e-08, 2.869274858610487922e+00
4.090935775293284493e-08, 2.100277291382330880e+00
4.817549919168772810e-08, 1.537759589741097388e+00
5.673222093548799446e-08, 1.115291497941634624e+00
6.680875022107409635e-08, 8.053084934972126741e-01
7.867502862574959042e-08, 5.812740620917220546e-01
9.264894357071844147e-08, 4.164341519411778880e-01
1.091048442524586330e-07, 2.977568361489780768e-01
1.284835701366324788e-07, 2.084279616996739526e-01
1.513042606692777691e-07, 1.459052197138459017e-01
1.781782625773226947e-07, 1.021154187799959423e-01
2.098255073230707811e-07, 7.036288936400203475e-02
2.470937974506181203e-07, 4.706075363020192914e-02
2.909815184888817181e-07, 3.220053128605074311e-02
3.426643848436400447e-07, 2.149021926412466449e-02
4.035269361781039406e-07, 1.439037113087023555e-02
4.751996280430186799e-07, 9.787003155150643049e-03
5.596025103824937226e-07, 6.639110204306849367e-03
6.589966640252501913e-07, 4.402932131637686021e-03
7.760447731007786654e-07, 2.926533907877192520e-03
9.138824560634852685e-07, 1.849609509898066150e-03
1.076202266221783642e-06, 1.215964233891624752e-03
1.267352612074265283e-06, 8.230965342832931124e-04
1.492454247443904610e-06, 5.432690101757298119e-04
1.757537452081123332e-06, 3.181761301003538140e-04
2.069703577686328791e-06, 1.971721938349626363e-04
2.437315287031428754e-06, 1.313880056800530768e-04
2.870220582523147006e-06, 7.345358337804380570e-05
3.380016625741240961e-06, 2.896535954205819253e-05
3.980360415450776659e-06, 1.803258020827974971e-05
4.687334646885956332e-06, 6.976295830359299446e-06
5.519878553361920977e-06, 0.000000000000000000e+00
6.500295272091786232e-06, 0.000000000000000000e+00
