# M_f [M_sun], P(M_f) [M_sun^-1]
3.554939309087782630e-22, 7.691217916218038272e+18
4.164867986368243590e-22, 7.844642577844890624e+18
4.879443454781822347e-22, 6.681502575385401344e+18
5.716620192126315073e-22, 6.140852620824032256e+18
6.697433165046825470e-22, 6.232621041806689280e+18
7.846526355214260603e-22, 5.626714654370722816e+18
9.192771965891135454e-22, 5.125762891144406016e+18
1.076999586711594898e-21, 5.174430365848566784e+18
1.261782750709730719e-21, 4.493917679294699520e+18
1.478269564475659425e-21, 4.010653264666669568e+18
1.731899492227074708e-21, 3.894240780487089152e+18
2.029045258900605437e-21, 3.760663405595247616e+18
2.377172971725329711e-21, 3.440193664272168448e+18
2.785029714203261248e-21, 3.331714198843953152e+18
3.262863325997498860e-21, 3.065323626669290496e+18
3.822679890934355379e-21, 2.954657412898514944e+18
4.478545402782572019e-21, 2.864772265719170048e+18
5.246939188487060978e-21, 2.872813239961726464e+18
6.147167968996433368e-21, 2.896236717603479040e+18
7.201850961408169007e-21, 2.789414955742154752e+18
8.437488211144998925e-21, 2.830554838215588352e+18
9.885126434120334154e-21, 2.750490999928080896e+18
1.158113909889358002e-20, 2.641847377942108160e+18
1.356814034921921673e-20, 2.565405205724055552e+18
1.589605573027771623e-20, 2.435264519671540736e+18
1.862337662173687523e-20, 2.392867864212173824e+18
2.181862989662507000e-20, 2.324794314764493824e+18
2.556209973277687262e-20, 2.235672307344223744e+18
2.994784483921711958e-20, 2.163369854456257536e+18
3.508606178246820418e-20, 2.046998165689073408e+18
4.110585379389697468e-20, 1.959403909089688064e+18
4.815847462736724022e-20, 1.931372944320072192e+18
5.642112897261175748e-20, 1.843861263094514688e+18
6.610142491380065642e-20, 1.797901020068393216e+18
7.744259030612173168e-20, 1.728787742237308672e+18
9.072958413744709407e-20, 1.643587193359115008e+18
1.062962564296273862e-19, 1.567860042212672768e+18
1.245337365796392977e-19, 1.471019693856973568e+18
1.459002609066893339e-19, 1.392430790462327552e+18
1.709326863329692882e-19, 1.302925273778148096e+18
2.002599794916861493e-19, 1.203037370288074752e+18
2.346190201907295332e-19, 1.135471378489407744e+18
2.748731163110049905e-19, 1.052338951268761216e+18
3.220336953461912371e-19, 9.781996473502033920e+17
3.772857176071966462e-19, 8.668302309938696960e+17
4.420174496254335417e-19, 6.622571641123500800e+17
5.178553458437248030e-19, 5.059636082549523200e+17
6.067049150348568050e-19, 3.865555357509774720e+17
7.107985982605515872e-19, 2.953279243443745280e+17
8.327518613560927099e-19, 2.256301484031598080e+17
9.756289113246611492e-19, 1.723811386324181120e+17
1.143019687836545591e-18, 1.316989647283891680e+17
1.339130064327491740e-18, 1.006178370100848640e+17
1.568887525095887845e-18, 7.687189603553257600e+16
1.838064973649593682e-18, 5.873002815102740800e+16
2.153425783120427356e-18, 4.486966478654483200e+16
2.522893733294045941e-18, 3.428036528229838800e+16
2.955752104106024924e-18, 2.619015429418144400e+16
3.462876928042592619e-18, 2.000924366775130400e+16
4.057010262163551902e-18, 1.528703602347225800e+16
4.753080346001232680e-18, 1.167927555200799200e+16
5.568576689647165650e-18, 8.922951264737573000e+15
6.523989516518419787e-18, 6.817123109934085000e+15
7.643324602276253526e-18, 5.208273150572248000e+15
8.954706445778864130e-18, 3.979113883309968500e+15
1.049108492738794133e-17, 3.040037808810082000e+15
1.229106321017912490e-17, 2.322584914636099000e+15
1.439986768596596156e-17, 1.774451840717949750e+15
1.687048433707514473e-17, 1.355678888287549500e+15
1.976499006618515979e-17, 1.035736899686698625e+15
2.315611244532450716e-17, 7.913016383456998750e+14
2.712905707440121844e-17, 6.045534179944737500e+14
3.178364846361432647e-17, 4.618780216010746250e+14
3.723683823172148955e-17, 3.528742051377688750e+14
4.362564364134417995e-17, 2.695954317548381562e+14
5.111059030517391504e-17, 2.059705576798997812e+14
5.987974556477713349e-17, 1.573612370017760312e+14
7.015344388498441742e-17, 1.202237795035384844e+14
8.218982299448246298e-17, 9.185081048868598438e+13
9.629130987410051721e-17, 7.017389922581999219e+13
1.128122195602306520e-16, 5.361276733820561719e+13
1.321676576914936317e-16, 4.096008421038386719e+13
1.548439504847211017e-16, 3.129345082931676172e+13
1.814108642046238339e-16, 2.390815555400168750e+13
2.125359211544772699e-16, 1.826579961129910547e+13
2.490011718924986992e-16, 1.395504704185721680e+13
2.917228450939035525e-16, 1.066163771007215625e+13
3.417743687825801351e-16, 8.145477282870207031e+12
4.004133413656054675e-16, 6.223134003425613281e+12
4.691131301468769991e-16, 4.754466249146012695e+12
5.495998912665211303e-16, 3.632406003442198242e+12
6.438959412319121213e-16, 2.775153441506261719e+12
7.543705697967002551e-16, 2.120213604042568604e+12
8.837995709161229663e-16, 1.619840423788347168e+12
1.035434987557938712e-15, 1.237555967726986328e+12
1.213086822782425552e-15, 9.454911426860329590e+11
1.421218770170270965e-15, 7.223539978879965820e+11
1.665060368928408994e-15, 5.518775107532055664e+11
1.950738401691563623e-15, 4.216336972809002686e+11
2.285430836530691886e-15, 3.221275939295542603e+11
2.677547181126970641e-15, 2.461050609570060730e+11
3.136939780704104200e-15, 1.880239450765498962e+11
3.675151368806934184e-15, 1.436500484170270996e+11
4.305705090906085245e-15, 1.097484493361364136e+11
5.044444287983953543e-15, 8.384767192503678894e+10
5.909930577530328216e-15, 6.405951181793827820e+10
6.923910234161186932e-15, 4.894138334599632263e+10
8.111860588175597371e-15, 3.739115294270825958e+10
9.503630170902745736e-15, 2.856679200301707077e+10
1.113418869117993458e-14, 2.182499177262685776e+10
1.304450568692773882e-14, 1.667426520362958717e+10
1.528257992888903767e-14, 1.273911683346809006e+10
1.790464544140884680e-14, 9.732668619269891739e+09
2.097658444282498875e-14, 7.435746111038117409e+09
2.457558270711805719e-14, 5.680900315289493561e+09
2.879206893956380988e-14, 4.340200419746545792e+09
3.373198689528892016e-14, 3.315907450949198246e+09
3.951945733015404868e-14, 2.533348960853393078e+09
4.629989666834555381e-14, 1.935475296700407267e+09
5.424367074655676216e-14, 1.478700598308263302e+09
6.355037543901280041e-14, 1.129725325435488462e+09
7.445385171865133341e-14, 8.631086728378093243e+08
8.722806116326921614e-14, 6.594138985427056551e+08
1.021939695350504780e-13, 5.037913570739909410e+08
1.197276113908228647e-13, 3.848959386864003539e+08
1.402695383550534565e-13, 2.940599943550180793e+08
1.643358884536128603e-13, 2.246614515476281047e+08
1.925313546372367750e-13, 1.716410555002309680e+08
2.255643783427914986e-13, 1.311335421821915060e+08
2.642649498469248929e-13, 1.001858549234190583e+08
3.096054626651536335e-13, 7.654186228563164175e+07
3.627251459856035670e-13, 5.847788279723590612e+07
4.249586890286010331e-13, 4.467702606563318521e+07
4.978697765499685977e-13, 3.413318955117190629e+07
5.832903781036313840e-13, 2.607771222786099091e+07
6.833667782485480914e-13, 1.992333807596907020e+07
8.006135042584769108e-13, 1.522140426357169263e+07
9.379765063263084318e-13, 1.162913297318070009e+07
1.098907177733620883e-12, 8.884642400016346946e+06
1.287449074821890004e-12, 6.787855187331116758e+06
1.508339515697955710e-12, 5.185912495937184431e+06
1.767128610450621027e-12, 3.962030372379176319e+06
2.070318713640647402e-12, 3.026986028775670566e+06
2.425527802958077446e-12, 2.312613371739759110e+06
2.841680889111551975e-12, 1.766833594971272629e+06
3.329234266329045287e-12, 1.349858558489036513e+06
3.900438238005257590e-12, 1.031290175323914154e+06
4.569644918760408134e-12, 7.879043467414279003e+05
5.353668846768369621e-12, 6.019578916467921808e+05
6.272209467127062636e-12, 4.598950428620600724e+05
7.348346101620664173e-12, 3.513592106152239721e+05
8.609117841521512969e-12, 2.684379779186976957e+05
1.008620293386256217e-11, 2.050862644611067080e+05
1.181671473149198844e-11, 1.566856381377969519e+05
1.384413420601148128e-11, 1.197076228540131415e+05
1.621940245398964309e-11, 9.145646748272029799e+04
1.900220064684535723e-11, 6.987262168440481764e+04
2.226244958451911904e-11, 5.338259169013272913e+04
2.608206653083284003e-11, 4.078423031594169152e+04
3.055702347291745383e-11, 3.115909868368617754e+04
3.579975852069152363e-11, 2.380551069024826575e+04
4.194200103539933424e-11, 1.818737906947962620e+04
4.913808147160267494e-11, 1.389513365230898671e+04
5.756880909596944173e-11, 1.061586395872404682e+04
6.744601501471849372e-11, 8.110506196635906235e+03
7.901787465817365748e-11, 6.196416139226371342e+03
9.257514345558095331e-11, 4.734053835800158595e+03
1.084584623782321578e-10, 3.616810946311340558e+03
1.270669169105270310e-10, 2.763238838230588044e+03
1.488680645023350689e-10, 2.111110862704373631e+03
1.744096824531938844e-10, 1.612885883569492080e+03
2.043335314065755398e-10, 1.232242708084701690e+03
2.393914802768297581e-10, 9.414318192602014506e+02
2.804643977649551806e-10, 7.192526449600861724e+02
3.285842851328589352e-10, 5.495080811676765506e+02
3.849602063458864622e-10, 4.198234053647457813e+02
4.510086671063629299e-10, 3.207445332704510861e+02
5.283892060840569477e-10, 2.450483660833704675e+02
6.190460926115560205e-10, 1.872166315734852446e+02
7.252571785440163173e-10, 1.430332619553041695e+02
8.496911317388502362e-10, 1.092772252851075763e+02
9.954744892081493267e-10, 8.348765736562523898e+01
1.166270214726448448e-09, 6.378446116484545314e+01
1.366369734738289428e-09, 4.873123757038969472e+01
1.600800765066854691e-09, 3.723059588481181947e+01
1.875453637685745777e-09, 2.844412162555360268e+01
2.197229301650036782e-09, 2.173127176449292008e+01
2.574212716869338996e-09, 1.660265929573194299e+01
3.015875997428001928e-09, 1.268440358391984191e+01
3.533316408647045077e-09, 9.690865000519787387e+00
4.139535197820245990e-09, 7.403805893988480769e+00
4.849764264546636664e-09, 5.656495906586434863e+00
5.681848878603233730e-09, 4.321550297139357788e+00
6.656696061556467092e-09, 3.301655933943064891e+00
7.798799898182857864e-09, 2.522459518653321187e+00
9.136856976714022134e-09, 1.927154644985788812e+00
1.070448742150435761e-08, 1.472342698413056539e+00
1.254107963484337046e-08, 1.124867898221070028e+00
1.469277997296015627e-08, 8.593962036858918685e-01
1.721365222289457542e-08, 6.565764335071330171e-01
2.016703601333963015e-08, 5.016215590921370149e-01
2.362713829099000118e-08, 3.832378118300277525e-01
2.768089784995247636e-08, 2.927920957906104960e-01
3.243016976252675725e-08, 2.236927787007155499e-01
3.799428459753194850e-08, 1.709002353242335126e-01
4.451304672929294335e-08, 1.305657922345035971e-01
5.215024707302747141e-08, 9.975038886091705526e-02
6.109777850789253333e-08, 7.620693430494207554e-02
7.158045739212245458e-08, 5.822145050073110339e-02
8.386167231601665177e-08, 4.448051766653209754e-02
9.825000202377754192e-08, 3.398236221170522486e-02
1.151069687866058048e-07, 2.596137847065759646e-02
1.348561220388992395e-07, 1.983372446015069929e-02
1.579936805136920602e-07, 1.515217742524227647e-02
1.851010002724404292e-07, 1.157566466499007456e-02
2.168591819018276323e-07, 8.843430273849225629e-03
2.540661838991262367e-07, 6.755746544800116452e-03
2.976568722383458751e-07, 5.160718384749718099e-03
3.487265098841028302e-07, 3.942330144041348260e-03
4.085582764525233750e-07, 3.011497506654158430e-03
4.786555094802828620e-07, 2.300308235654094802e-03
5.607794773983806434e-07, 1.756920427167737303e-03
6.569936332972589126e-07, 1.341906540923557597e-03
7.697154614067526183e-07, 1.024806347633655003e-03
9.017772189895008571e-07, 7.823522830205148406e-04
1.056497099853249245e-06, 5.972596735547498932e-04
1.237762607541896761e-06, 4.558212019006538818e-04
1.450128233046472805e-06, 3.477460427379718672e-04
1.698929891293638432e-06, 2.652521171821467451e-04
1.990418991751685834e-06, 2.022248031405760244e-04
2.331919511822318867e-06, 1.541692411336500828e-04
2.732012019656224729e-06, 1.173994995016267522e-04
3.200749270163831329e-06, 8.930871753162152764e-05
3.749908791302991839e-06, 6.786141988306992922e-05
4.393288807145992575e-06, 5.153510910836648002e-05
5.147054933111502699e-06, 3.906631246845361976e-05
6.030146354452266775e-06, 2.954360724337447205e-05
7.064751693670376281e-06, 2.226084949011070479e-05
8.276866523540982274e-06, 1.669365473412762272e-05
9.696946533859272140e-06, 1.246828584935849434e-05
1.136067276342852149e-05, 9.275311759673303882e-06
1.330984812456625985e-05, 6.818057743839101032e-06
1.559344774627215830e-05, 4.969589356284040389e-06
1.826884952705988956e-05, 3.591829892679326857e-06
2.140327581641746703e-05, 2.538938258411216314e-06
2.507548244869502754e-05, 1.755630574327619132e-06
2.937773756821394599e-05, 1.179167121380003467e-06
3.441813996570822800e-05, 7.443024198854689743e-07
4.032333517679733450e-05, 4.222074534864997182e-07
4.724169758738698836e-05, 1.946085382544684015e-07
