# M_f [M_sun], P(M_f) [M_sun^-1]
3.548962714117586356e-25, 0.000000000000000000e+00
4.143897244964681628e-25, 0.000000000000000000e+00
4.838564324307219260e-25, 0.000000000000000000e+00
5.649682734992169490e-25, 0.000000000000000000e+00
6.596773932655885372e-25, 0.000000000000000000e+00
7.702631875067320117e-25, 0.000000000000000000e+00
8.993871611864740876e-25, 0.000000000000000000e+00
1.050156983777701776e-24, 0.000000000000000000e+00
1.226201282573591067e-24, 0.000000000000000000e+00
1.431756974063410238e-24, 0.000000000000000000e+00
1.671771235205982412e-24, 0.000000000000000000e+00
1.952020568777308980e-24, 0.000000000000000000e+00
2.279249828377506683e-24, 0.000000000000000000e+00
2.661334549057996954e-24, 0.000000000000000000e+00
3.107470490433956329e-24, 0.000000000000000000e+00
3.628394954078874531e-24, 0.000000000000000000e+00
4.236645201720489617e-24, 0.000000000000000000e+00
4.946860193674237954e-24, 0.000000000000000000e+00
5.776132909553281211e-24, 0.000000000000000000e+00
6.744421730674377979e-24, 0.000000000000000000e+00
7.875030785036159497e-24, 0.000000000000000000e+00
9.195170815492024403e-24, 0.000000000000000000e+00
1.073661406971731716e-23, 0.000000000000000000e+00
1.253645897342513110e-23, 0.000000000000000000e+00
1.463802299047425984e-23, 0.000000000000000000e+00
1.709188515862952929e-23, 0.000000000000000000e+00
1.995710339202826004e-23, 0.000000000000000000e+00
2.330263584757434168e-23, 0.000000000000000000e+00
2.720900056375714993e-23, 0.000000000000000000e+00
3.177021331497144511e-23, 0.000000000000000000e+00
3.709605032032140160e-23, 0.000000000000000000e+00
4.331469026427151886e-23, 0.000000000000000000e+00
5.057579921552993781e-23, 0.000000000000000000e+00
5.905413268993206007e-23, 0.000000000000000000e+00
6.895374154936251738e-23, 0.000000000000000000e+00
8.051288296148122256e-23, 0.000000000000000000e+00
9.400975461394818512e-23, 0.000000000000000000e+00
1.097691901903814394e-22, 0.000000000000000000e+00
1.281704772502877614e-22, 0.000000000000000000e+00
1.496564856684707842e-22, 0.000000000000000000e+00
1.747443263311006971e-22, 0.000000000000000000e+00
2.040377966148069427e-22, 0.000000000000000000e+00
2.382419121782715813e-22, 0.000000000000000000e+00
2.781798748077653061e-22, 0.000000000000000000e+00
3.248128846873889935e-22, 0.000000000000000000e+00
3.792632739224971983e-22, 0.000000000000000000e+00
4.428415180784706451e-22, 0.000000000000000000e+00
5.170777758305154950e-22, 0.000000000000000000e+00
6.037587157996679498e-22, 0.000000000000000000e+00
7.049705168986915043e-22, 0.000000000000000000e+00
8.231490770914376496e-22, 0.000000000000000000e+00
9.611386389565238025e-22, 0.000000000000000000e+00
1.122260243016206653e-21, 0.000000000000000000e+00
1.310391656319376225e-21, 0.000000000000000000e+00
1.530060699946438888e-21, 0.000000000000000000e+00
1.786554221579997443e-21, 0.000000000000000000e+00
2.086045335820364214e-21, 0.000000000000000000e+00
2.435741994580735524e-21, 0.000000000000000000e+00
2.844060463254972146e-21, 0.000000000000000000e+00
3.320827877766432378e-21, 1.357135657290019922e+13
3.877518757505402961e-21, 1.042798604382664258e+13
4.527531166390591196e-21, 2.858356116270473438e+13
5.286509168514232234e-21, 2.196309376195623828e+13
6.172719339017780476e-21, 1.687604581006094922e+13
7.207490391810404495e-21, 1.571115651828555273e+13
8.415726504796120160e-21, 1.207216979562758398e+13
9.826506696977815998e-21, 9.834516570635058594e+12
1.147378468284583961e-20, 7.556665466380006836e+12
1.339720604767883656e-20, 5.806405689658901367e+12
1.564306241098517039e-20, 3.292608486230389844e+13
1.826540554225283020e-20, 8.311968531742781250e+13
2.132734824280151716e-20, 6.386766966157286719e+13
2.490258330249094031e-20, 5.059476238852667188e+13
2.907715708851964547e-20, 4.960934449910195312e+13
3.395154045186442600e-20, 2.957346368322232500e+15
3.964304679255259240e-20, 2.273267210333618000e+15
4.628865548014387372e-20, 1.748328072017487250e+15
5.404830858161902066e-20, 1.345446127569977250e+15
6.310876024011991138e-20, 1.083715999599928250e+15
7.368807134881180046e-20, 8.368156742255665000e+14
8.604085769467593336e-20, 6.691592250396863750e+14
1.004644178810475172e-19, 5.219278989458856875e+14
1.173058885116423403e-19, 4.027160613600858125e+14
1.369705988422578918e-19, 3.506537799502966250e+14
1.599318259743174272e-19, 2.772824477848617500e+14
1.867421853717413878e-19, 2.217604031728849688e+14
2.180469308404809387e-19, 2.004764564849895938e+14
2.545994840657364937e-19, 1.611316458932435312e+14
2.972795674613780767e-19, 2.084476717527460312e+14
3.471143767408655819e-19, 1.646000899463012812e+14
4.053033027769513840e-19, 1.516181684435324062e+14
4.732467977393484649e-19, 1.271041518537876406e+14
5.525800802412904732e-19, 1.185522533971181875e+14
6.452124906878854795e-19, 1.280801910096728594e+14
7.533734440045013057e-19, 1.644155399104834375e+14
8.796660857047170922e-19, 2.655567708995466562e+14
1.027129942656215233e-18, 2.410424715401798438e+14
1.199314076381365808e-18, 2.265396071202913438e+14
1.400362499497209111e-18, 2.318594740977365938e+14
1.635113911040676270e-18, 2.231134636455750000e+14
1.909218151042094247e-18, 2.365761505179649375e+14
2.229272177097818710e-18, 2.172993747233640312e+14
2.602978835535310412e-18, 2.029318416329024688e+14
3.039332248368829520e-18, 2.260314995088510938e+14
3.548834277815029616e-18, 2.447455575640543750e+14
4.143747278091769203e-18, 2.670109649153833750e+14
4.838389217561514039e-18, 2.634618188061176562e+14
5.649478274021606592e-18, 2.558852862205619062e+14
6.596535196630497956e-18, 2.631260783688053125e+14
7.702353118248023089e-18, 2.552599095625187812e+14
8.993546125318797605e-18, 2.533958802123331875e+14
1.050118978791184392e-17, 2.664881857248119375e+14
1.226156906576543473e-17, 2.569014417575445000e+14
1.431705159044002820e-17, 2.694845850460997500e+14
1.671710734114975772e-17, 2.852371814231856250e+14
1.951949925514886663e-17, 2.982107917519356250e+14
2.279167342748857588e-17, 3.116772716085055000e+14
2.661238235854156293e-17, 3.324069995779451250e+14
3.107358031653111131e-17, 3.631080544517894375e+14
3.628263643138282592e-17, 3.948084220626104375e+14
4.236491878316220397e-17, 4.249501873628541250e+14
4.946681167721122281e-17, 4.568387976323850000e+14
5.775923872374348195e-17, 5.036768060129542500e+14
6.744177651302501599e-17, 5.488566473042288125e+14
7.874745789132278381e-17, 5.990855502866521250e+14
9.194838043965264702e-17, 6.492268836272393750e+14
1.073622551364499575e-16, 6.908847341216835000e+14
1.253600528129948575e-16, 7.252803686534843750e+14
1.463749324313652303e-16, 7.452281934086371250e+14
1.709126660647493911e-16, 7.531172796217416250e+14
1.995638114815701302e-16, 7.428011373827566250e+14
2.330179252950391720e-16, 7.270437407257252500e+14
2.720801587507204238e-16, 7.064280999683535000e+14
3.176906355684263719e-16, 6.701487902545802500e+14
3.709470782113892190e-16, 6.310431725734682500e+14
4.331312271366239694e-16, 5.798988173528653750e+14
5.057396888673425339e-16, 5.255993743020465000e+14
5.905199553182014303e-16, 4.705505886472458750e+14
6.895124612624175452e-16, 4.113875674852463125e+14
8.050996921517614587e-16, 3.522702623168878750e+14
9.400635241836067561e-16, 2.969497403767303125e+14
1.097652176637426354e-15, 2.466199819589903125e+14
1.281658387844818299e-15, 2.012717611296362500e+14
1.496510696280042197e-15, 1.621694258573965000e+14
1.747380023663327855e-15, 1.294082315641841875e+14
2.040304125247816402e-15, 1.021003819078380938e+14
2.382332902476464009e-15, 7.998803513810754688e+13
2.781698075296781474e-15, 6.241222560914099219e+13
3.248011297693212803e-15, 4.848431198579039844e+13
3.792495484549381372e-15, 3.755689702063545312e+13
4.428254917260453338e-15, 2.903466377556971875e+13
5.170590628816885501e-15, 2.241384560669674609e+13
6.037368658836964984e-15, 1.727457173100264844e+13
7.049450041464057396e-15, 1.330176835634443164e+13
8.231192874789720272e-15, 1.023570555589596289e+13
9.611038555274013536e-15, 7.874166398293555664e+12
1.122219628626107451e-14, 6.057398364865913086e+12
1.310344233488316355e-14, 4.657187025240400391e+12
1.530005327333422790e-14, 3.579586018147270508e+12
1.786489566513994436e-14, 2.751811405125312012e+12
2.085969842226470568e-14, 2.115172201620720703e+12
2.435653845529604593e-14, 1.625260236881061523e+12
2.843957537234173260e-14, 1.248873285628404053e+12
3.320707697621301066e-14, 9.596117472181198730e+11
3.877378430820567309e-14, 7.373483891407443848e+11
4.527367315877207227e-14, 5.665652265430051270e+11
5.286317850727665526e-14, 4.353385192870385742e+11
6.172495949449466709e-14, 3.345062801168501587e+11
7.207229554069590400e-14, 2.570286029833664856e+11
8.415421941214433446e-14, 1.974961508363063049e+11
9.826151077522554733e-14, 1.517524864642447205e+11
1.147336944870571982e-13, 1.166038783414562683e+11
1.339672120527618000e-13, 8.959632071187399292e+10
1.564249629145710343e-13, 6.884419968582510376e+10
1.826474452061308525e-13, 5.289864352659788513e+10
2.132657641002332364e-13, 4.064636526444214630e+10
2.490168208261894248e-13, 3.123193524541572952e+10
2.907610479159630927e-13, 2.399805672025170517e+10
3.395031175191101639e-13, 1.843967470852960968e+10
3.964161211804007018e-13, 1.416871404566434288e+10
4.628698030228503768e-13, 1.088698476703815460e+10
5.404635258335326130e-13, 8.365363076006177902e+09
6.310647634578878334e-13, 6.427794372622024536e+09
7.368540459117346958e-13, 4.939001464433772087e+09
8.603774389199028282e-13, 3.795039799149775028e+09
1.004607820923932483e-12, 2.916040252923519611e+09
1.173016432332888215e-12, 2.240632825148029327e+09
1.369656419016833193e-12, 1.721661919446009159e+09
1.599260380711907916e-12, 1.322894019638633966e+09
1.867354272066798725e-12, 1.016487945618328452e+09
2.180390397624856683e-12, 7.810510343119453192e+08
2.545902701576178349e-12, 6.001455515794841051e+08
2.972688089689554387e-12, 4.611410358813256025e+08
3.471018147359357998e-12, 3.543324687964341044e+08
4.052886349255764866e-12, 2.722626889729326367e+08
4.732296710254901824e-12, 2.092017479866568446e+08
5.525600824706499793e-12, 1.607468558350276947e+08
6.451891405674874902e-12, 1.235149895714896172e+08
7.533461795592588149e-12, 9.490669384299561381e+07
8.796342507521895701e-12, 7.292459433020156622e+07
1.027092771014048268e-11, 5.603394491473133862e+07
1.199270673427324702e-11, 4.305547382381337136e+07
1.400311820638017854e-11, 3.308305064177889749e+07
1.635054736571430363e-11, 2.542042028876364976e+07
1.909149056791221305e-11, 1.953259281349526346e+07
2.229191500151088592e-11, 1.500849237982379459e+07
2.602884634213915806e-11, 1.153225512179077230e+07
3.039222255498335907e-11, 8.861177008325478062e+06
3.548705846160559437e-11, 6.808768725491937250e+06
4.143597316646138997e-11, 5.231735076983086765e+06
4.838214117152900590e-11, 4.019970929356327280e+06
5.649273820450414145e-11, 3.088873180773697328e+06
6.596296469244882950e-11, 2.373434458010063972e+06
7.702074371516900180e-11, 1.823704235891687218e+06
8.993220650552190613e-11, 1.401301415825642413e+06
1.050080975180062726e-10, 1.076734728886357741e+06
1.226112532185457416e-10, 8.273435132991970750e+05
1.431653345899774112e-10, 6.357158108641202562e+05
1.671650235213482158e-10, 4.884725315092753735e+05
1.951879284809018891e-10, 3.753334235121306265e+05
2.279084860105338701e-10, 2.883993733939039521e+05
2.661141926135866703e-10, 2.216008183557735756e+05
3.107245576942134500e-10, 1.702740376224543143e+05
3.628132336949815997e-10, 1.308354697279892280e+05
4.236338560460705138e-10, 1.005315739152728784e+05
4.946502148246891704e-10, 7.724661447752217646e+04
5.775714842760397404e-10, 5.935488441911333211e+04
6.743933580763869986e-10, 4.560720179626790923e+04
7.874460803542362888e-10, 3.504372595438881399e+04
9.194505284481391166e-10, 2.692694387194769661e+04
1.073583697163442448e-09, 2.069015756939144558e+04
1.253555160559284636e-09, 1.589792482051018305e+04
1.463696351497021232e-09, 1.221566125602634565e+04
1.709064807670563662e-09, 9.386277081730448117e+03
1.995565893042375731e-09, 7.212227094596963980e+03
2.330094924195305965e-09, 5.541730951334463498e+03
2.720703122202257710e-09, 4.258157223061560217e+03
3.176791384032336837e-09, 3.271879034245964249e+03
3.709336537054124696e-09, 2.514041488093173484e+03
4.331155521978282322e-09, 1.931732513758054893e+03
5.057213862417803832e-09, 1.484299143347719792e+03
5.904985845105158122e-09, 1.140497994846703932e+03
6.894875079342960596e-09, 8.763297061873605571e+02
8.050705557431865460e-09, 6.733474983888374936e+02
9.400295034589802586e-09, 5.173803406881721685e+02
1.097612452808688640e-08, 3.975384117946802007e+02
1.281612004865416702e-08, 3.054535459693062194e+02
1.496456537835437654e-08, 2.346986299412692176e+02
1.747316786304279705e-08, 1.803326097020094778e+02
2.040230287019851416e-08, 1.385588359560272522e+02
2.382246686290472952e-08, 1.064615964395318173e+02
2.781597406159238859e-08, 8.179887254312073708e+01
3.247893752766619457e-08, 6.284791454480342310e+01
3.792358234841027568e-08, 4.828669160331070032e+01
4.428094659536107595e-08, 3.709834418853276361e+01
5.170403506100775866e-08, 2.850182495269887184e+01
6.037150167584694934e-08, 2.189690512894243923e+01
7.049194923174215987e-08, 1.682170329798410435e+01
8.230894989445869222e-08, 1.292240170344849304e+01
9.610690733570848061e-08, 9.926449483490138448e+00
1.122179015705835130e-07, 7.624443165569093850e+00
1.310296812373474564e-07, 5.855767935752528963e+00
1.529949956724325201e-07, 4.497187993615637147e+00
1.786424913787846109e-07, 3.453234125505944441e+00
2.085894351364676277e-07, 2.651222948406387836e+00
2.435565699668571264e-07, 2.035135684623774033e+00
2.843854614938248337e-07, 1.561878146985437477e+00
3.320587521825467136e-07, 1.198427060538937994e+00
3.877238109214126943e-07, 9.192704044575134015e-01
4.527203471293543005e-07, 7.049071392118481105e-01
5.286126539864874544e-07, 5.402196317351245503e-01
6.172272567965604518e-07, 4.137588946542953283e-01
7.206968725768446012e-07, 3.167029336742120393e-01
8.415117388654812462e-07, 2.422731901293225798e-01
9.825795470937055071e-07, 1.851310409395042489e-01
1.147295422959284638e-06, 1.413178291805171349e-01
1.339623638041987889e-06, 1.077477446149938262e-01
1.564193019241686001e-06, 8.201057617710012793e-02
1.826408352289566483e-06, 6.233328911030244779e-02
2.132580460517753101e-06, 4.729266673293239936e-02
2.490078089536171985e-06, 3.577180328891925443e-02
2.907505253275528389e-06, 2.699995606518748245e-02
3.394908309642402768e-06, 2.031234395295391029e-02
3.964017749544815386e-06, 1.521172143427698860e-02
4.628530518505076199e-06, 1.134915815220382922e-02
5.404439665587494086e-06, 8.425147299187737970e-03
6.310419253411135426e-06, 6.214957550650310192e-03
7.368273793004429503e-06, 4.546278563784397590e-03
8.603463020199222133e-06, 3.295721342238527602e-03
1.004571464353174789e-05, 2.360949622297202691e-03
1.172973981085711423e-05, 1.666009667097894482e-03
1.369606851405000625e-05, 1.159365625956466223e-03
1.599202503775273322e-05, 7.844942842267068955e-04
1.867286692861943421e-05, 5.168620883302127043e-04
2.180311489700670832e-05, 3.283053508613517266e-04
2.545810565829488036e-05, 1.997657772677351965e-04
2.972580508658805780e-05, 1.152383387798166018e-04
3.470892531856226512e-05, 6.153500955983851604e-05
4.052739676050301244e-05, 2.889904371711293307e-05
4.732125449314459231e-05, 1.067038068175687228e-05
