# M_f [M_sun], P(M_f) [M_sun^-1]
3.355426787857400234e-25, 0.000000000000000000e+00
3.911652505143758048e-25, 0.000000000000000000e+00
4.560083199063886726e-25, 0.000000000000000000e+00
5.316003595677380045e-25, 0.000000000000000000e+00
6.197232154680015557e-25, 0.000000000000000000e+00
7.224541083875303900e-25, 0.000000000000000000e+00
8.422145979021678346e-25, 0.000000000000000000e+00
9.818276630783892592e-25, 0.000000000000000000e+00
1.144584245377741764e-24, 0.000000000000000000e+00
1.334320822311494521e-24, 0.000000000000000000e+00
1.555509840401867446e-24, 0.000000000000000000e+00
1.813365139124089360e-24, 0.000000000000000000e+00
2.113964850869085172e-24, 0.000000000000000000e+00
2.464394673909162856e-24, 0.000000000000000000e+00
2.872914895578817388e-24, 0.000000000000000000e+00
3.349155102719898938e-24, 0.000000000000000000e+00
3.904341169081111135e-24, 0.000000000000000000e+00
4.551559870189927640e-24, 0.000000000000000000e+00
5.306067363165150690e-24, 0.000000000000000000e+00
6.185648802917218596e-24, 0.000000000000000000e+00
7.211037571563583870e-24, 0.000000000000000000e+00
8.406404003081794177e-24, 0.000000000000000000e+00
9.799925123355945559e-24, 0.000000000000000000e+00
1.142444883545635492e-23, 0.000000000000000000e+00
1.331826820624366865e-23, 0.000000000000000000e+00
1.552602410568330836e-23, 0.000000000000000000e+00
1.809975747576928262e-23, 0.000000000000000000e+00
2.110013603300706197e-23, 0.000000000000000000e+00
2.459788432013121776e-23, 0.000000000000000000e+00
2.867545081605480075e-23, 0.000000000000000000e+00
3.342895140095494358e-23, 0.000000000000000000e+00
3.897043498760775480e-23, 0.000000000000000000e+00
4.543052472414611801e-23, 0.000000000000000000e+00
5.296149702633689900e-23, 0.000000000000000000e+00
6.174087101793673643e-23, 0.000000000000000000e+00
7.197559298895767048e-23, 0.000000000000000000e+00
8.390691450736218015e-23, 0.000000000000000000e+00
9.781607917041964598e-23, 0.000000000000000000e+00
1.140309520431035390e-22, 0.000000000000000000e+00
1.329337480518106140e-22, 0.000000000000000000e+00
1.549700415061211373e-22, 0.000000000000000000e+00
1.806592691198997314e-22, 0.000000000000000000e+00
2.106069741076194141e-22, 0.000000000000000000e+00
2.455190799721978298e-22, 0.000000000000000000e+00
2.862185304442568804e-22, 0.000000000000000000e+00
3.336646878073451126e-22, 0.000000000000000000e+00
3.889759468639831932e-22, 0.000000000000000000e+00
4.534560975960776476e-22, 0.000000000000000000e+00
5.286250579369789952e-22, 0.000000000000000000e+00
6.162547010841906233e-22, 0.000000000000000000e+00
7.184106218696126315e-22, 0.000000000000000000e+00
8.375008266988809979e-22, 0.000000000000000000e+00
9.763324947728996466e-22, 0.000000000000000000e+00
1.138178148559852146e-21, 0.000000000000000000e+00
1.326852793279672222e-21, 0.000000000000000000e+00
1.546803843723141989e-21, 0.000000000000000000e+00
1.803215958149154218e-21, 0.000000000000000000e+00
2.102133250391486635e-21, 0.000000000000000000e+00
2.450601760943344245e-21, 0.000000000000000000e+00
2.856835545330063135e-21, 0.000000000000000000e+00
3.330410294783934036e-21, 0.000000000000000000e+00
3.882489053223168623e-21, 0.000000000000000000e+00
4.526085351107068555e-21, 0.000000000000000000e+00
5.276369958725133131e-21, 0.000000000000000000e+00
6.151028489669875711e-21, 0.000000000000000000e+00
7.170678283876874558e-21, 0.000000000000000000e+00
8.359354396946227458e-21, 4.581388278967808594e+13
9.745076151424240088e-21, 3.526669179959618750e+13
1.136050760472003545e-20, 2.714826216136861328e+13
1.324372750212316441e-20, 2.089782013256195703e+13
1.543912686415697727e-20, 1.665998487376946680e+13
1.799845536608330213e-20, 1.282431376721024609e+13
2.098204117468286909e-20, 9.871333200064257812e+12
2.446021299614948793e-20, 1.172842478396031055e+13
2.851495785543101578e-20, 9.027771033014101562e+12
3.324185368398067586e-20, 6.948950942728780273e+12
3.875232227063295273e-20, 1.548992616469075000e+14
4.517625568187534888e-20, 1.225325934292430000e+14
5.266507806116157543e-20, 9.922426573481707812e+13
6.139531497961241988e-20, 8.985432847639484375e+13
7.157275447438468443e-20, 7.031047656755126562e+13
8.343729785817758715e-20, 9.857132396321885938e+13
9.726861464254266209e-20, 9.103708027590996875e+13
1.133927348721318637e-19, 1.616746624011959688e+14
1.321897342635523437e-19, 3.089205267725319375e+14
1.541026933019428484e-19, 3.494244783240545000e+14
1.796481414779605106e-19, 2.743361677966935625e+14
2.094282328554104639e-19, 2.190931977592630000e+14
2.441449399704524831e-19, 1.900172202442567188e+14
2.846166006391730325e-19, 1.616684161910486875e+14
3.317972077127720990e-19, 5.657846257408912500e+14
3.867988964760348480e-19, 4.836749971314493125e+14
4.509181597591821492e-19, 4.162630887557136250e+14
5.256664087023966689e-19, 4.285511682709877500e+14
6.128055995474868387e-19, 3.454663125391868125e+14
7.143897662469015009e-19, 4.069046335606941250e+14
8.328134378914969703e-19, 3.745418553531772500e+14
9.708680822465035426e-19, 3.311767015579896875e+14
1.131807905875562876e-18, 3.279686733391543125e+14
1.319426561885035469e-18, 3.328184415383095625e+14
1.538146573433785306e-18, 2.890519633133149375e+14
1.793123580888051368e-18, 3.053063802883235000e+14
2.090367869922119062e-18, 3.370377144659718750e+14
2.436886045209810308e-18, 3.193918094708741250e+14
2.840846189221018720e-18, 3.299803595626454375e+14
3.311770399225516642e-18, 3.523151599557218125e+14
3.860759240961861678e-18, 3.804574182304631875e+14
4.500753409764791366e-18, 3.782197269236643125e+14
5.246838766994097329e-18, 3.646707859058900000e+14
6.116601942044836815e-18, 3.851513649608765625e+14
7.130544882144415247e-18, 3.887149911774018125e+14
8.312568121651848918e-18, 3.719948013125911250e+14
9.690534162421824033e-18, 3.607208343090163125e+14
1.129692424516384167e-17, 3.713179067667043125e+14
1.316960399312767720e-17, 4.206619443959423750e+14
1.535271597577124804e-17, 4.774544763206754375e+14
1.789772023180807986e-17, 5.411109566157989375e+14
2.086460727871183662e-17, 6.328294288747777500e+14
2.432331220158403752e-17, 7.359360710913407500e+14
2.835536315410825541e-17, 8.779902272523786250e+14
3.305580312984669861e-17, 1.005819893443777625e+15
3.853543030362754872e-17, 1.149692593030069000e+15
4.492340975206621965e-17, 1.344593519586148250e+15
5.237031811636613227e-17, 1.515842749511768750e+15
6.105169297580401090e-17, 1.641286101759439500e+15
7.117217059728034926e-17, 1.744263935751439500e+15
8.297030959544278084e-17, 1.789095867127071750e+15
9.672421420608857528e-17, 1.767534079410420750e+15
1.127580897239314514e-16, 1.698738292589205500e+15
1.314498846286807483e-16, 1.597265230586483250e+15
1.532401995386608697e-16, 1.471075704297373500e+15
1.786426729926930790e-16, 1.337098059087437750e+15
2.082560888725732025e-16, 1.203004635561404250e+15
2.427784908607758797e-16, 1.070691606333582375e+15
2.830236366375858989e-16, 9.391265318891276250e+14
3.299401796739057673e-16, 8.124320607085071250e+14
3.846340307705324759e-16, 6.947371779335851250e+14
4.483944264472611447e-16, 5.888308603421503750e+14
5.227243186625783884e-16, 4.937863791438852500e+14
6.093758022065750218e-16, 4.079798238493440625e+14
7.103914148570712565e-16, 3.337280100538560000e+14
8.281522838210022540e-16, 2.701680918117345000e+14
9.654342533628874298e-16, 2.162522232943639688e+14
1.125473316653697713e-15, 1.716176012387836875e+14
1.312041894191368240e-15, 1.352336519756138906e+14
1.529537756818232692e-15, 1.060498763679219062e+14
1.783087689417430532e-15, 8.275784308900232812e+13
2.078668338835796133e-15, 6.431876130210687500e+13
2.423247094645175308e-15, 4.985756123925942969e+13
2.824946323565552047e-15, 3.859076523160441406e+13
3.293234828862978084e-15, 2.982173163187339453e+13
3.839151047779015648e-15, 2.303066172400429688e+13
4.475563248173091922e-15, 1.776438769122680469e+13
5.217472857700026563e-15, 1.369574492946640234e+13
6.082368075559743966e-15, 1.055208402296826562e+13
7.090636102110302607e-15, 8.130086902803747070e+12
8.266043703368446947e-15, 6.262773984870067383e+12
9.636297438203272734e-15, 4.822791176585161133e+12
1.123369675382710986e-14, 3.713537146036940430e+12
1.309589534426777824e-14, 2.859325837135185059e+12
1.526678871846762661e-14, 2.201333131919678223e+12
1.779754889965197355e-14, 1.694852487460251953e+12
2.074783064576904948e-14, 1.304832365407877197e+12
2.418717762387663204e-14, 1.004486708272261475e+12
2.819666168464013410e-14, 7.732675785257622070e+11
3.287079387771191714e-14, 5.952684193389003906e+11
3.831975225420416783e-14, 4.582369421813968506e+11
4.467197896973330425e-14, 3.527470328762475586e+11
5.207720790661838996e-14, 2.715400756471859436e+11
6.070999418196005931e-14, 2.090251713453426819e+11
7.077382873871806902e-14, 1.609011662923375244e+11
8.250593500840439774e-14, 1.238559239191024475e+11
9.618286071171705142e-14, 9.533852672437643433e+10
1.121269966063314502e-13, 7.338650157088088989e+10
1.307141758409427818e-13, 5.648850812914321136e+10
1.523825330465693699e-13, 4.348088529521704102e+10
1.776428319904964434e-13, 3.346830744967461777e+10
2.070905052350044483e-13, 2.576099378574184418e+10
2.414196895981914013e-13, 1.982838149277984238e+10
2.814395882589958426e-13, 1.526188659819003487e+10
3.280935451918776345e-13, 1.174689336512667656e+10
3.824812815513124879e-13, 9.041379923684684753e+09
4.458848181593423731e-13, 6.958883884492611885e+09
5.197986951377594796e-13, 5.356000005141045570e+09
6.059652010182616037e-13, 4.122270250023998260e+09
7.064154417467067175e-13, 3.172682936747478485e+09
8.235172176548091519e-13, 2.441816981106260777e+09
9.600308369491819029e-13, 1.879285795050094604e+09
1.119174181346230586e-12, 1.446335657853291512e+09
1.304698557571760765e-12, 1.113110224907922268e+09
1.520977122687233506e-12, 8.566509816522475481e+08
1.773107967593269847e-12, 6.592681802692478895e+08
2.067034288581631930e-12, 5.073610210268896818e+08
2.409684479604264646e-12, 3.904489242969152927e+08
2.809135447496646608e-12, 3.004748799615347385e+08
3.274802999801101691e-12, 2.312299141280700266e+08
3.817663792987708718e-12, 1.779412349869639874e+08
4.450514072808195253e-12, 1.369307427273687124e+08
5.188271305777502773e-12, 1.053711950535298437e+08
6.048325811802063474e-12, 8.108387910046166182e+07
7.050950686594628962e-12, 6.239410661393186450e+07
8.219779676514615920e-12, 4.801138547852499783e+07
9.582364270239151906e-12, 3.694375432623825967e+07
1.117082313895918462e-11, 2.842690100874996930e+07
1.302259923362230879e-11, 2.187327524151031673e+07
1.518134238542254657e-11, 1.683022927782846987e+07
1.769793821408414235e-11, 1.294975071679275483e+07
2.063170759723450032e-11, 9.963844017858304083e+06
2.405180497460624204e-11, 7.666253640485862270e+06
2.803884844771816426e-11, 5.898416764183230698e+06
3.268682009953723316e-11, 4.538148382250016555e+06
3.810528132821584611e-11, 3.491542547070545610e+06
4.442195541447093477e-11, 2.686269495403962675e+06
5.178573819855437101e-11, 2.066674153393477434e+06
6.037020783411065800e-11, 1.589974665757650975e+06
7.037771635039578194e-11, 1.223204846688836114e+06
8.204415946864102294e-11, 9.410283159851871897e+05
9.564453710606838180e-11, 7.239350912346114637e+05
1.114994356390548286e-10, 5.569122085150269559e+05
1.299825847245275942e-10, 4.284188299699789495e+05
1.515296668080263862e-10, 3.295667551669107052e+05
1.766485869750420971e-10, 2.535176330470922403e+05
2.059314452252606231e-10, 1.950146993800720375e+05
2.400684933786423458e-10, 1.500096884648138366e+05
2.798644056037621084e-10, 1.153882446633998916e+05
3.262572460952317461e-10, 8.875581991958359140e+04
3.803405810038949814e-10, 6.826923488253420510e+04
4.433892558394101641e-10, 5.251041479066770262e+04
5.168894459668836318e-10, 4.038823833693306369e+04
6.025736885440446790e-10, 3.106406738010704794e+04
7.024617216673400841e-10, 2.389207280378682844e+04
8.189080933821340980e-10, 1.837558047043413535e+04
9.546576627905424018e-10, 1.413244359316470218e+04
1.112910301521978132e-09, 1.086892368296982568e+04
1.297396320701288100e-09, 8.358872375777344132e+03
1.512464401369368887e-09, 6.428360567489206005e+03
1.763184101040997877e-09, 4.943607388195452586e+03
2.055465352671481844e-09, 3.801687251930712137e+03
2.396197772846563252e-09, 2.923484841176441023e+03
2.793413062950570365e-09, 2.248106186812351552e+03
3.256474331412598335e-09, 1.728716281174558389e+03
3.796296799710642321e-09, 1.329294606399294935e+03
4.425605094587583618e-09, 1.022137463972989508e+03
5.159233191338581016e-09, 7.859368229883513095e+02
6.014474078394955481e-09, 6.043052120809819598e+02
7.011487385453768934e-09, 4.646351946130120609e+02
8.173774583711631088e-09, 3.572400443870648701e+02
9.528732959562532699e-09, 2.746619117024765160e+02
1.110830141995716601e-08, 2.111672742095541651e+02
1.294971335226582697e-08, 1.623470015445024046e+02
1.509637428496232318e-08, 1.248106316612069264e+02
1.759888503723487753e-08, 9.595075601348982275e+01
2.051623447507689282e-08, 7.376228708936785949e+01
2.391718998935330147e-08, 5.670344886853548871e+01
2.788191847201435563e-08, 4.358863891404535451e+01
3.250387599990276121e-08, 3.350624110394004873e+01
3.789201076954181644e-08, 2.575530961111824979e+01
4.417333121020300245e-08, 1.979683376928868555e+01
5.149589981048896566e-08, 1.521645532158037639e+01
6.003232322853198879e-08, 1.169550128954993440e+01
6.998382095424388805e-08, 8.989031614771139544e+00
8.158496842960602050e-08, 6.908701783309972200e+00
9.510922643122954979e-08, 5.309630562792561292e+00
1.108753870530924548e-07, 4.080540817814085841e+00
1.292550882333375955e-07, 3.135854007143204836e+00
1.506815739566055910e-07, 2.409793977549740340e+00
1.756599066262825846e-07, 1.851777992904112047e+00
2.047788723314019805e-07, 1.422922851973221325e+00
2.387248596376421741e-07, 1.093352694750019394e+00
2.782980390515258918e-07, 8.400670165494581454e-01
3.244312245380930260e-07, 6.454307972924445691e-01
3.782118616933495897e-07, 4.958664908508702007e-01
4.409076608739116095e-07, 3.809331034562534191e-01
5.139964795047128495e-07, 2.926222323322151819e-01
5.992011579467452228e-07, 2.247699650251568371e-01
6.985301300715003711e-07, 1.726348598649186383e-01
8.143247658094044902e-07, 1.325822573600935472e-01
9.493145616247966447e-07, 1.018081837573068804e-01
1.106681479860344254e-06, 7.816466174580870285e-02
1.290134953549726917e-06, 6.000389434307116382e-02
1.503999324702531460e-06, 4.604698927342441850e-02
1.753315777145544996e-06, 3.532652449397580274e-02
2.043961166668409568e-06, 2.709215595402312063e-02
2.382786549522770622e-06, 2.076928140757177549e-02
2.777778674651168692e-06, 1.591153266619762044e-02
3.238248246319932887e-06, 1.218034238103708061e-02
3.775049394858996537e-06, 9.314443459006126885e-03
4.400835528845154641e-06, 7.112969968085880793e-03
5.130357599643861158e-06, 5.420285398534846998e-03
5.980811808963541520e-06, 4.120123015641363046e-03
6.972244955540883526e-06, 3.121256636614173473e-03
8.128026975737574330e-06, 2.354115993556685216e-03
9.475401816715515592e-06, 1.762359521575314206e-03
1.104612962730335639e-05, 1.308182243516659493e-03
1.287723540419566570e-05, 9.575547623580282688e-04
1.501188174047812092e-05, 6.894582059424604571e-04
1.750038624879643402e-05, 4.839917733524312692e-04
2.040140764173846969e-05, 3.265576941819754633e-04
2.378332842756597523e-05, 2.052607440796185814e-04
2.772586681402478678e-05, 1.108522409362258876e-04
