# M_f [M_sun], P(M_f) [M_sun^-1]
3.548962714117586356e-25, 0.000000000000000000e+00
4.143897244964681628e-25, 0.000000000000000000e+00
4.838564324307219260e-25, 0.000000000000000000e+00
5.649682734992169490e-25, 0.000000000000000000e+00
6.596773932655885372e-25, 0.000000000000000000e+00
7.702631875067320117e-25, 0.000000000000000000e+00
8.993871611864740876e-25, 0.000000000000000000e+00
1.050156983777701776e-24, 0.000000000000000000e+00
1.226201282573591067e-24, 0.000000000000000000e+00
1.431756974063410238e-24, 0.000000000000000000e+00
1.671771235205982412e-24, 0.000000000000000000e+00
1.952020568777308980e-24, 0.000000000000000000e+00
2.279249828377506683e-24, 0.000000000000000000e+00
2.661334549057996954e-24, 0.000000000000000000e+00
3.107470490433956329e-24, 0.000000000000000000e+00
3.628394954078874531e-24, 0.000000000000000000e+00
4.236645201720489617e-24, 0.000000000000000000e+00
4.946860193674237954e-24, 0.000000000000000000e+00
5.776132909553281211e-24, 0.000000000000000000e+00
6.744421730674377979e-24, 0.000000000000000000e+00
7.875030785036159497e-24, 0.000000000000000000e+00
9.195170815492024403e-24, 0.000000000000000000e+00
1.073661406971731716e-23, 0.000000000000000000e+00
1.253645897342513110e-23, 0.000000000000000000e+00
1.463802299047425984e-23, 0.000000000000000000e+00
1.709188515862952929e-23, 0.000000000000000000e+00
1.995710339202826004e-23, 0.000000000000000000e+00
2.330263584757434168e-23, 0.000000000000000000e+00
2.720900056375714993e-23, 0.000000000000000000e+00
3.177021331497144511e-23, 0.000000000000000000e+00
3.709605032032140160e-23, 0.000000000000000000e+00
4.331469026427151886e-23, 0.000000000000000000e+00
5.057579921552993781e-23, 0.000000000000000000e+00
5.905413268993206007e-23, 0.000000000000000000e+00
6.895374154936251738e-23, 0.000000000000000000e+00
8.051288296148122256e-23, 0.000000000000000000e+00
9.400975461394818512e-23, 0.000000000000000000e+00
1.097691901903814394e-22, 0.000000000000000000e+00
1.281704772502877614e-22, 0.000000000000000000e+00
1.496564856684707842e-22, 0.000000000000000000e+00
1.747443263311006971e-22, 0.000000000000000000e+00
2.040377966148069427e-22, 0.000000000000000000e+00
2.382419121782715813e-22, 0.000000000000000000e+00
2.781798748077653061e-22, 0.000000000000000000e+00
3.248128846873889935e-22, 0.000000000000000000e+00
3.792632739224971983e-22, 0.000000000000000000e+00
4.428415180784706451e-22, 0.000000000000000000e+00
5.170777758305154950e-22, 0.000000000000000000e+00
6.037587157996679498e-22, 0.000000000000000000e+00
7.049705168986915043e-22, 0.000000000000000000e+00
8.231490770914376496e-22, 0.000000000000000000e+00
9.611386389565238025e-22, 0.000000000000000000e+00
1.122260243016206653e-21, 0.000000000000000000e+00
1.310391656319376225e-21, 0.000000000000000000e+00
1.530060699946438888e-21, 0.000000000000000000e+00
1.786554221579997443e-21, 0.000000000000000000e+00
2.086045335820364214e-21, 0.000000000000000000e+00
2.435741994580735524e-21, 0.000000000000000000e+00
2.844060463254972146e-21, 0.000000000000000000e+00
3.320827877766432378e-21, 0.000000000000000000e+00
3.877518757505402961e-21, 0.000000000000000000e+00
4.527531166390591196e-21, 0.000000000000000000e+00
5.286509168514232234e-21, 0.000000000000000000e+00
6.172719339017780476e-21, 0.000000000000000000e+00
7.207490391810404495e-21, 0.000000000000000000e+00
8.415726504796120160e-21, 0.000000000000000000e+00
9.826506696977815998e-21, 0.000000000000000000e+00
1.147378468284583961e-20, 3.477616179251943359e+13
1.339720604767883656e-20, 2.672137659063457812e+13
1.564306241098517039e-20, 2.053222466465809766e+13
1.826540554225283020e-20, 1.577659175791683789e+13
2.132734824280151716e-20, 1.212244905562531055e+13
2.490258330249094031e-20, 1.412742338304069375e+14
2.907715708851964547e-20, 1.085525776898035938e+14
3.395154045186442600e-20, 1.615688348116858438e+14
3.964304679255259240e-20, 1.873165950350740625e+14
4.628865548014387372e-20, 1.439306990653653125e+14
5.404830858161902066e-20, 1.412431444030625938e+14
6.310876024011991138e-20, 1.755514912852444688e+14
7.368807134881180046e-20, 2.132879324219079375e+14
8.604085769467593336e-20, 2.502817000431429688e+14
1.004644178810475172e-19, 2.888419040516632500e+14
1.173058885116423403e-19, 3.193716609824421250e+14
1.369705988422578918e-19, 3.377699968305166250e+14
1.599318259743174272e-19, 4.483264279198531875e+14
1.867421853717413878e-19, 4.540936970435895000e+14
2.180469308404809387e-19, 5.340299464113111250e+14
2.545994840657364937e-19, 6.791442854204325000e+14
2.972795674613780767e-19, 8.512551323019338750e+14
3.471143767408655819e-19, 1.903193975474799104e+18
4.053033027769513840e-19, 1.462379984516523520e+18
4.732467977393484649e-19, 1.123666450541935232e+18
5.525800802412904732e-19, 8.634050694361402880e+17
6.452124906878854795e-19, 6.634249100954231040e+17
7.533734440045013057e-19, 5.097637562199574400e+17
8.796660857047170922e-19, 3.916932921890189440e+17
1.027129942656215233e-18, 3.009700734386296320e+17
1.199314076381365808e-18, 2.312599855857142720e+17
1.400362499497209111e-18, 1.776960091814921280e+17
1.635113911040676270e-18, 1.365384141102337920e+17
1.909218151042094247e-18, 1.049136590833425440e+17
2.229272177097818710e-18, 8.061376671161222400e+16
2.602978835535310412e-18, 6.194216692291577600e+16
3.039332248368829520e-18, 4.759524581988859200e+16
3.548834277815029616e-18, 3.657132995483804800e+16
4.143747278091769203e-18, 2.810075148528298400e+16
4.838389217561514039e-18, 2.159211149861862000e+16
5.649478274021606592e-18, 1.659098971829792800e+16
6.596535196630497956e-18, 1.274821778547593600e+16
7.702353118248023089e-18, 9.795501019851076000e+15
8.993546125318797605e-18, 7.526686619616816000e+15
1.050118978791184392e-17, 5.783370483563047000e+15
1.226156906576543473e-17, 4.443837752321789000e+15
1.431705159044002820e-17, 3.414564919381426500e+15
1.671710734114975772e-17, 2.623690206191384500e+15
1.951949925514886663e-17, 2.015996315955730500e+15
2.279167342748857588e-17, 1.549055271981532750e+15
2.661238235854156293e-17, 1.190266180876529250e+15
3.107358031653111131e-17, 9.145791031240162500e+14
3.628263643138282592e-17, 7.027461162133935000e+14
4.236491878316220397e-17, 5.399774630385828125e+14
4.946681167721122281e-17, 4.149089605228681875e+14
5.775923872374348195e-17, 3.188085749976341875e+14
6.744177651302501599e-17, 2.449667690086458750e+14
7.874745789132278381e-17, 1.882280547785760000e+14
9.194838043965264702e-17, 1.446310483218078438e+14
1.073622551364499575e-16, 1.111318935069089375e+14
1.253600528129948575e-16, 8.539174608588315625e+13
1.463749324313652303e-16, 6.561348024851764844e+13
1.709126660647493911e-16, 5.041621687876853906e+13
1.995638114815701302e-16, 3.873891332603788281e+13
2.330179252950391720e-16, 2.976628352125032812e+13
2.720801587507204238e-16, 2.287187632782470703e+13
3.176906355684263719e-16, 1.757433797141149414e+13
3.709470782113892190e-16, 1.350380487838055469e+13
4.331312271366239694e-16, 1.037608053799869922e+13
5.057396888673425339e-16, 7.972793468261883789e+12
5.905199553182014303e-16, 6.126150954088428711e+12
6.895124612624175452e-16, 4.707224094249650391e+12
8.050996921517614587e-16, 3.616946242354162598e+12
9.400635241836067561e-16, 2.779196370969730469e+12
1.097652176637426354e-15, 2.135484453145767822e+12
1.281658387844818299e-15, 1.640867805262740967e+12
1.496510696280042197e-15, 1.260813278402256836e+12
1.747380023663327855e-15, 9.687862226908034668e+11
2.040304125247816402e-15, 7.443978909112321777e+11
2.382332902476464009e-15, 5.719819367930330811e+11
2.781698075296781474e-15, 4.395006219281763916e+11
3.248011297693212803e-15, 3.377043648585485840e+11
3.792495484549381372e-15, 2.594859537267115784e+11
4.428254917260453338e-15, 1.993843349038857727e+11
5.170590628816885501e-15, 1.532033331057818604e+11
6.037368658836964984e-15, 1.177186827943913879e+11
7.049450041464057396e-15, 9.045291638190576172e+10
8.231192874789720272e-15, 6.950239237965586853e+10
9.611038555274013536e-15, 5.340438694204400635e+10
1.122219628626107451e-14, 4.103496940186436462e+10
1.310344233488316355e-14, 3.153053167035375977e+10
1.530005327333422790e-14, 2.422749284102101135e+10
1.786489566513994436e-14, 1.861596929282411575e+10
2.085969842226470568e-14, 1.430417563160307312e+10
2.435653845529604593e-14, 1.099107101442296600e+10
2.843957537234173260e-14, 8.445341077691323280e+09
3.320707697621301066e-14, 6.489248029145297050e+09
3.877378430820567309e-14, 4.986221349307260513e+09
4.527367315877207227e-14, 3.831322709907620430e+09
5.286317850727665526e-14, 2.943919388876155853e+09
6.172495949449466709e-14, 2.262054654333703041e+09
7.207229554069590400e-14, 1.738122069010235786e+09
8.415421941214433446e-14, 1.335541703642115593e+09
9.826151077522554733e-14, 1.026206199190018415e+09
1.147336944870571982e-13, 7.885183670297621489e+08
1.339672120527618000e-13, 6.058833162711716890e+08
1.564249629145710343e-13, 4.655498315385425687e+08
1.826474452061308525e-13, 3.577201085176634192e+08
2.132657641002332364e-13, 2.748656907789999247e+08
2.490168208261894248e-13, 2.112018479489145875e+08
2.907610479159630927e-13, 1.622836973600364923e+08
3.395031175191101639e-13, 1.246958711990723312e+08
3.964161211804007018e-13, 9.581406233060537279e+07
4.628698030228503768e-13, 7.362180040137065947e+07
5.404635258335326130e-13, 5.656966589765319973e+07
6.310647634578878334e-13, 4.346711276178619266e+07
7.368540459117346958e-13, 3.339934683835951239e+07
8.603774389199028282e-13, 2.566345676885484159e+07
1.004607820923932483e-12, 1.971933812102150917e+07
1.173016432332888215e-12, 1.515198437348015234e+07
1.369656419016833193e-12, 1.164251198722757958e+07
1.599260380711907916e-12, 8.945896592262938619e+06
1.867354272066798725e-12, 6.873865874242396094e+06
2.180390397624856683e-12, 5.281754776591048576e+06
2.545902701576178349e-12, 4.058405274472569581e+06
2.972688089689554387e-12, 3.118405542958065867e+06
3.471018147359357998e-12, 2.396126673577565234e+06
4.052886349255764866e-12, 1.841140594684700249e+06
4.732296710254901824e-12, 1.414699283963457681e+06
5.525600824706499793e-12, 1.087029458708697464e+06
6.451891405674874902e-12, 8.352538645457106177e+05
7.533461795592588149e-12, 6.417940311086826259e+05
8.796342507521895701e-12, 4.931429782617798191e+05
1.027092771014048268e-11, 3.789221856563448091e+05
1.199270673427324702e-11, 2.911569851175329532e+05
1.400311820638017854e-11, 2.237197852004733577e+05
1.635054736571430363e-11, 1.719022549637334305e+05
1.909149056791221305e-11, 1.320865976835109759e+05
2.229191500151088592e-11, 1.014929634942048287e+05
2.602884634213915806e-11, 7.798536580916038656e+04
3.039222255498335907e-11, 5.992255099276727560e+04
3.548705846160559437e-11, 4.604340930153088993e+04
4.143597316646138997e-11, 3.537892671432140924e+04
4.838214117152900590e-11, 2.718453030400839634e+04
5.649273820450414145e-11, 2.088810363911927925e+04
6.596296469244882950e-11, 1.605004275443570987e+04
7.702074371516900180e-11, 1.233256387797565367e+04
8.993220650552190613e-11, 9.476120041008365661e+03
1.050080975180062726e-10, 7.281280025799491341e+03
1.226112532185457416e-10, 5.594804475320387610e+03
1.431653345899774112e-10, 4.298947026642896162e+03
1.671650235213482158e-10, 3.303233494468720437e+03
1.951879284809018891e-10, 2.538145143765786997e+03
2.279084860105338701e-10, 1.950265030192167387e+03
2.661141926135866703e-10, 1.498548535466039084e+03
3.107245576942134500e-10, 1.151457713891400772e+03
3.628132336949815997e-10, 8.847593758234065717e+02
4.236338560460705138e-10, 6.798331746477429078e+02
4.946502148246891704e-10, 5.223715712777884619e+02
5.775714842760397404e-10, 4.013809102808421585e+02
6.743933580763869986e-10, 3.084138647587372475e+02
7.874460803542362888e-10, 2.369796608136313978e+02
9.194505284481391166e-10, 1.820909046461830485e+02
1.073583697163442448e-09, 1.399153726569857383e+02
1.253555160559284636e-09, 1.075084532298936750e+02
1.463696351497021232e-09, 8.260755981560228633e+01
1.709064807670563662e-09, 6.347416164658215365e+01
1.995565893042375731e-09, 4.877240298260786489e+01
2.330094924195305965e-09, 3.747583632443282653e+01
2.720703122202257710e-09, 2.879575789440801969e+01
3.176791384032336837e-09, 2.212614191008071884e+01
3.709336537054124696e-09, 1.700132907146380035e+01
4.331155521978282322e-09, 1.306351515645438610e+01
5.057213862417803832e-09, 1.003776984290912466e+01
5.904985845105158122e-09, 7.712841621302382045e+00
6.894875079342960596e-09, 5.926408635212705889e+00
8.050705557431865460e-09, 4.553745692705283510e+00
9.400295034589802586e-09, 3.499016201924034064e+00
1.097612452808688640e-08, 2.688581051185931603e+00
1.281612004865416702e-08, 2.065857272916105991e+00
1.496456537835437654e-08, 1.587367533583506907e+00
1.747316786304279705e-08, 1.219704632894700991e+00
2.040230287019851416e-08, 9.371990796273429458e-01
2.382246686290472952e-08, 7.201268988950150218e-01
2.781597406159238859e-08, 5.533325435171734252e-01
3.247893752766619457e-08, 4.251707639097939695e-01
3.792358234841027568e-08, 3.266935599605254592e-01
4.428094659536107595e-08, 2.510254494881625775e-01
5.170403506100775866e-08, 1.928834357749447115e-01
6.037150167584694934e-08, 1.482081592611642351e-01
7.049194923174215987e-08, 1.138804811482733992e-01
8.230894989445869222e-08, 8.750371134229799341e-02
9.610690733570848061e-08, 6.723627632646603236e-02
1.122179015705835130e-07, 5.166314416727653402e-02
1.310296812373474564e-07, 3.969702980410558246e-02
1.529949956724325201e-07, 3.050248297249771520e-02
1.786424913787846109e-07, 2.343755873118955751e-02
2.085894351364676277e-07, 1.800899814527400639e-02
2.435565699668571264e-07, 1.383778993009575700e-02
2.843854614938248337e-07, 1.063270863847079473e-02
3.320587521825467136e-07, 8.169981880179415235e-03
3.877238109214126943e-07, 6.277666979508180617e-03
4.527203471293543005e-07, 4.823646280197403484e-03
5.286126539864874544e-07, 3.706402953902018273e-03
6.172272567965604518e-07, 2.847933297491163623e-03
7.206968725768446012e-07, 2.188300669904256861e-03
8.415117388654812462e-07, 1.681450835285329317e-03
9.825795470937055071e-07, 1.291996547990560814e-03
1.147295422959284638e-06, 9.927468856002876277e-04
1.339623638041987889e-06, 7.628088328888309481e-04
1.564193019241686001e-06, 5.861285405816634136e-04
1.826408352289566483e-06, 4.503706175754762855e-04
2.132580460517753101e-06, 3.460566738040557586e-04
2.490078089536171985e-06, 2.659037175404925231e-04
2.907505253275528389e-06, 2.043156290691522630e-04
3.394908309642402768e-06, 1.569924507564135897e-04
3.964017749544815386e-06, 1.206300776844254906e-04
4.628530518505076199e-06, 9.268997979691965693e-05
5.404439665587494086e-06, 7.122125542675902300e-05
6.310419253411135426e-06, 5.472508493489926473e-05
7.368273793004429503e-06, 4.204976996094095579e-05
8.603463020199222133e-06, 3.231025824577529656e-05
1.004571464353174789e-05, 2.482657286059180058e-05
1.172973981085711423e-05, 1.907623311134267643e-05
1.369606851405000625e-05, 1.465777448456000806e-05
1.599202503775273322e-05, 1.126269445094151667e-05
1.867286692861943421e-05, 8.653975397373140960e-06
2.180311489700670832e-05, 6.649481673060355693e-06
2.545810565829488036e-05, 5.109209741761628953e-06
2.972580508658805780e-05, 3.925735951355531097e-06
3.470892531856226512e-05, 3.016320572929893850e-06
4.052739676050301244e-05, 2.317480163722825286e-06
4.732125449314459231e-05, 1.780455242338831385e-06
