# M_f [M_sun], P(M_f) [M_sun^-1]
3.355426787857400234e-25, 0.000000000000000000e+00
3.911652505143758048e-25, 0.000000000000000000e+00
4.560083199063886726e-25, 0.000000000000000000e+00
5.316003595677380045e-25, 0.000000000000000000e+00
6.197232154680015557e-25, 0.000000000000000000e+00
7.224541083875303900e-25, 0.000000000000000000e+00
8.422145979021678346e-25, 0.000000000000000000e+00
9.818276630783892592e-25, 0.000000000000000000e+00
1.144584245377741764e-24, 0.000000000000000000e+00
1.334320822311494521e-24, 0.000000000000000000e+00
1.555509840401867446e-24, 0.000000000000000000e+00
1.813365139124089360e-24, 0.000000000000000000e+00
2.113964850869085172e-24, 0.000000000000000000e+00
2.464394673909162856e-24, 0.000000000000000000e+00
2.872914895578817388e-24, 0.000000000000000000e+00
3.349155102719898938e-24, 0.000000000000000000e+00
3.904341169081111135e-24, 0.000000000000000000e+00
4.551559870189927640e-24, 0.000000000000000000e+00
5.306067363165150690e-24, 0.000000000000000000e+00
6.185648802917218596e-24, 0.000000000000000000e+00
7.211037571563583870e-24, 0.000000000000000000e+00
8.406404003081794177e-24, 0.000000000000000000e+00
9.799925123355945559e-24, 0.000000000000000000e+00
1.142444883545635492e-23, 0.000000000000000000e+00
1.331826820624366865e-23, 0.000000000000000000e+00
1.552602410568330836e-23, 0.000000000000000000e+00
1.809975747576928262e-23, 0.000000000000000000e+00
2.110013603300706197e-23, 0.000000000000000000e+00
2.459788432013121776e-23, 0.000000000000000000e+00
2.867545081605480075e-23, 0.000000000000000000e+00
3.342895140095494358e-23, 0.000000000000000000e+00
3.897043498760775480e-23, 0.000000000000000000e+00
4.543052472414611801e-23, 0.000000000000000000e+00
5.296149702633689900e-23, 0.000000000000000000e+00
6.174087101793673643e-23, 0.000000000000000000e+00
7.197559298895767048e-23, 0.000000000000000000e+00
8.390691450736218015e-23, 0.000000000000000000e+00
9.781607917041964598e-23, 0.000000000000000000e+00
1.140309520431035390e-22, 0.000000000000000000e+00
1.329337480518106140e-22, 0.000000000000000000e+00
1.549700415061211373e-22, 0.000000000000000000e+00
1.806592691198997314e-22, 0.000000000000000000e+00
2.106069741076194141e-22, 0.000000000000000000e+00
2.455190799721978298e-22, 0.000000000000000000e+00
2.862185304442568804e-22, 0.000000000000000000e+00
3.336646878073451126e-22, 0.000000000000000000e+00
3.889759468639831932e-22, 0.000000000000000000e+00
4.534560975960776476e-22, 0.000000000000000000e+00
5.286250579369789952e-22, 0.000000000000000000e+00
6.162547010841906233e-22, 0.000000000000000000e+00
7.184106218696126315e-22, 0.000000000000000000e+00
8.375008266988809979e-22, 0.000000000000000000e+00
9.763324947728996466e-22, 0.000000000000000000e+00
1.138178148559852146e-21, 0.000000000000000000e+00
1.326852793279672222e-21, 0.000000000000000000e+00
1.546803843723141989e-21, 0.000000000000000000e+00
1.803215958149154218e-21, 2.899988828299934692e+11
2.102133250391486635e-21, 2.229434315437911072e+11
2.450601760943344245e-21, 1.713886353067111816e+11
2.856835545330063135e-21, 1.317522998059622650e+11
3.330410294783934036e-21, 1.012798604500739136e+11
3.882489053223168623e-21, 7.785321428311422729e+10
4.526085351107068555e-21, 5.984369790442997742e+10
5.276369958725133131e-21, 4.599901918579222870e+10
6.151028489669875711e-21, 3.535929973515695190e+10
7.170678283876874558e-21, 2.717754900571243668e+10
8.359354396946227458e-21, 2.088837946329747772e+10
9.745076151424240088e-21, 7.635080950332077148e+12
1.136050760472003545e-20, 5.874503910590668945e+12
1.324372750212316441e-20, 5.042603712532005859e+12
1.543912686415697727e-20, 1.297459337255644219e+14
1.799845536608330213e-20, 1.025430224861709062e+14
2.098204117468286909e-20, 7.892580378778743750e+13
2.446021299614948793e-20, 7.658444447344923438e+13
2.851495785543101578e-20, 6.136196901537545312e+13
3.324185368398067586e-20, 1.181002669407782500e+14
3.875232227063295273e-20, 1.083293997019951562e+14
4.517625568187534888e-20, 8.377545340783032812e+13
5.266507806116157543e-20, 6.592285589653252344e+13
6.139531497961241988e-20, 6.479843322785836719e+13
7.157275447438468443e-20, 6.500162187571350781e+13
8.343729785817758715e-20, 5.948820649785192969e+13
9.726861464254266209e-20, 7.793566923659595312e+13
1.133927348721318637e-19, 6.038898603013235156e+13
1.321897342635523437e-19, 6.389819081135331250e+13
1.541026933019428484e-19, 8.339854638105089062e+13
1.796481414779605106e-19, 6.668908782589335938e+13
2.094282328554104639e-19, 5.680083963049778125e+13
2.441449399704524831e-19, 6.937958348125617969e+13
2.846166006391730325e-19, 6.237054838139426562e+13
3.317972077127720990e-19, 6.779138919682692969e+13
3.867988964760348480e-19, 7.392921042638268750e+13
4.509181597591821492e-19, 7.306670914938860938e+13
5.256664087023966689e-19, 7.279211499392806250e+13
6.128055995474868387e-19, 8.917635706521762500e+13
7.143897662469015009e-19, 8.331404508257337500e+13
8.328134378914969703e-19, 1.376389127568626250e+14
9.708680822465035426e-19, 1.542196786688662188e+14
1.131807905875562876e-18, 1.530173017565472188e+14
1.319426561885035469e-18, 1.465582371271950000e+14
1.538146573433785306e-18, 1.608671094029170625e+14
1.793123580888051368e-18, 1.790392350575585938e+14
2.090367869922119062e-18, 1.568426438651120000e+14
2.436886045209810308e-18, 1.493970800807909375e+14
2.840846189221018720e-18, 1.913077950727712500e+14
3.311770399225516642e-18, 3.905586877593330000e+14
3.860759240961861678e-18, 3.341252061976425625e+14
4.500753409764791366e-18, 3.062456133526771875e+14
5.246838766994097329e-18, 2.679807511391827812e+14
6.116601942044836815e-18, 2.508825681792832188e+14
7.130544882144415247e-18, 2.261196397065029688e+14
8.312568121651848918e-18, 2.278737206007066562e+14
9.690534162421824033e-18, 2.468568010729208438e+14
1.129692424516384167e-17, 2.539309906807705625e+14
1.316960399312767720e-17, 2.408421029494207812e+14
1.535271597577124804e-17, 2.375530957181242812e+14
1.789772023180807986e-17, 2.320207334215459062e+14
2.086460727871183662e-17, 2.324457873214660625e+14
2.432331220158403752e-17, 2.389249626630847188e+14
2.835536315410825541e-17, 2.465249276015133438e+14
3.305580312984669861e-17, 2.551803658457839375e+14
3.853543030362754872e-17, 2.742337785723221562e+14
4.492340975206621965e-17, 2.935926113121526250e+14
5.237031811636613227e-17, 3.086797973838335000e+14
6.105169297580401090e-17, 3.325572286225098750e+14
7.117217059728034926e-17, 3.467659133124365625e+14
8.297030959544278084e-17, 3.717030750427348750e+14
9.672421420608857528e-17, 3.908285387087110000e+14
1.127580897239314514e-16, 4.105550728213439375e+14
1.314498846286807483e-16, 4.257818947564672500e+14
1.532401995386608697e-16, 4.423079703276921250e+14
1.786426729926930790e-16, 4.594795356423218750e+14
2.082560888725732025e-16, 4.703728621995161875e+14
2.427784908607758797e-16, 4.745807301754977500e+14
2.830236366375858989e-16, 4.740764399403438125e+14
3.299401796739057673e-16, 4.683337565459641250e+14
3.846340307705324759e-16, 4.515809802952258750e+14
4.483944264472611447e-16, 4.379829763080659375e+14
5.227243186625783884e-16, 4.159458354401766875e+14
6.093758022065750218e-16, 3.896438737501470000e+14
7.103914148570712565e-16, 3.603510017875498750e+14
8.281522838210022540e-16, 3.259020954791491250e+14
9.654342533628874298e-16, 2.896736614628780625e+14
1.125473316653697713e-15, 2.522870919320879688e+14
1.312041894191368240e-15, 2.147273113626763750e+14
1.529537756818232692e-15, 1.802739350497148125e+14
1.783087689417430532e-15, 1.485887738328751562e+14
2.078668338835796133e-15, 1.209884974809372031e+14
2.423247094645175308e-15, 9.759120799495898438e+13
2.824946323565552047e-15, 7.775481647635453125e+13
3.293234828862978084e-15, 6.160514272945713281e+13
3.839151047779015648e-15, 4.840738517549345312e+13
4.475563248173091922e-15, 3.782058761294355469e+13
5.217472857700026563e-15, 2.941975203466767969e+13
6.082368075559743966e-15, 2.283840729596119141e+13
7.090636102110302607e-15, 1.768754722227077734e+13
8.266043703368446947e-15, 1.368887104549699414e+13
9.636297438203272734e-15, 1.056387806077330664e+13
1.123369675382710986e-14, 8.159106808080189453e+12
1.309589534426777824e-14, 6.293737528821561523e+12
1.526678871846762661e-14, 4.849657377140633789e+12
1.779754889965197355e-14, 3.738126466738203613e+12
2.074783064576904948e-14, 2.878735013140190918e+12
2.418717762387663204e-14, 2.216381719243626953e+12
2.819666168464013410e-14, 1.705956655598815186e+12
3.287079387771191714e-14, 1.313066439742268311e+12
3.831975225420416783e-14, 1.010728225107557251e+12
4.467197896973330425e-14, 7.779352512677900391e+11
5.207720790661838996e-14, 5.987527655613137207e+11
6.070999418196005931e-14, 4.608363623509240723e+11
7.077382873871806902e-14, 3.546834096076378174e+11
8.250593500840439774e-14, 2.729795063015375061e+11
9.618286071171705142e-14, 2.100941686793931274e+11
1.121269966063314502e-13, 1.616935910845813599e+11
1.307141758409427818e-13, 1.244418132017411957e+11
1.523825330465693699e-13, 9.577113427674613953e+10
1.776428319904964434e-13, 7.370510545152120972e+10
2.070905052350044483e-13, 5.672246134512731934e+10
2.414196895981914013e-13, 4.365229718744120026e+10
2.814395882589958426e-13, 3.359337312164762115e+10
3.280935451918776345e-13, 2.585202428794273376e+10
3.824812815513124879e-13, 1.989435209254896927e+10
4.458848181593423731e-13, 1.530944126623950005e+10
5.197986951377594796e-13, 1.178102564070429230e+10
6.059652010182616037e-13, 9.065694165914583206e+09
7.064154417467067175e-13, 6.976106231580389023e+09
8.235172176548091519e-13, 5.368081811895140648e+09
9.600308369491819029e-13, 4.130656814083662510e+09
1.119174181346230586e-12, 3.178432946497352600e+09
1.304698557571760765e-12, 2.445686048838978767e+09
1.520977122687233506e-12, 1.881837863066135406e+09
1.773107967593269847e-12, 1.447962725792984486e+09
2.067034288581631930e-12, 1.114105056201622248e+09
2.409684479604264646e-12, 8.572126314134348631e+08
2.809135447496646608e-12, 6.595448130857224464e+08
3.274802999801101691e-12, 5.074504217160311937e+08
3.817663792987708718e-12, 3.904236367057508826e+08
4.450514072808195253e-12, 3.003805844180937409e+08
5.188271305777502773e-12, 2.311004883978491127e+08
6.048325811802063474e-12, 1.777964010844080448e+08
7.050950686594628962e-12, 1.367848746798911095e+08
8.219779676514615920e-12, 1.052316005159867406e+08
9.582364270239151906e-12, 8.095563192666544020e+07
1.117082313895918462e-11, 6.227888165431141853e+07
1.302259923362230879e-11, 4.791011880763518065e+07
1.518134238542254657e-11, 3.685584195925964415e+07
1.769793821408414235e-11, 2.835161269705483690e+07
2.063170759723450032e-11, 2.180930991949469596e+07
2.405180497460624204e-11, 1.677638415011550300e+07
2.803884844771816426e-11, 1.290467290323837660e+07
3.268682009953723316e-11, 9.926312751329725608e+06
3.810528132821584611e-11, 7.635208701233835891e+06
4.442195541447093477e-11, 5.872810266852742992e+06
5.178573819855437101e-11, 4.517135106330139562e+06
6.037020783411065800e-11, 3.474333549985858146e+06
7.037771635039578194e-11, 2.672219670730568469e+06
8.204415946864102294e-11, 2.055248669542094227e+06
9.564453710606838180e-11, 1.580694120416806312e+06
1.114994356390548286e-10, 1.215690198132496793e+06
1.299825847245275942e-10, 9.349521894294769736e+05
1.515296668080263862e-10, 7.190299970199642703e+05
1.766485869750420971e-10, 5.529621563067159150e+05
2.059314452252606231e-10, 4.252409719765357440e+05
2.400684933786423458e-10, 3.270134047204129747e+05
2.798644056037621084e-10, 2.514703247574313718e+05
3.262572460952317461e-10, 1.933740548951383098e+05
3.803405810038949814e-10, 1.486962699532359256e+05
4.433892558394101641e-10, 1.143383675239993318e+05
5.168894459668836318e-10, 8.791719934590307821e+04
6.025736885440446790e-10, 6.759978887968370691e+04
7.024617216673400841e-10, 5.197640032434576278e+04
8.189080933821340980e-10, 3.996292065202284721e+04
9.546576627905424018e-10, 3.072533870815637056e+04
1.112910301521978132e-09, 2.362246789476439153e+04
1.297396320701288100e-09, 1.816105086137323087e+04
1.512464401369368887e-09, 1.396190652579865309e+04
1.763184101040997877e-09, 1.073334458899859237e+04
2.055465352671481844e-09, 8.251097399648937426e+03
2.396197772846563252e-09, 6.342722883744232604e+03
2.793413062950570365e-09, 4.875534942283981763e+03
3.256474331412598335e-09, 3.747605438471465277e+03
3.796296799710642321e-09, 2.880510184042566380e+03
4.425605094587583618e-09, 2.213947296063374779e+03
5.159233191338581016e-09, 1.701542292761082308e+03
6.014474078394955481e-09, 1.307667944645527768e+03
7.011487385453768934e-09, 1.004892755544792294e+03
8.173774583711631088e-09, 7.721689307369961170e+02
9.528732959562532699e-09, 5.933115683832394325e+02
1.110830141995716601e-08, 4.558393016475223476e+02
1.294971335226582697e-08, 3.501841800874478281e+02
1.509637428496232318e-08, 2.689909711593172688e+02
1.759888503723487753e-08, 2.065938047277462886e+02
2.051623447507689282e-08, 1.586493414050277693e+02
2.391718998935330147e-08, 1.218127503051810976e+02
2.788191847201435563e-08, 9.350887870606638330e+01
3.250387599990276121e-08, 7.176157700264492689e+01
3.789201076954181644e-08, 5.505633821553922047e+01
4.417333121020300245e-08, 4.222785992415463596e+01
5.149589981048896566e-08, 3.237912972066803974e+01
6.003232322853198879e-08, 2.481774499989730742e+01
6.998382095424388805e-08, 1.901242604064197295e+01
8.158496842960602050e-08, 1.455866216140106317e+01
9.510922643122954979e-08, 1.113877130371096058e+01
1.108753870530924548e-07, 8.516576865577208721e+00
1.292550882333375955e-07, 6.508067132497291851e+00
1.506815739566055910e-07, 4.966177745894430728e+00
1.756599066262825846e-07, 3.786567122388003082e+00
2.047788723314019805e-07, 2.884148827457749587e+00
2.387248596376421741e-07, 2.193583995506006357e+00
2.782980390515258918e-07, 1.666520410862195822e+00
3.244312245380930260e-07, 1.263116959409283258e+00
3.782118616933495897e-07, 9.556984078221486545e-01
4.409076608739116095e-07, 7.216728956254598870e-01
5.139964795047128495e-07, 5.433225696057109033e-01
5.992011579467452228e-07, 4.074361057863116198e-01
6.985301300715003711e-07, 3.048042398554802745e-01
8.143247658094044902e-07, 2.271365402421797464e-01
9.493145616247966447e-07, 1.684255301936353200e-01
1.106681479860344254e-06, 1.243591018155522782e-01
1.290134953549726917e-06, 9.133481154278672021e-02
1.503999324702531460e-06, 6.658399132545039789e-02
1.753315777145544996e-06, 4.825163484879280845e-02
2.043961166668409568e-06, 3.469090637381407743e-02
2.382786549522770622e-06, 2.473166434027556163e-02
2.777778674651168692e-06, 1.744463121326310720e-02
3.238248246319932887e-06, 1.216817225588484597e-02
3.775049394858996537e-06, 8.384217614305437480e-03
4.400835528845154641e-06, 5.683664570993202970e-03
5.130357599643861158e-06, 3.814609002526003333e-03
5.980811808963541520e-06, 2.523891960654626055e-03
6.972244955540883526e-06, 1.640353958239420314e-03
8.128026975737574330e-06, 1.041388433181146198e-03
9.475401816715515592e-06, 6.401345016512238100e-04
1.104612962730335639e-05, 3.853739912735166108e-04
1.287723540419566570e-05, 2.267079653372513343e-04
1.501188174047812092e-05, 1.265611978489671865e-04
1.750038624879643402e-05, 7.155883881520048073e-05
2.040140764173846969e-05, 3.610376536321552971e-05
2.378332842756597523e-05, 1.377313029623387522e-05
2.772586681402478678e-05, 4.375998194047610157e-06
