# Columns: R_MC [pc], P(R_MC) [1/pc], Cross-section weighted P(R_MC) [1/pc]
1.025651926251407861e-11, 3.316276433868657914e+05, 4.525140419737136881e+02
1.078946722229829815e-11, 4.934931258307099342e+05, 7.083742683266585800e+02
1.135010815672316663e-11, 4.217752655164017924e+05, 6.368880912755265626e+02
1.193988104464273125e-11, 4.708879243798687821e+05, 7.479971512551867363e+02
1.256029963694872804e-11, 6.073378204545273911e+05, 1.014876288578836125e+03
1.321295634186573788e-11, 5.190752557072805357e+05, 9.124593269831153748e+02
1.389952631213352601e-11, 5.857528397152996622e+05, 1.083173487042447050e+03
1.462177174456718478e-11, 5.006271547998377355e+05, 9.738643629308375012e+02
1.538154640303035716e-11, 4.987518866653610603e+05, 1.020631807305956954e+03
1.618080037643067682e-11, 5.700444246629670961e+05, 1.227138976452562474e+03
1.702158508394953640e-11, 6.998711427069022320e+05, 1.584906555731007984e+03
1.790605854035294846e-11, 5.981609906836588634e+05, 1.424965061416600747e+03
1.883649089489798225e-11, 7.901643189645881066e+05, 1.980177524017584574e+03
1.981527025805096908e-11, 8.363408347559154499e+05, 2.204807245666072049e+03
2.084490883097288542e-11, 9.341929882415205939e+05, 2.590744435313503345e+03
2.192804935350449494e-11, 9.506878095358972205e+05, 2.773489809626629722e+03
2.306747188720071646e-11, 1.189131273298695218e+06, 3.649380644705500799e+03
2.426610095082419209e-11, 1.466252674994249595e+06, 4.733680392469614162e+03
2.552701302661247069e-11, 1.625455581715418957e+06, 5.520342337836878869e+03
2.685344445658503549e-11, 1.775695418075041380e+06, 6.343956697487360543e+03
2.824879974915704763e-11, 1.569868623920101207e+06, 5.900053093208204700e+03
2.971666031738025020e-11, 1.465616365997654619e+06, 5.794471564721595314e+03
3.126079367123955679e-11, 1.384760524976878194e+06, 5.759292984407140466e+03
3.288516308759833167e-11, 1.693608081372579327e+06, 7.409833216755175272e+03
3.459393778261224212e-11, 1.584135921129597118e+06, 7.291032400493420937e+03
3.639150361272071167e-11, 1.655271060684402240e+06, 8.014322874301604315e+03
3.828247433168220594e-11, 1.628165203548855614e+06, 8.292726962823886424e+03
4.027170343254586841e-11, 1.982280717658084817e+06, 1.062099735070619136e+04
4.236429660495408969e-11, 2.010385003422582289e+06, 1.133132487723957820e+04
4.456562483975033441e-11, 2.014860398938353639e+06, 1.194669553750347040e+04
4.688133821452655254e-11, 1.938515361686078366e+06, 1.209131492212257763e+04
4.931738039549364670e-11, 2.110595994602404535e+06, 1.384876104716097143e+04
5.188000389289609384e-11, 2.441066611670325045e+06, 1.684950118707602087e+04
5.457578610912699557e-11, 2.417815806140098721e+06, 1.755627275915176142e+04
5.741164622073268011e-11, 2.409680349185924046e+06, 1.840646206629243170e+04
6.039486293763794275e-11, 2.235661024840257596e+06, 1.796464787618816263e+04
6.353309318517436562e-11, 2.161464171843716409e+06, 1.827101865038181131e+04
6.683439175686149603e-11, 2.253330991947309580e+06, 2.003741893440442436e+04
7.030723198838341702e-11, 2.283109626857320778e+06, 2.135726958887337241e+04
7.396052750582374558e-11, 2.121579954159091227e+06, 2.087760405178497967e+04
7.780365510398024982e-11, 2.078913574797575595e+06, 2.152088350830050331e+04
8.184647881347885976e-11, 2.066144768664597999e+06, 2.250022923278673625e+04
8.609937521845998927e-11, 1.925551855419733329e+06, 2.205891149733942802e+04
9.057326008981998694e-11, 2.008145241036726395e+06, 2.420063620054056446e+04
9.527961640236521090e-11, 2.094418851852417924e+06, 2.655205566707474281e+04
1.002305238077900488e-10, 2.366148913727094885e+06, 3.155584303842507870e+04
1.054386896391260237e-10, 2.556903254047136288e+06, 3.587197372206622094e+04
1.109174815262403146e-10, 2.738414556045204867e+06, 4.041509502911962045e+04
1.166809617060962959e-10, 2.833093960742827505e+06, 4.398544591432820744e+04
1.227439231158405997e-10, 2.716666750618948136e+06, 4.436987313452391390e+04
1.291219273613533562e-10, 2.739959253501991276e+06, 4.707603965092749422e+04
1.358313446587154174e-10, 2.686699203839865047e+06, 4.856004336385967326e+04
1.428893958511103824e-10, 2.817232267916825600e+06, 5.356573832323813258e+04
1.503141966090024084e-10, 2.916323332943773363e+06, 5.833171774913417903e+04
1.581248039270385857e-10, 3.010848134341395460e+06, 6.335236572000214801e+04
1.663412650370169698e-10, 3.252573646153568756e+06, 7.199565266379775130e+04
1.749846688624654551e-10, 3.707028006777390372e+06, 8.631979822576467996e+04
1.840772001468954491e-10, 4.265212307251398452e+06, 1.044794552216576267e+05
1.936421963946606826e-10, 4.630806986514409073e+06, 1.193309004895753460e+05
2.037042077705718970e-10, 5.089464546756653115e+06, 1.379668138708679180e+05
2.142890601120060623e-10, 5.672086161482023075e+06, 1.617079478473515192e+05
2.254239212152432687e-10, 6.071343140434579924e+06, 1.820707541196734819e+05
2.371373705661655168e-10, 6.652930964310279116e+06, 2.098993725637538882e+05
2.494594726942950709e-10, 7.119915163892694749e+06, 2.363229559691446193e+05
2.624218543384439019e-10, 7.774588602954733185e+06, 2.714803402915259940e+05
2.760577856220344782e-10, 8.441166916367631406e+06, 3.100906521818251931e+05
2.904022654464451017e-10, 9.586648905348099768e+06, 3.704906545634199865e+05
3.054921113215515548e-10, 1.024614449503086694e+07, 4.165716043475986808e+05
3.213660538640321425e-10, 1.117989043602997437e+07, 4.781726377545679570e+05
3.380648362059815113e-10, 1.230748041960765608e+07, 5.537749268193851458e+05
3.556313185689847556e-10, 1.334180515519748814e+07, 6.315307580205167178e+05
3.741105882720528966e-10, 1.453822381422432140e+07, 7.239468382898408454e+05
3.935500754557772142e-10, 1.600554830983792432e+07, 8.384577416645172052e+05
4.139996748197304272e-10, 1.741435862507143617e+07, 9.596950121825522510e+05
4.355118736855688095e-10, 1.913979479138609767e+07, 1.109630527091966011e+06
4.581418867145339649e-10, 2.147836014619509131e+07, 1.309959863076112699e+06
4.819477976251271319e-10, 2.383849400176742300e+07, 1.529507994568814524e+06
5.069907082747033666e-10, 2.609551203661209717e+07, 1.761389049282434629e+06
5.333348954876202279e-10, 2.858467285938618705e+07, 2.029737416727812262e+06
5.610479760324701077e-10, 3.138200443012531847e+07, 2.344256816258582752e+06
5.902010801718442306e-10, 3.479510099907285720e+07, 2.734395213459728286e+06
6.208690342300637909e-10, 3.843253224452624470e+07, 3.177325486080867704e+06
6.531305526474729939e-10, 4.243254654044445604e+07, 3.690474838246487547e+06
6.870684400142317101e-10, 4.638401381327383220e+07, 4.243975928344828077e+06
7.227698036021688210e-10, 5.131168383614755422e+07, 4.939049195860494860e+06
7.603262769401807175e-10, 5.628702301801656932e+07, 5.699791748456073925e+06
7.998342550070276743e-10, 6.204238272291915864e+07, 6.609429839705862105e+06
8.413951416451946904e-10, 6.777703622235867381e+07, 7.595986484513698146e+06
8.851156098308355951e-10, 7.386689146017964184e+07, 8.709211718738121912e+06
9.311078754678309670e-10, 8.023951190364231169e+07, 9.952732435221126303e+06
9.794899854086980821e-10, 8.704603500682739913e+07, 1.135884462572768703e+07
1.030386120441616095e-09, 9.389619489174845815e+07, 1.289037799062797427e+07
1.083926914021204014e-09, 1.009636241623962969e+08, 1.458198332091149874e+07
1.140249787561167319e-09, 1.083000626950589120e+08, 1.645568669981695525e+07
1.199499303149378128e-09, 1.157726607743901908e+08, 1.850677292165169865e+07
1.261827534590670558e-09, 1.229901614342683852e+08, 2.068397045436356589e+07
1.327394457729740273e-09, 1.304205977150082886e+08, 2.307549375607922673e+07
1.396368361055936317e-09, 1.372138541774196923e+08, 2.554148398347658664e+07
1.468926277643866174e-09, 1.437106466071020365e+08, 2.814379430243947357e+07
1.545254439538414134e-09, 1.501491094120218456e+08, 3.093601195874205232e+07
1.625548755750481709e-09, 1.557970128926006854e+08, 3.377155059240548313e+07
1.710015315090286320e-09, 1.611542569244653285e+08, 3.675247131585228443e+07
1.798870915128787322e-09, 1.648977575925980210e+08, 3.956530044156677276e+07
1.892343618644975688e-09, 1.679786470166656971e+08, 4.240454204654138535e+07
1.990673338987188583e-09, 1.699601875658461452e+08, 4.514057396728767455e+07
2.094112455850895670e-09, 1.710345539364695847e+08, 4.779345988293819129e+07
2.202926463053456075e-09, 1.713045714954127967e+08, 5.036416417962340266e+07
2.317394649968475145e-09, 1.706600759457099438e+08, 5.279054971416415274e+07
2.437810818368750009e-09, 1.687103355104461908e+08, 5.490870482925728709e+07
2.564484036517716058e-09, 1.659338434925248325e+08, 5.682162219412153214e+07
2.697739432444920460e-09, 1.625476959206023812e+08, 5.856561451734337956e+07
2.837919028441557893e-09, 1.583295363474555314e+08, 6.002212359241029620e+07
2.985382618917963357e-09, 1.533738271340840459e+08, 6.117764052373723686e+07
3.140508693876216431e-09, 1.477130591395835578e+08, 6.199507201950055361e+07
3.303695410368142213e-09, 1.418885721508476436e+08, 6.265958366486913711e+07
3.475361614432053799e-09, 1.358324221410323977e+08, 6.311761823242877424e+07
3.655947916131246718e-09, 1.294872197178385258e+08, 6.331209220091535896e+07
3.845917820453534961e-09, 1.228679045988513529e+08, 6.321448872574195266e+07
4.045758916974428963e-09, 1.164503357707115263e+08, 6.304395606880748272e+07
4.255984131337434845e-09, 1.097952077567172348e+08, 6.254852349269047379e+07
4.477133041763623226e-09, 1.031831414749294519e+08, 6.185573812760911882e+07
4.709773263969519825e-09, 9.659306738622456789e+07, 6.093433165065687150e+07
4.954501908047895353e-09, 9.020997621879902482e+07, 5.988567931030347943e+07
5.211947111050799924e-09, 8.400027000596241653e+07, 5.868258892131212354e+07
5.482769649208535777e-09, 7.801535370797319710e+07, 5.735576717888175696e+07
5.767664633922509555e-09, 7.228003150494633615e+07, 5.592325626407054067e+07
6.067363295885059185e-09, 6.671600889738100022e+07, 5.432382415460145473e+07
6.382634861905482558e-09, 6.150045701433202624e+07, 5.270289153532494605e+07
6.714288529259509001e-09, 5.646173342653787136e+07, 5.092326115770684928e+07
7.063175542629608811e-09, 5.178701191874454916e+07, 4.915858199454464018e+07
7.430191378967006415e-09, 4.735550483245652169e+07, 4.731257529830244184e+07
7.816278045883292923e-09, 4.319147686470909417e+07, 4.541961958183082193e+07
8.222426499470713005e-09, 3.930209679993966967e+07, 4.350235535337257385e+07
8.649679187756937814e-09, 3.565317039734400809e+07, 4.153935355104462057e+07
9.099132726322508595e-09, 3.225722398532737419e+07, 3.956094591061062366e+07
9.571940712948442686e-09, 2.908976202795106173e+07, 3.755538352301006019e+07
1.006931668851804562e-08, 2.617939518483768776e+07, 3.557942914537612349e+07
1.059253725177287621e-08, 2.346589049941366911e+07, 3.357372079346468300e+07
1.114294533591729230e-08, 2.098450011614689976e+07, 3.160826500587448105e+07
1.172195365548130236e-08, 1.871243817500121146e+07, 2.967490670034070313e+07
1.233104833228909634e-08, 1.663577459112588689e+07, 2.777647918552269042e+07
1.297179270983955861e-08, 1.477878813339215331e+07, 2.598168553400978073e+07
1.364583136588923983e-08, 1.307446098765981197e+07, 2.420286208030597493e+07
1.435489433353654691e-08, 1.155256456993623078e+07, 2.251940329087809473e+07
1.510080154164146180e-08, 1.018281223587224074e+07, 2.090277334942017496e+07
1.588546748597777465e-08, 8.949773515391647816e+06, 1.934769288985495269e+07
1.671090614310706979e-08, 7.843197513715070672e+06, 1.785729500616316125e+07
1.757923613958693077e-08, 6.869169535859886557e+06, 1.647243355543536134e+07
1.849268618978079709e-08, 6.013057551956555806e+06, 1.518821686948115379e+07
1.945360081622663184e-08, 5.247369400124322623e+06, 1.396172836100330949e+07
2.046444636724671542e-08, 4.567473535174762830e+06, 1.280231673651068285e+07
2.152781734724369502e-08, 3.973045915370220784e+06, 1.173229292073305510e+07
2.264644307593057319e-08, 3.453164964955543634e+06, 1.074375245659695566e+07
2.382319469358689039e-08, 2.994757727271643467e+06, 9.817792935995798558e+06
2.506109253032113907e-08, 2.592220520326750353e+06, 8.955161759844254702e+06
2.636331385825381413e-08, 2.242054276857490651e+06, 8.162711954861043952e+06
2.773320104651840969e-08, 1.939281665085922927e+06, 7.441413704427342862e+06
2.917427014001165809e-08, 1.675434419924139045e+06, 6.776562331746342592e+06
3.069021988391154998e-08, 1.445598575179736596e+06, 6.163684038829802535e+06
3.228494121712631338e-08, 1.247347747775892261e+06, 5.607071812511559576e+06
3.396252725904081622e-08, 1.074838148018873530e+06, 5.094422523915448226e+06
3.572728381519288657e-08, 9.272205374245989369e+05, 4.634339972210207023e+06
3.758374042884442742e-08, 7.981394832085256930e+05, 4.207155501463197172e+06
3.953666200681278862e-08, 6.868587858225230593e+05, 3.818884601289310958e+06
4.159106104940218542e-08, 5.914242946808098350e+05, 3.468841493083513808e+06
4.375221051582515913e-08, 5.088265189571160590e+05, 3.148696350424376316e+06
4.602565735813553354e-08, 4.367229524458491360e+05, 2.851708069464785513e+06
4.841723675840988696e-08, 3.751452366559142829e+05, 2.585244236006972380e+06
5.093308710571952695e-08, 3.223559176172976731e+05, 2.344816790929321665e+06
5.357966575133417533e-08, 2.762977647743973648e+05, 2.121743336179623846e+06
5.636376558259543076e-08, 2.372709773419644334e+05, 1.923873664269946283e+06
5.929253245799994260e-08, 2.036510642814878083e+05, 1.743863929038654082e+06
6.237348354824184070e-08, 1.746302287815502204e+05, 1.579502190343397669e+06
6.561452663029043443e-08, 1.495097887268280319e+05, 1.428662897535524564e+06
6.902398038402412175e-08, 1.281108732735496596e+05, 1.293580678345025983e+06
7.261059574351543687e-08, 1.097009900579267851e+05, 1.170731420140516944e+06
7.638357835776907026e-08, 9.391152694378704473e+04, 1.059498884083857061e+06
8.035261221856177783e-08, 8.030839837643557985e+04, 9.580255751320527634e+05
8.452788451602899226e-08, 6.879152778917856631e+04, 8.679393898739406141e+05
8.892011178579481813e-08, 5.882671736612351378e+04, 7.851910713521803264e+05
9.354056741475511679e-08, 5.034486817325330776e+04, 7.110736221633390523e+05
9.840111057611325498e-08, 4.313372994030545669e+04, 6.448397170936310431e+05
1.035142166679343147e-07, 3.689359550802270678e+04, 5.839591818341217004e+05
1.088930093333433319e-07, 3.154113867015574215e+04, 5.287271803378210170e+05
1.145512941445534903e-07, 2.697459535946370306e+04, 4.790300485371255199e+05
1.205035940371795992e-07, 2.307672488401451119e+04, 4.342813738131215796e+05
1.267651865857844781e-07, 1.972305439679638221e+04, 3.934604152763572638e+05
1.333521432163324045e-07, 1.688293029722352003e+04, 3.571496520835232805e+05
1.402813704561957486e-07, 1.442938520535568387e+04, 3.237998052142219967e+05
1.475706533275893077e-07, 1.233240638556554768e+04, 2.936695824395809905e+05
1.552387009958081715e-07, 1.054523617618457320e+04, 2.665699160186797380e+05
1.633051947894334705e-07, 9.012728962853227131e+03, 2.419476736895093636e+05
1.717908387157587761e-07, 7.702936378163096379e+03, 2.196867008005052921e+05
1.807174126010925653e-07, 6.583491980129871081e+03, 1.995554009023536637e+05
1.901078279923299666e-07, 5.626733043687678219e+03, 1.813451866175743344e+05
1.999861869632742842e-07, 4.809016983765253826e+03, 1.648681773098353879e+05
2.103778439766472978e-07, 4.110137120524528655e+03, 1.499551280307032284e+05
2.213094709605636295e-07, 3.512823349666551621e+03, 1.364535664618798473e+05
2.328091257665007940e-07, 3.002315378808512378e+03, 1.242261169173706585e+05
2.449063241844743992e-07, 2.565997984124581308e+03, 1.131489925798138866e+05
2.576321157002572855e-07, 2.193089274033713991e+03, 1.031106390422342229e+05
2.710191631890842058e-07, 1.874374256580940255e+03, 9.401051393222625484e+04
2.851018267503907082e-07, 1.601977126663636227e+03, 8.575798892931448063e+04
2.999162518987646980e-07, 1.369166646064986253e+03, 7.827136186534281296e+04
3.155004623374623941e-07, 1.170189807017418389e+03, 7.147696783780452097e+04
3.318944575526103405e-07, 1.000129668936019584e+03, 6.530837938104481873e+04
3.491403154785858900e-07, 8.547838553095233465e+02, 5.970568674297697726e+04
3.672823004980842474e-07, 7.305607082680729718e+02, 5.461485021625281661e+04
3.863669770540689493e-07, 6.243905346947422004e+02, 4.998711728393037629e+04
4.064433291652127549e-07, 5.336497506697684230e+02, 4.577849806820632512e+04
4.275628861515860074e-07, 4.560960497729735721e+02, 4.194929322653326381e+04
4.497798548932875053e-07, 3.898129931800115742e+02, 3.846366902874944935e+04
4.731512589614802628e-07, 3.331626523126716393e+02, 3.528927487900861161e+04
4.977370849789355307e-07, 2.847451337904364550e+02, 3.239689902289562451e+04
5.236004365857494849e-07, 2.433639864928211409e+02, 2.976015860788523423e+04
5.508076964054029391e-07, 2.079966359153530391e+02, 2.735522065282147742e+04
5.794286964268809173e-07, 1.777691152066535381e+02, 2.516055082602616676e+04
6.095368972401687385e-07, 1.519344684704348083e+02, 2.315668724551745254e+04
6.412095765851608593e-07, 1.298542926453566793e+02, 2.132603679303163517e+04
6.745280276979215670e-07, 1.109829618528636388e+02, 1.965269168822155189e+04
7.095777679633887827e-07, 9.485414437028271095e+01, 1.812226429340945469e+04
7.464487584100661313e-07, 8.106927904944934937e+01, 1.672173832421840780e+04
7.852356346100710336e-07, 6.928772642728679898e+01, 1.543933482609547173e+04
8.260379495771783370e-07, 5.921835114040833048e+01, 1.426439143825442625e+04
8.689604292863010418e-07, 5.061232764588359601e+01, 1.318725361877185424e+04
9.141132414702490036e-07, 4.325699146302757470e+01, 1.219917663474198525e+04
9.616122783836638888e-07, 3.697058399538668994e+01, 1.129223724286032484e+04
1.011579454259898283e-06, 3.159776107195617456e+01, 1.045925409344051513e+04
1.064143018224315170e-06, 2.700575422046983221e+01, 9.693715988463334725e+03
1.119437883467150232e-06, 2.308108980728040294e+01, 8.989717208834970734e+03
1.177605973520806597e-06, 1.972678497866229463e+01, 8.341899209223360231e+03
1.238796586530369050e-06, 1.685995110418350507e+01, 7.745398044044289236e+03
1.303166778452298707e-06, 1.440974550781800900e+01, 7.195796957056902102e+03
1.370881766164852098e-06, 1.231562086528923139e+01, 6.689083618896048392e+03
1.442115351524868011e-06, 1.052582900957459522e+01, 6.221611550714395889e+03
1.517050367459335277e-06, 8.996142180834631574e+00, 5.790065323414834893e+03
1.595879147236730565e-06, 7.688760102635407989e+00, 5.391429148076163074e+03
1.678804018122558985e-06, 6.571375899472520210e+00, 5.022958533467884081e+03
1.766037820686164116e-06, 5.616377755202966782e+00, 4.682154697138356823e+03
1.857804455091697021e-06, 4.800166597674651925e+00, 4.366741466073994161e+03
1.954339455775392327e-06, 4.102572933566261071e+00, 4.074644409533031194e+03
2.055890595984140433e-06, 3.506358442666366315e+00, 3.803971999173695622e+03
2.162718523727020259e-06, 2.996789995817276786e+00, 3.552998580877167115e+03
2.275097430772069504e-06, 2.561275587610342797e+00, 3.320148995854230634e+03
2.393315756405384890e-06, 2.189053168488374279e+00, 3.103984669696301353e+03
2.517676927758854593e-06, 1.870924705517096998e+00, 2.903191044404750755e+03
2.648500138606698363e-06, 1.599028887415143485e+00, 2.716566208263741828e+03
2.786121168629766473e-06, 1.366646864106612957e+00, 2.543010614581798109e+03
2.930893245250318698e-06, 1.168036216613927092e+00, 2.381517778372056455e+03
3.083187950249353467e-06, 9.982890525532637227e-01, 2.231165849932868696e+03
3.243396173493490004e-06, 8.532107297444235794e-01, 2.091109996879713435e+03
3.411929116219281216e-06, 7.292161997288658659e-01, 1.960575495471542126e+03
3.589219346450049739e-06, 6.232414186245601728e-01, 1.838851479160381814e+03
3.775721909254159727e-06, 5.326676313791690598e-01, 1.725285272004522312e+03
3.971915494694400700e-06, 4.552566585323613579e-01, 1.619277248748869170e+03
4.178303666466213542e-06, 3.890955875953293064e-01, 1.520276172739176900e+03
4.395416154378242806e-06, 3.325495044609264594e-01, 1.427774974553176207e+03
4.623810213992598294e-06, 2.842210924916791503e-01, 1.341306915914953834e+03
4.864072056914609241e-06, 2.429161017403174139e-01, 1.260442100427017067e+03
5.116818355403072973e-06, 2.076138400981454302e-01, 1.184784321658218232e+03
5.382697825162881249e-06, 1.774419487513315130e-01, 1.113968179494024298e+03
5.662392890382528157e-06, 1.516548469564781010e-01, 1.047656477467252444e+03
5.956621435290097563e-06, 1.296153064915015474e-01, 9.855378393667423325e+02
6.266138646723349015e-06, 1.107787057068333192e-01, 9.273245518798382818e+02
6.591738952443213146e-06, 9.467957150930830790e-02, 8.727505996926824992e+02
6.934258060165687003e-06, 8.092007550731106225e-02, 8.215698605356403732e+02
7.294575102545679062e-06, 6.916020536410029396e-02, 7.735544910760736457e+02
7.673614893618186056e-06, 5.910936125712887984e-02, 7.284934258737549726e+02
8.072350302488374979e-06, 5.051917579035589828e-02, 6.861910304623859247e+02
8.491804750363126655e-06, 4.317737598076052535e-02, 6.464658573637960899e+02
8.933054837332944550e-06, 3.690253737194559847e-02, 6.091495086711593103e+02
9.397233105646374780e-06, 3.153960147500364797e-02, 5.740856108209180775e+02
9.885530946569380493e-06, 2.695604433198975705e-02, 5.411288758887761787e+02
1.039920165829057908e-05, 2.303860201700350455e-02, 5.101442487697552224e+02
1.093956366272093086e-05, 1.969046931820948865e-02, 4.810060663232950446e+02
1.150800388944435666e-05, 1.682891021897230110e-02, 4.535973851753523149e+02
1.210598133550481593e-05, 1.438321316621827238e-02, 4.278093223811374628e+02
1.273503081016660354e-05, 1.229294115669658446e-02, 4.035403756143285818e+02
1.339676687425934466e-05, 1.050644219888920497e-02, 3.806959779300845526e+02
1.409288798421873337e-05, 8.979569165667130801e-03, 3.591878710126019314e+02
1.482518085145951458e-05, 7.674591732952789312e-03, 3.389337292246336233e+02
1.559552502826952309e-05, 6.559261406830888680e-03, 3.198566240148923612e+02
1.640589773199538679e-05, 5.606019507606372146e-03, 3.018848528601008638e+02
1.725837891990201987e-05, 4.791308357934422751e-03, 2.849512027599977273e+02
1.815515662773133475e-05, 4.094996100720710470e-03, 2.689929452093199984e+02
1.909853258566236888e-05, 3.499876687963767406e-03, 2.539514186011843435e+02
2.009092812608727908e-05, 2.991243409735243330e-03, 2.397716445659973203e+02
2.113489039836645523e-05, 2.556527410490200703e-03, 2.264021861377065932e+02
2.223309890651400654e-05, 2.184987150494191108e-03, 2.137949347288054014e+02
2.338837238659353628e-05, 1.867440315936623593e-03, 2.019046368059825625e+02
2.460367604147624960e-05, 1.596039863849550971e-03, 1.906889335404161159e+02
2.588212915153087737e-05, 1.364080342838470874e-03, 1.801082473130042843e+02
2.722701308077910045e-05, 1.165830409040440920e-03, 1.701254287815200712e+02
2.864177969906579846e-05, 9.963902787144722842e-04, 1.607054188564439414e+02
3.013006024186119008e-05, 8.515729068615306239e-04, 1.518153805268496797e+02
3.169567463043487023e-05, 7.277991984570072320e-04, 1.434243551459105674e+02
3.334264127632347269e-05, 6.220117882820365473e-04, 1.355035537285067448e+02
3.507518739525679514e-05, 5.315958161754600567e-04, 1.280255338436752197e+02
3.689775985701500575e-05, 4.543189114353138281e-04, 1.209650771335132902e+02
3.881503659906478245e-05, 3.882689441089658545e-04, 1.142973517938529113e+02
4.083193863326918895e-05, 3.318162512369032661e-04, 1.080002343604814712e+02
4.295364267648868727e-05, 2.835645006587811812e-04, 1.020518145077466698e+02
4.518559443749217176e-05, 2.423228561992449683e-04, 9.643229270966571676e+01
4.753352259428048591e-05, 2.070725797282383816e-04, 9.112269036292458679e+01
5.000345349769783158e-05, 1.769425058591605777e-04, 8.610487318207455587e+01
5.260172663907057610e-05, 1.511881154928633637e-04, 8.136167031873826261e+01
5.533501092157360027e-05, 1.291742570033116108e-04, 7.687747752674576418e+01
5.821032177708709908e-05, 1.103571568743699131e-04, 7.263705435934150501e+01
6.123503917247733364e-05, 9.427193925531196061e-05, 6.862584265428307617e+01
6.441692655151768125e-05, 8.052162987185628893e-05, 6.483024596632864700e+01
6.776415076106743183e-05, 6.876776204705616850e-05, 6.123808570156879227e+01
7.128530301265190909e-05, 5.871934919190450900e-05, 5.783632910580370634e+01
7.498942093324550431e-05, 5.013023287660986471e-05, 5.461508447184873916e+01
7.888601176185532765e-05, 4.278791059700494002e-05, 5.156291742675959711e+01
8.298507675144217602e-05, 3.651056910887307249e-05, 4.866852024260951026e+01
8.729713683881113037e-05, 3.114530276374704383e-05, 4.592449493440255992e+01
9.183325964835800334e-05, 2.655852368824833002e-05, 4.331983208690565590e+01
9.660508789898121246e-05, 2.264018191101840752e-05, 4.085093920280821322e+01
1.016248692870694932e-04, 1.929131814980327431e-05, 3.850624848892799434e+01
1.069054879222656676e-04, 1.643079088771135009e-05, 3.628126698662295269e+01
1.124604973966924549e-04, 1.398707424419924210e-05, 3.416745727457267634e+01
1.183041555725163470e-04, 1.190019455223113130e-05, 3.215943647054961474e+01
1.244514611771384207e-04, 1.011825013043856519e-05, 3.025065773527305879e+01
1.309181922999405612e-04, 8.598272451070948779e-06, 2.843948931683153702e+01
1.377209468893944241e-04, 7.301595056905778455e-06, 2.671870184006716897e+01
1.448771853544760326e-04, 6.195654676525215640e-06, 2.508287913364294397e+01
1.524052753797290724e-04, 5.253218830606166281e-06, 2.352954486469928597e+01
1.603245390690039994e-04, 4.450698020086474892e-06, 2.205560817289957143e+01
1.686553025388738941e-04, 3.767836515281492083e-06, 2.065811123475889133e+01
1.774189480890164621e-04, 3.186436648630594490e-06, 1.932929628554528279e+01
1.866379690834667616e-04, 2.691713989613925481e-06, 1.806575763770503329e+01
1.963360276836043495e-04, 2.271483037868046101e-06, 1.686775898891829328e+01
2.065380155810527039e-04, 1.914901347593481248e-06, 1.573326366910821861e+01
2.172701178863743125e-04, 1.611951129838757698e-06, 1.465387654691347308e+01
2.285598803375427502e-04, 1.355417505027972256e-06, 1.363344219044269856e+01
2.404362800006929737e-04, 1.138191712756527867e-06, 1.266726955054062209e+01
2.529297996446142408e-04, 9.545338659702705793e-07, 1.175431323418674090e+01
2.660725059798808335e-04, 7.992278104460885126e-07, 1.088974894397480142e+01
2.798981319634359969e-04, 6.681013886230893600e-07, 1.007242176444730930e+01
2.944421633798757201e-04, 5.575415371957696084e-07, 9.300702426563997705e+00
3.097419299216577857e-04, 4.643407377185577568e-07, 8.570870052135372674e+00
3.258367010020083690e-04, 3.861062855872450618e-07, 7.885823973103464724e+00
3.427677865464497770e-04, 3.203020376643121185e-07, 7.238596642888395216e+00
3.605786430216419711e-04, 2.652941148067146651e-07, 6.634053601044191950e+00
3.793149849736817260e-04, 2.190842906048838016e-07, 6.062076511738282214e+00
3.990249023621416529e-04, 1.805187659507605999e-07, 5.527049743496593059e+00
4.197589839910068955e-04, 1.483979537669806489e-07, 5.027611340462445177e+00
4.415704473533120706e-04, 1.216336592585181311e-07, 4.559866775116963922e+00
4.645152752227491933e-04, 9.947616223860431299e-08, 4.126517970897143783e+00
4.886523593428331686e-04, 8.113941553273428433e-08, 3.724470888320748241e+00
5.140436515824254367e-04, 6.604741769812161665e-08, 3.354734176829494707e+00
5.407543229455804949e-04, 5.357545474636913720e-08, 3.011197147199401680e+00
5.688529308438407088e-04, 4.344338190345891358e-08, 2.701900956280464339e+00
5.984115950603185932e-04, 3.510204252572627086e-08, 2.415750109335510487e+00
6.295061828571967780e-04, 2.830477671171381149e-08, 2.155531901091436886e+00
6.622165037017614837e-04, 2.280272062746075790e-08, 1.921576627079913058e+00
6.966265141107679491e-04, 1.826333998581827494e-08, 1.703055157927743757e+00
7.328245331389029006e-04, 1.464260221516371095e-08, 1.510933481049819394e+00
7.709034690644293083e-04, 1.169106063160444508e-08, 1.334936479490944627e+00
8.109610578538404418e-04, 9.321732920293086228e-09, 1.177833603313473088e+00
8.531001140175886385e-04, 7.428938097350964020e-09, 1.038712985751453211e+00
8.974287945007472294e-04, 5.927141796997148697e-09, 9.170575095967306023e-01
9.440608762859225515e-04, 4.705907022969150641e-09, 8.057083528782370552e-01
9.931160484209324620e-04, 3.712911300501410990e-09, 7.034498703872495984e-01
1.044720219220798265e-03, 2.937942348753463854e-09, 6.159517209851353980e-01
1.099005839432519709e-03, 2.329302052205872776e-09, 5.404031910574385034e-01
1.156112242192098129e-03, 1.841610663551735144e-09, 4.727988342883147066e-01
1.216186000646367902e-03, 1.447747193783472199e-09, 4.112997597773243585e-01
1.279381304157525346e-03, 1.143226599607410716e-09, 3.594064172165954418e-01
1.345860354055946825e-03, 9.054178453504192237e-10, 3.149857756754682048e-01
1.415793779957078133e-03, 7.163583816465117113e-10, 2.757790033734322521e-01
1.489361077710912385e-03, 5.623460071703413075e-10, 2.395653322887202896e-01
1.566751070108147060e-03, 4.405005131810214036e-10, 2.076618871059403570e-01
1.648162391525506785e-03, 3.475237953032537239e-10, 1.812948382000923453e-01
1.733803997754137464e-03, 2.707842604191635111e-10, 1.563202686920460993e-01
1.823895702319638500e-03, 2.125572259447971215e-10, 1.357873078265577904e-01
1.918668740670287148e-03, 1.628332745890386080e-10, 1.151113938744403042e-01
2.018366363681555527e-03, 1.267960634385359019e-10, 9.919120830578832815e-02
2.123244462000214820e-03, 9.805686519808012192e-11, 8.488638751942843841e-02
2.233572222830528409e-03, 7.456226896655451273e-11, 7.142860398901830499e-02
2.349632820848305062e-03, 5.619047944505757563e-11, 5.956746667169747489e-02
2.471724145016129109e-03, 4.402312254850663667e-11, 5.164412348581485374e-02
2.600159563165272119e-03, 3.357380744579646769e-11, 4.358475903677446611e-02
2.735268726306713891e-03, 2.507967937188932154e-11, 3.602884316011377430e-02
2.877398414735666578e-03, 1.949428394900700347e-11, 3.099061475317976475e-02
3.026913428101298334e-03, 1.425459238261114560e-11, 2.507682452742126394e-02
3.184197521726119060e-03, 1.055968770855874985e-11, 2.055719720758471952e-02
3.349654391578272498e-03, 7.564926108206245123e-12, 1.629719454314975530e-02
3.523708710424869068e-03, 5.915139813017871679e-12, 1.410161119538224511e-02
3.706807217825759931e-03, 4.308119385020745504e-12, 1.136546564320137925e-02
3.899419866765435790e-03, 3.229934046800215446e-12, 9.429510491532089658e-03
4.102041029866064330e-03, 2.428007141976696057e-12, 7.844073267784404044e-03
4.315190768277641156e-03, 1.977925975478600253e-12, 7.071280938801498446e-03
4.539416166502023217e-03, 1.462377122485796071e-12, 5.785541291796924245e-03
4.775292736576902328e-03, 1.088129035375783000e-12, 4.763890139822784218e-03
5.023425895223866157e-03, 7.838600674193958666e-13, 3.797665998237715560e-03
5.284452517751802615e-03, 4.410958884050714585e-13, 2.364875467905766006e-03
5.559042572704037122e-03, 3.153753635812471524e-13, 1.871113868558444337e-03
5.847900841444799748e-03, 2.496026758442539819e-13, 1.638773816201712606e-03
6.151768727098664430e-03, 1.758826521038927348e-13, 1.277880500307638969e-03
6.471426157485817530e-03, 1.019454153453427142e-13, 8.196576953879159810e-04
6.807693586937403271e-03, 8.712999710600226664e-14, 7.752293801363019940e-04
7.161434102129013088e-03, 1.761324002378042717e-14, 1.734201644571422164e-04
7.533555637337169958e-03, 1.505356123275063549e-14, 1.640202682892765286e-04
7.925013304804717773e-03, 1.286587280263124362e-14, 1.551299114776437664e-04
8.336811846196331283e-03, 0.000000000000000000e+00, 0.000000000000000000e+00
8.770008211436322587e-03, 0.000000000000000000e+00, 0.000000000000000000e+00
9.225714271547610229e-03, 0.000000000000000000e+00, 0.000000000000000000e+00
9.705099672454878257e-03, 0.000000000000000000e+00, 0.000000000000000000e+00
1.020939483707678647e-02, 0.000000000000000000e+00, 0.000000000000000000e+00
1.073989412341243982e-02, 0.000000000000000000e+00, 0.000000000000000000e+00
1.129795914672797677e-02, 0.000000000000000000e+00, 0.000000000000000000e+00
1.188502227437018832e-02, 0.000000000000000000e+00, 0.000000000000000000e+00
1.250259030217718698e-02, 0.000000000000000000e+00, 0.000000000000000000e+00
1.315224832192234822e-02, 0.000000000000000000e+00, 0.000000000000000000e+00
1.383566378971778053e-02, 0.000000000000000000e+00, 0.000000000000000000e+00
1.455459080581963938e-02, 0.000000000000000000e+00, 0.000000000000000000e+00
1.531087461682028965e-02, 0.000000000000000000e+00, 0.000000000000000000e+00
1.610645635178269836e-02, 0.000000000000000000e+00, 0.000000000000000000e+00
1.694337800447328832e-02, 0.000000000000000000e+00, 0.000000000000000000e+00
1.782378767448087112e-02, 0.000000000000000000e+00, 0.000000000000000000e+00
1.874994508067413454e-02, 0.000000000000000000e+00, 0.000000000000000000e+00
1.972422736114849348e-02, 0.000000000000000000e+00, 0.000000000000000000e+00
2.074913517454906459e-02, 0.000000000000000000e+00, 0.000000000000000000e+00
2.182729911842998943e-02, 0.000000000000000000e+00, 0.000000000000000000e+00
2.296148648112360593e-02, 0.000000000000000000e+00, 0.000000000000000000e+00
2.415460834444940405e-02, 0.000000000000000000e+00, 0.000000000000000000e+00
2.540972705549301297e-02, 0.000000000000000000e+00, 0.000000000000000000e+00
2.673006408663303191e-02, 0.000000000000000000e+00, 0.000000000000000000e+00
2.811900830398933807e-02, 0.000000000000000000e+00, 0.000000000000000000e+00
2.958012466551540251e-02, 0.000000000000000000e+00, 0.000000000000000000e+00
3.111716337106013724e-02, 0.000000000000000000e+00, 0.000000000000000000e+00
3.273406948788379345e-02, 0.000000000000000000e+00, 0.000000000000000000e+00
3.443499307633384604e-02, 0.000000000000000000e+00, 0.000000000000000000e+00
3.622429984166987416e-02, 0.000000000000000000e+00, 0.000000000000000000e+00
3.810658233937726236e-02, 0.000000000000000000e+00, 0.000000000000000000e+00
4.008667176273017496e-02, 0.000000000000000000e+00, 0.000000000000000000e+00
4.216965034285814068e-02, 0.000000000000000000e+00, 0.000000000000000000e+00
4.436086439314318453e-02, 0.000000000000000000e+00, 0.000000000000000000e+00
4.666593803142881497e-02, 0.000000000000000000e+00, 0.000000000000000000e+00
4.909078761526029094e-02, 0.000000000000000000e+00, 0.000000000000000000e+00
5.164163692720710741e-02, 0.000000000000000000e+00, 0.000000000000000000e+00
5.432503314924325144e-02, 0.000000000000000000e+00, 0.000000000000000000e+00
5.714786366718654226e-02, 0.000000000000000000e+00, 0.000000000000000000e+00
6.011737374832767239e-02, 0.000000000000000000e+00, 0.000000000000000000e+00
6.324118513762183591e-02, 0.000000000000000000e+00, 0.000000000000000000e+00
6.652731562017405453e-02, 0.000000000000000000e+00, 0.000000000000000000e+00
6.998419960022730923e-02, 0.000000000000000000e+00, 0.000000000000000000e+00
7.362070974947361457e-02, 0.000000000000000000e+00, 0.000000000000000000e+00
7.744617978025175598e-02, 0.000000000000000000e+00, 0.000000000000000000e+00
8.147042840208371106e-02, 0.000000000000000000e+00, 0.000000000000000000e+00
8.570378452303674399e-02, 0.000000000000000000e+00, 0.000000000000000000e+00
9.015711376059551418e-02, 0.000000000000000000e+00, 0.000000000000000000e+00
9.484184633008958809e-02, 0.000000000000000000e+00, 0.000000000000000000e+00
9.977000638225524964e-02, 0.000000000000000000e+00, 0.000000000000000000e+00
1.049542428652322085e-01, 0.000000000000000000e+00, 0.000000000000000000e+00
1.104078619902073566e-01, 0.000000000000000000e+00, 0.000000000000000000e+00
1.161448613840341398e-01, 0.000000000000000000e+00, 0.000000000000000000e+00
1.221799660164868684e-01, 0.000000000000000000e+00, 0.000000000000000000e+00
1.285286659943612741e-01, 0.000000000000000000e+00, 0.000000000000000000e+00
1.352072563194275101e-01, 0.000000000000000000e+00, 0.000000000000000000e+00
1.422328787122818239e-01, 0.000000000000000000e+00, 0.000000000000000000e+00
1.496235656094432875e-01, 0.000000000000000000e+00, 0.000000000000000000e+00
1.573982864466219878e-01, 0.000000000000000000e+00, 0.000000000000000000e+00
1.655769963469526096e-01, 0.000000000000000000e+00, 0.000000000000000000e+00
1.741806873391609223e-01, 0.000000000000000000e+00, 0.000000000000000000e+00
1.832314422371207341e-01, 0.000000000000000000e+00, 0.000000000000000000e+00
1.927524913190932776e-01, 0.000000000000000000e+00, 0.000000000000000000e+00
2.027682719521279597e-01, 0.000000000000000000e+00, 0.000000000000000000e+00
2.133044913146575072e-01, 0.000000000000000000e+00, 0.000000000000000000e+00
2.243881923782766186e-01, 0.000000000000000000e+00, 0.000000000000000000e+00
2.360478233180573204e-01, 0.000000000000000000e+00, 0.000000000000000000e+00
2.483133105295562693e-01, 0.000000000000000000e+00, 0.000000000000000000e+00
2.612161354399200053e-01, 0.000000000000000000e+00, 0.000000000000000000e+00
2.747894153102391490e-01, 0.000000000000000000e+00, 0.000000000000000000e+00
2.890679882365471687e-01, 0.000000000000000000e+00, 0.000000000000000000e+00
3.040885025676277054e-01, 0.000000000000000000e+00, 0.000000000000000000e+00
3.198895109691397010e-01, 0.000000000000000000e+00, 0.000000000000000000e+00
3.365115693754908155e-01, 0.000000000000000000e+00, 0.000000000000000000e+00
3.539973410834342804e-01, 0.000000000000000000e+00, 0.000000000000000000e+00
3.723917062545675227e-01, 0.000000000000000000e+00, 0.000000000000000000e+00
3.917418771077822437e-01, 0.000000000000000000e+00, 0.000000000000000000e+00
4.120975190973295565e-01, 0.000000000000000000e+00, 0.000000000000000000e+00
4.335108783875284422e-01, 0.000000000000000000e+00, 0.000000000000000000e+00
4.560369159512959736e-01, 0.000000000000000000e+00, 0.000000000000000000e+00
4.797334486366891526e-01, 0.000000000000000000e+00, 0.000000000000000000e+00
5.046612975635276221e-01, 0.000000000000000000e+00, 0.000000000000000000e+00
5.308844442309867961e-01, 0.000000000000000000e+00, 0.000000000000000000e+00
5.584701947368295727e-01, 0.000000000000000000e+00, 0.000000000000000000e+00
5.874893525297757435e-01, 0.000000000000000000e+00, 0.000000000000000000e+00
6.180164001384151895e-01, 0.000000000000000000e+00, 0.000000000000000000e+00
6.501296903430903162e-01, 0.000000000000000000e+00, 0.000000000000000000e+00
6.839116472814292802e-01, 0.000000000000000000e+00, 0.000000000000000000e+00
7.194489780036983362e-01, 0.000000000000000000e+00, 0.000000000000000000e+00
7.568328950209720629e-01, 0.000000000000000000e+00, 0.000000000000000000e+00
7.961593504173167801e-01, 0.000000000000000000e+00, 0.000000000000000000e+00
8.375292821268809362e-01, 0.000000000000000000e+00, 0.000000000000000000e+00
8.810488730080129338e-01, 0.000000000000000000e+00, 0.000000000000000000e+00
9.268298233793484942e-01, 0.000000000000000000e+00, 0.000000000000000000e+00
9.749896377173866702e-01, 0.000000000000000000e+00, 0.000000000000000000e+00
