# M_f [M_sun], P(M_f) [M_sun^-1]
3.548962714117586356e-25, 0.000000000000000000e+00
4.143897244964681628e-25, 0.000000000000000000e+00
4.838564324307219260e-25, 0.000000000000000000e+00
5.649682734992169490e-25, 0.000000000000000000e+00
6.596773932655885372e-25, 0.000000000000000000e+00
7.702631875067320117e-25, 0.000000000000000000e+00
8.993871611864740876e-25, 0.000000000000000000e+00
1.050156983777701776e-24, 0.000000000000000000e+00
1.226201282573591067e-24, 0.000000000000000000e+00
1.431756974063410238e-24, 0.000000000000000000e+00
1.671771235205982412e-24, 0.000000000000000000e+00
1.952020568777308980e-24, 0.000000000000000000e+00
2.279249828377506683e-24, 0.000000000000000000e+00
2.661334549057996954e-24, 0.000000000000000000e+00
3.107470490433956329e-24, 0.000000000000000000e+00
3.628394954078874531e-24, 0.000000000000000000e+00
4.236645201720489617e-24, 0.000000000000000000e+00
4.946860193674237954e-24, 0.000000000000000000e+00
5.776132909553281211e-24, 0.000000000000000000e+00
6.744421730674377979e-24, 0.000000000000000000e+00
7.875030785036159497e-24, 0.000000000000000000e+00
9.195170815492024403e-24, 0.000000000000000000e+00
1.073661406971731716e-23, 0.000000000000000000e+00
1.253645897342513110e-23, 0.000000000000000000e+00
1.463802299047425984e-23, 0.000000000000000000e+00
1.709188515862952929e-23, 0.000000000000000000e+00
1.995710339202826004e-23, 0.000000000000000000e+00
2.330263584757434168e-23, 0.000000000000000000e+00
2.720900056375714993e-23, 0.000000000000000000e+00
3.177021331497144511e-23, 0.000000000000000000e+00
3.709605032032140160e-23, 0.000000000000000000e+00
4.331469026427151886e-23, 0.000000000000000000e+00
5.057579921552993781e-23, 0.000000000000000000e+00
5.905413268993206007e-23, 0.000000000000000000e+00
6.895374154936251738e-23, 0.000000000000000000e+00
8.051288296148122256e-23, 0.000000000000000000e+00
9.400975461394818512e-23, 0.000000000000000000e+00
1.097691901903814394e-22, 0.000000000000000000e+00
1.281704772502877614e-22, 0.000000000000000000e+00
1.496564856684707842e-22, 0.000000000000000000e+00
1.747443263311006971e-22, 0.000000000000000000e+00
2.040377966148069427e-22, 0.000000000000000000e+00
2.382419121782715813e-22, 0.000000000000000000e+00
2.781798748077653061e-22, 0.000000000000000000e+00
3.248128846873889935e-22, 0.000000000000000000e+00
3.792632739224971983e-22, 0.000000000000000000e+00
4.428415180784706451e-22, 0.000000000000000000e+00
5.170777758305154950e-22, 0.000000000000000000e+00
6.037587157996679498e-22, 0.000000000000000000e+00
7.049705168986915043e-22, 0.000000000000000000e+00
8.231490770914376496e-22, 0.000000000000000000e+00
9.611386389565238025e-22, 0.000000000000000000e+00
1.122260243016206653e-21, 0.000000000000000000e+00
1.310391656319376225e-21, 0.000000000000000000e+00
1.530060699946438888e-21, 0.000000000000000000e+00
1.786554221579997443e-21, 0.000000000000000000e+00
2.086045335820364214e-21, 0.000000000000000000e+00
2.435741994580735524e-21, 0.000000000000000000e+00
2.844060463254972146e-21, 0.000000000000000000e+00
3.320827877766432378e-21, 0.000000000000000000e+00
3.877518757505402961e-21, 3.818773591160701562e+13
4.527531166390591196e-21, 2.934276871972831641e+13
5.286509168514232234e-21, 2.254645517954795312e+13
6.172719339017780476e-21, 1.732429022015187500e+13
7.207490391810404495e-21, 1.331167268832145312e+13
8.415726504796120160e-21, 2.530361999672181250e+13
9.826506696977815998e-21, 1.371107452369908125e+14
1.147378468284583961e-20, 1.916074214261057500e+14
1.339720604767883656e-20, 1.472276928096400938e+14
1.564306241098517039e-20, 1.507031543863027500e+14
1.826540554225283020e-20, 1.157975904810509688e+14
2.132734824280151716e-20, 2.249087434916048750e+14
2.490258330249094031e-20, 2.740877253285685938e+14
2.907715708851964547e-20, 5.084970476328221875e+14
3.395154045186442600e-20, 7.049695848360203750e+14
3.964304679255259240e-20, 8.606497872237210000e+14
4.628865548014387372e-20, 9.566953067861803750e+14
5.404830858161902066e-20, 1.069228296930555375e+15
6.310876024011991138e-20, 1.287601229618270750e+15
7.368807134881180046e-20, 1.547507446368812750e+15
8.604085769467593336e-20, 1.663198919661892500e+15
1.004644178810475172e-19, 1.749129080704967750e+15
1.173058885116423403e-19, 1.886663741662539750e+15
1.369705988422578918e-19, 2.071754670632794500e+15
1.599318259743174272e-19, 2.412213610877181500e+15
1.867421853717413878e-19, 2.850766392208581500e+15
2.180469308404809387e-19, 3.285444217544221500e+15
2.545994840657364937e-19, 3.981502107578114500e+15
2.972795674613780767e-19, 4.874899775134167000e+15
3.471143767408655819e-19, 1.901885297953160704e+18
4.053033027769513840e-19, 1.461374420271106304e+18
4.732467977393484649e-19, 1.122893793080534016e+18
5.525800802412904732e-19, 8.628113733541857280e+17
6.452124906878854795e-19, 6.629687247153068800e+17
7.533734440045013057e-19, 5.094132315873095680e+17
8.796660857047170922e-19, 3.914239553723470080e+17
1.027129942656215233e-18, 3.007631198779991680e+17
1.199314076381365808e-18, 2.311009661958409280e+17
1.400362499497209111e-18, 1.775738215453934080e+17
1.635113911040676270e-18, 1.364445273305944800e+17
1.909218151042094247e-18, 1.048415181722611840e+17
2.229272177097818710e-18, 8.055833493440528000e+16
2.602978835535310412e-18, 6.189957414333672000e+16
3.039332248368829520e-18, 4.756251829492585600e+16
3.548834277815029616e-18, 3.654618271390252000e+16
4.143747278091769203e-18, 2.808142879811404000e+16
4.838389217561514039e-18, 2.157726429369516400e+16
5.649478274021606592e-18, 1.657958139335267600e+16
6.596535196630497956e-18, 1.273945183399028200e+16
7.702353118248023089e-18, 9.788765420556916000e+15
8.993546125318797605e-18, 7.521511106390930000e+15
1.050118978791184392e-17, 5.779393712383293000e+15
1.226156906576543473e-17, 4.440782072947423500e+15
1.431705159044002820e-17, 3.412216990366435000e+15
1.671710734114975772e-17, 2.621886099809778500e+15
1.951949925514886663e-17, 2.014610073094312000e+15
2.279167342748857588e-17, 1.547990107925561500e+15
2.661238235854156293e-17, 1.189447727993768000e+15
3.107358031653111131e-17, 9.139502186648168750e+14
3.628263643138282592e-17, 7.022628927177547500e+14
4.236491878316220397e-17, 5.396061628047777500e+14
4.946681167721122281e-17, 4.146236601083232500e+14
5.775923872374348195e-17, 3.185893552958166250e+14
6.744177651302501599e-17, 2.447983245367311250e+14
7.874745789132278381e-17, 1.880986250791315625e+14
9.194838043965264702e-17, 1.445315968710841250e+14
1.073622551364499575e-16, 1.110554768027559688e+14
1.253600528129948575e-16, 8.533302886626385938e+13
1.463749324313652303e-16, 6.556836299414195312e+13
1.709126660647493911e-16, 5.038154959282419531e+13
1.995638114815701302e-16, 3.871227560768876562e+13
2.330179252950391720e-16, 2.974581557807219531e+13
2.720801587507204238e-16, 2.285614912880367188e+13
3.176906355684263719e-16, 1.756225347484559961e+13
3.709470782113892190e-16, 1.349451936879578906e+13
4.331312271366239694e-16, 1.036894571961561914e+13
5.057396888673425339e-16, 7.967311202275843750e+12
5.905199553182014303e-16, 6.121938479610742188e+12
6.895124612624175452e-16, 4.703987304704892578e+12
8.050996921517614587e-16, 3.614459151545060547e+12
9.400635241836067561e-16, 2.777285335171080566e+12
1.097652176637426354e-15, 2.134016047645511230e+12
1.281658387844818299e-15, 1.639739508914392578e+12
1.496510696280042197e-15, 1.259946315802704346e+12
1.747380023663327855e-15, 9.681200642386199951e+11
2.040304125247816402e-15, 7.438860267504881592e+11
2.382332902476464009e-15, 5.715886295878242188e+11
2.781698075296781474e-15, 4.391984117530313721e+11
3.248011297693212803e-15, 3.374721520011393433e+11
3.792495484549381372e-15, 2.593075255479769897e+11
4.428254917260453338e-15, 1.992472339038731689e+11
5.170590628816885501e-15, 1.530979871658202820e+11
6.037368658836964984e-15, 1.176377368708360138e+11
7.049450041464057396e-15, 9.039071899164440918e+10
8.231192874789720272e-15, 6.945460102481791687e+10
9.611038555274013536e-15, 5.336766492545055389e+10
1.122219628626107451e-14, 4.100675286547903442e+10
1.310344233488316355e-14, 3.150885059182262039e+10
1.530005327333422790e-14, 2.421083349063672638e+10
1.786489566513994436e-14, 1.860316854793368912e+10
2.085969842226470568e-14, 1.429433976970150757e+10
2.435653845529604593e-14, 1.098351331522852898e+10
2.843957537234173260e-14, 8.439533877703632355e+09
3.320707697621301066e-14, 6.484785881231048584e+09
3.877378430820567309e-14, 4.982792715189120293e+09
4.527367315877207227e-14, 3.828688209182412624e+09
5.286317850727665526e-14, 2.941895085952024937e+09
6.172495949449466709e-14, 2.260499216413558483e+09
7.207229554069590400e-14, 1.736926898517427444e+09
8.415421941214433446e-14, 1.334623356154003859e+09
9.826151077522554733e-14, 1.025500557514628649e+09
1.147336944870571982e-13, 7.879761646711859703e+08
1.339672120527618000e-13, 6.054666977409759760e+08
1.564249629145710343e-13, 4.652297093609883785e+08
1.826474452061308525e-13, 3.574741324001012444e+08
2.132657641002332364e-13, 2.746766871589655876e+08
2.490168208261894248e-13, 2.110566209702140987e+08
2.907610479159630927e-13, 1.621721075643559694e+08
3.395031175191101639e-13, 1.246101276092005521e+08
3.964161211804007018e-13, 9.574817849992665648e+07
4.628698030228503768e-13, 7.357117645208887756e+07
5.404635258335326130e-13, 5.653076736648885161e+07
6.310647634578878334e-13, 4.343722383079182357e+07
7.368540459117346958e-13, 3.337638072192156687e+07
8.603774389199028282e-13, 2.564581001847957447e+07
1.004607820923932483e-12, 1.970577867575574294e+07
1.173016432332888215e-12, 1.514156553987027146e+07
1.369656419016833193e-12, 1.163450634306864068e+07
1.599260380711907916e-12, 8.939745199429608881e+06
1.867354272066798725e-12, 6.869139254742602818e+06
2.180390397624856683e-12, 5.278122927268275060e+06
2.545902701576178349e-12, 4.055614626842927653e+06
2.972688089689554387e-12, 3.116261259563934058e+06
3.471018147359357998e-12, 2.394479044824467506e+06
4.052886349255764866e-12, 1.839874586415712954e+06
4.732296710254901824e-12, 1.413726506003533956e+06
5.525600824706499793e-12, 1.086281993638766930e+06
6.451891405674874902e-12, 8.346795258437821176e+05
7.533461795592588149e-12, 6.413527195908568101e+05
8.796342507521895701e-12, 4.928038824371178634e+05
1.027092771014048268e-11, 3.786616305299579399e+05
1.199270673427324702e-11, 2.909567792496068287e+05
1.400311820638017854e-11, 2.235659506161848258e+05
1.635054736571430363e-11, 1.717840512388957432e+05
1.909149056791221305e-11, 1.319957720695558819e+05
2.229191500151088592e-11, 1.014231747277202085e+05
2.602884634213915806e-11, 7.793174137751224043e+04
3.039222255498335907e-11, 5.988134694497501914e+04
3.548705846160559437e-11, 4.601174885306952638e+04
4.143597316646138997e-11, 3.535459939575728640e+04
4.838214117152900590e-11, 2.716583763042725695e+04
5.649273820450414145e-11, 2.087374052529357868e+04
6.596296469244882950e-11, 1.603900639637408494e+04
7.702074371516900180e-11, 1.232408373914626827e+04
8.993220650552190613e-11, 9.469604055013342077e+03
1.050080975180062726e-10, 7.276273259478606633e+03
1.226112532185457416e-10, 5.590957366224222824e+03
1.431653345899774112e-10, 4.295990977279046092e+03
1.671650235213482158e-10, 3.300962119360014640e+03
1.951879284809018891e-10, 2.536399860027446721e+03
2.279084860105338701e-10, 1.948923985590757411e+03
2.661141926135866703e-10, 1.497518100939279975e+03
3.107245576942134500e-10, 1.150665946553596768e+03
3.628132336949815997e-10, 8.841509960564889070e+02
4.236338560460705138e-10, 6.793657065884749500e+02
4.946502148246891704e-10, 5.220123772376206261e+02
5.775714842760397404e-10, 4.011049120475205996e+02
6.743933580763869986e-10, 3.082017926854895791e+02
7.874460803542362888e-10, 2.368167084508199025e+02
9.194505284481391166e-10, 1.819656949844901419e+02
1.073583697163442448e-09, 1.398191638072903231e+02
1.253555160559284636e-09, 1.074345280819891144e+02
1.463696351497021232e-09, 8.255075706294483950e+01
1.709064807670563662e-09, 6.343051543415076310e+01
1.995565893042375731e-09, 4.873886601880797542e+01
2.330094924195305965e-09, 3.745006712526848247e+01
2.720703122202257710e-09, 2.877595730573416688e+01
3.176791384032336837e-09, 2.211092749424532045e+01
3.709336537054124696e-09, 1.698963858826528295e+01
4.331155521978282322e-09, 1.305453239964707635e+01
5.057213862417803832e-09, 1.003086765430929184e+01
5.904985845105158122e-09, 7.707538103853380562e+00
6.894875079342960596e-09, 5.922333507892587612e+00
8.050705557431865460e-09, 4.550614438243525406e+00
9.400295034589802586e-09, 3.496610202372588461e+00
1.097612452808688640e-08, 2.686732324449650378e+00
1.281612004865416702e-08, 2.064436744577524241e+00
1.496456537835437654e-08, 1.586276025184180760e+00
1.747316786304279705e-08, 1.218865937492826568e+00
2.040230287019851416e-08, 9.365546411809131389e-01
2.382246686290472952e-08, 7.196317239956329104e-01
2.781597406159238859e-08, 5.529520600399119301e-01
3.247893752766619457e-08, 4.248784072563177028e-01
3.792358234841027568e-08, 3.264689183717572885e-01
4.428094659536107595e-08, 2.508528389359342969e-01
5.170403506100775866e-08, 1.927508049343957253e-01
6.037150167584694934e-08, 1.481062481112511153e-01
7.049194923174215987e-08, 1.138021744555492154e-01
8.230894989445869222e-08, 8.744354188948906537e-02
9.610690733570848061e-08, 6.719004320225425986e-02
1.122179015705835130e-07, 5.162761946704100269e-02
1.310296812373474564e-07, 3.966973326405245914e-02
1.529949956724325201e-07, 3.048150880258404527e-02
1.786424913787846109e-07, 2.342144255665934774e-02
2.085894351364676277e-07, 1.799661476693020790e-02
2.435565699668571264e-07, 1.382827476513409821e-02
2.843854614938248337e-07, 1.062539735703095338e-02
3.320587521825467136e-07, 8.164364023157712202e-03
3.877238109214126943e-07, 6.273350319319948541e-03
4.527203471293543005e-07, 4.820329436228491631e-03
5.286126539864874544e-07, 3.703854350714736680e-03
6.172272567965604518e-07, 2.845974969228100802e-03
7.206968725768446012e-07, 2.186795925725828083e-03
8.415117388654812462e-07, 1.680294616950934496e-03
9.825795470937055071e-07, 1.291108130639655356e-03
1.147295422959284638e-06, 9.920642417034478047e-04
1.339623638041987889e-06, 7.622842907687790714e-04
1.564193019241686001e-06, 5.857253896936050154e-04
1.826408352289566483e-06, 4.500608201617542774e-04
2.132580460517753101e-06, 3.458186310491288742e-04
2.490078089536171985e-06, 2.657207827528033266e-04
2.907505253275528389e-06, 2.041750652719589694e-04
3.394908309642402768e-06, 1.568843132907920288e-04
3.964017749544815386e-06, 1.205470143132873003e-04
4.628530518505076199e-06, 9.262587824512034734e-05
5.404439665587494086e-06, 7.117183180300794222e-05
6.310419253411135426e-06, 5.468691019786787278e-05
7.368273793004429503e-06, 4.202022244224518674e-05
8.603463020199222133e-06, 3.228730618799045311e-05
1.004571464353174789e-05, 2.480862792069845279e-05
1.172973981085711423e-05, 1.906211201432884419e-05
1.369606851405000625e-05, 1.464661921783721776e-05
1.599202503775273322e-05, 1.125385942686764458e-05
1.867286692861943421e-05, 8.646855758132882512e-06
2.180311489700670832e-05, 6.643607430802755430e-06
2.545810565829488036e-05, 5.104185914188863487e-06
2.972580508658805780e-05, 3.921210060631468466e-06
3.470892531856226512e-05, 3.012097727754110726e-06
4.052739676050301244e-05, 2.313391936330517047e-06
4.732125449314459231e-05, 1.775967711830295678e-06
