# M_f [M_sun], P(M_f) [M_sun^-1]
3.355426787857400234e-25, 0.000000000000000000e+00
3.911652505143758048e-25, 0.000000000000000000e+00
4.560083199063886726e-25, 0.000000000000000000e+00
5.316003595677380045e-25, 0.000000000000000000e+00
6.197232154680015557e-25, 0.000000000000000000e+00
7.224541083875303900e-25, 0.000000000000000000e+00
8.422145979021678346e-25, 0.000000000000000000e+00
9.818276630783892592e-25, 0.000000000000000000e+00
1.144584245377741764e-24, 0.000000000000000000e+00
1.334320822311494521e-24, 0.000000000000000000e+00
1.555509840401867446e-24, 0.000000000000000000e+00
1.813365139124089360e-24, 0.000000000000000000e+00
2.113964850869085172e-24, 0.000000000000000000e+00
2.464394673909162856e-24, 0.000000000000000000e+00
2.872914895578817388e-24, 0.000000000000000000e+00
3.349155102719898938e-24, 0.000000000000000000e+00
3.904341169081111135e-24, 0.000000000000000000e+00
4.551559870189927640e-24, 0.000000000000000000e+00
5.306067363165150690e-24, 0.000000000000000000e+00
6.185648802917218596e-24, 0.000000000000000000e+00
7.211037571563583870e-24, 0.000000000000000000e+00
8.406404003081794177e-24, 0.000000000000000000e+00
9.799925123355945559e-24, 0.000000000000000000e+00
1.142444883545635492e-23, 0.000000000000000000e+00
1.331826820624366865e-23, 0.000000000000000000e+00
1.552602410568330836e-23, 0.000000000000000000e+00
1.809975747576928262e-23, 0.000000000000000000e+00
2.110013603300706197e-23, 0.000000000000000000e+00
2.459788432013121776e-23, 0.000000000000000000e+00
2.867545081605480075e-23, 0.000000000000000000e+00
3.342895140095494358e-23, 0.000000000000000000e+00
3.897043498760775480e-23, 8.584546700355299072e+11
4.543052472414611801e-23, 6.601096626948544922e+11
5.296149702633689900e-23, 5.075442544669376221e+11
6.174087101793673643e-23, 3.902587240188820190e+11
7.197559298895767048e-23, 3.280560781341738281e+11
8.390691450736218015e-23, 3.638550948269700317e+11
9.781607917041964598e-23, 2.797501477252697144e+11
1.140309520431035390e-22, 2.150796944850893250e+11
1.329337480518106140e-22, 1.653552035226512146e+11
1.549700415061211373e-22, 1.271234170335344849e+11
1.806592691198997314e-22, 3.232487065127692871e+12
2.106069741076194141e-22, 2.510367595931002441e+12
2.455190799721978298e-22, 1.976146737321036133e+12
2.862185304442568804e-22, 1.520181461107506836e+12
3.336646878073451126e-22, 1.246658699165978271e+12
3.889759468639831932e-22, 1.383383166365675049e+12
4.534560975960776476e-22, 1.704784464011538281e+13
5.286250579369789952e-22, 1.314550547219755859e+13
6.162547010841906233e-22, 1.011723223914890039e+13
7.184106218696126315e-22, 7.786738075388799805e+12
8.375008266988809979e-22, 5.524386856092178750e+14
9.763324947728996466e-22, 4.253630507745298750e+14
1.138178148559852146e-21, 3.275764894637894375e+14
1.326852793279672222e-21, 2.534999598295442812e+14
1.546803843723141989e-21, 1.957647360134359062e+14
1.803215958149154218e-21, 1.510052247691252500e+14
2.102133250391486635e-21, 1.181255993160135156e+14
2.450601760943344245e-21, 9.201083002859234375e+13
2.856835545330063135e-21, 7.196008552090228125e+13
3.330410294783934036e-21, 5.866681746048189062e+13
3.882489053223168623e-21, 4.684761239405423438e+13
4.526085351107068555e-21, 3.643497664632305469e+13
5.276369958725133131e-21, 3.719344630233033594e+13
6.151028489669875711e-21, 2.915568467320890234e+13
7.170678283876874558e-21, 2.434540687808784375e+13
8.359354396946227458e-21, 1.923318103548827344e+13
9.745076151424240088e-21, 1.864316590045144141e+13
1.136050760472003545e-20, 1.566963871910393359e+13
1.324372750212316441e-20, 2.104096975230002344e+13
1.543912686415697727e-20, 8.121200251667303125e+13
1.799845536608330213e-20, 8.503468853430351562e+13
2.098204117468286909e-20, 6.812154397274852344e+13
2.446021299614948793e-20, 7.041867459312789062e+13
2.851495785543101578e-20, 5.793825434011203125e+13
3.324185368398067586e-20, 5.594461559396159375e+13
3.875232227063295273e-20, 1.266810338001189219e+14
4.517625568187534888e-20, 1.114188660051403750e+14
5.266507806116157543e-20, 4.351768597345873750e+14
6.139531497961241988e-20, 3.490720374668152500e+14
7.157275447438468443e-20, 3.062214831974921875e+14
8.343729785817758715e-20, 2.892394395280803750e+14
9.726861464254266209e-20, 2.349372691969510625e+14
1.133927348721318637e-19, 3.150022239853189375e+14
1.321897342635523437e-19, 2.766631372394841250e+14
1.541026933019428484e-19, 2.498672933107477500e+14
1.796481414779605106e-19, 2.556832144872090000e+14
2.094282328554104639e-19, 3.777119548629968750e+14
2.441449399704524831e-19, 3.416936523995913125e+14
2.846166006391730325e-19, 3.220511409740388125e+14
3.317972077127720990e-19, 3.315955462074533125e+14
3.867988964760348480e-19, 2.955466522490362500e+14
4.509181597591821492e-19, 3.058400313748696875e+14
5.256664087023966689e-19, 4.531457291144768750e+14
6.128055995474868387e-19, 4.106276317611370000e+14
7.143897662469015009e-19, 3.600728675040857500e+14
8.328134378914969703e-19, 3.483284908655975625e+14
9.708680822465035426e-19, 5.537621749491837500e+14
1.131807905875562876e-18, 4.932602977201416875e+14
1.319426561885035469e-18, 4.297148281562871250e+14
1.538146573433785306e-18, 3.884295209646823750e+14
1.793123580888051368e-18, 3.587836178605708125e+14
2.090367869922119062e-18, 3.233411985724540625e+14
2.436886045209810308e-18, 3.213811450506141875e+14
2.840846189221018720e-18, 3.118397448205060625e+14
3.311770399225516642e-18, 2.999321536650789375e+14
3.860759240961861678e-18, 3.001530028584275625e+14
4.500753409764791366e-18, 3.022579177673000000e+14
5.246838766994097329e-18, 2.928255481144490000e+14
6.116601942044836815e-18, 2.997259090449270000e+14
7.130544882144415247e-18, 2.951114983788904375e+14
8.312568121651848918e-18, 2.934566589699305000e+14
9.690534162421824033e-18, 3.007502987164245625e+14
1.129692424516384167e-17, 3.102929943735685000e+14
1.316960399312767720e-17, 3.276119852171352500e+14
1.535271597577124804e-17, 3.381179324270022500e+14
1.789772023180807986e-17, 3.672248475976755625e+14
2.086460727871183662e-17, 4.034909726775483125e+14
2.432331220158403752e-17, 4.433899006186761875e+14
2.835536315410825541e-17, 4.941887641633968125e+14
3.305580312984669861e-17, 5.398677999874496875e+14
3.853543030362754872e-17, 5.957211354598741250e+14
4.492340975206621965e-17, 6.709440534073027500e+14
5.237031811636613227e-17, 7.362732603584743750e+14
6.105169297580401090e-17, 8.148553533638928750e+14
7.117217059728034926e-17, 8.806716750942617500e+14
8.297030959544278084e-17, 9.224792378649751250e+14
9.672421420608857528e-17, 9.466527588423280000e+14
1.127580897239314514e-16, 9.543761384695917500e+14
1.314498846286807483e-16, 9.491991984171667500e+14
1.532401995386608697e-16, 9.301969670702963750e+14
1.786426729926930790e-16, 8.972011735742910000e+14
2.082560888725732025e-16, 8.543746404129240000e+14
2.427784908607758797e-16, 8.049754340665906250e+14
2.830236366375858989e-16, 7.499738242767121250e+14
3.299401796739057673e-16, 6.889308485685421250e+14
3.846340307705324759e-16, 6.252974099632685000e+14
4.483944264472611447e-16, 5.628190139391680000e+14
5.227243186625783884e-16, 4.994751451063331875e+14
6.093758022065750218e-16, 4.369909942854618750e+14
7.103914148570712565e-16, 3.764110139037636250e+14
8.281522838210022540e-16, 3.192643225942870000e+14
9.654342533628874298e-16, 2.673239436039006875e+14
1.125473316653697713e-15, 2.203285402796397812e+14
1.312041894191368240e-15, 1.793635265062667812e+14
1.529537756818232692e-15, 1.445081234797063438e+14
1.783087689417430532e-15, 1.152852258566321094e+14
2.078668338835796133e-15, 9.119576964313234375e+13
2.423247094645175308e-15, 7.172162732683207812e+13
2.824946323565552047e-15, 5.614753723260450000e+13
3.293234828862978084e-15, 4.376027621497957031e+13
3.839151047779015648e-15, 3.399567042140279688e+13
4.475563248173091922e-15, 2.635178858107526953e+13
5.217472857700026563e-15, 2.039584010005202344e+13
6.082368075559743966e-15, 1.576147599098274805e+13
7.090636102110302607e-15, 1.216732315149839453e+13
8.266043703368446947e-15, 9.387156820275183594e+12
9.636297438203272734e-15, 7.237566253434997070e+12
1.123369675382710986e-14, 5.577833917155196289e+12
1.309589534426777824e-14, 4.296691930069103027e+12
1.526678871846762661e-14, 3.309594069989562988e+12
1.779754889965197355e-14, 2.548797013978321289e+12
2.074783064576904948e-14, 1.962385021804189209e+12
2.418717762387663204e-14, 1.510656487324147461e+12
2.819666168464013410e-14, 1.162880570500015137e+12
3.287079387771191714e-14, 8.951359806850698242e+11
3.831975225420416783e-14, 6.890268885610579834e+11
4.467197896973330425e-14, 5.303699137579650879e+11
5.207720790661838996e-14, 4.082421423808547974e+11
6.070999418196005931e-14, 3.142327142109456787e+11
7.077382873871806902e-14, 2.418690980372694702e+11
8.250593500840439774e-14, 1.861679655241341858e+11
9.618286071171705142e-14, 1.432928317903153381e+11
1.121269966063314502e-13, 1.102908065474879913e+11
1.307141758409427818e-13, 8.488861457745304871e+10
1.523825330465693699e-13, 6.533628907488275146e+10
1.776428319904964434e-13, 5.028690153358798981e+10
2.070905052350044483e-13, 3.870347009859004211e+10
2.414196895981914013e-13, 2.978790560141976929e+10
2.814395882589958426e-13, 2.292583369308200836e+10
3.280935451918776345e-13, 1.764431675102806473e+10
3.824812815513124879e-13, 1.357937256103505898e+10
4.458848181593423731e-13, 1.045078401863765717e+10
5.197986951377594796e-13, 8.042904682042625427e+09
6.059652010182616037e-13, 6.189727754667803764e+09
7.064154417467067175e-13, 4.763482605558205605e+09
8.235172176548091519e-13, 3.665830478166852951e+09
9.600308369491819029e-13, 2.821072628243758678e+09
1.119174181346230586e-12, 2.170955394204312325e+09
1.304698557571760765e-12, 1.670634285157961845e+09
1.520977122687233506e-12, 1.285602094208207369e+09
1.773107967593269847e-12, 9.892941529396939278e+08
2.067034288581631930e-12, 7.612703377743610144e+08
2.409684479604264646e-12, 5.857953438670033216e+08
2.809135447496646608e-12, 4.507621126252008677e+08
3.274802999801101691e-12, 3.468504637316523790e+08
3.817663792987708718e-12, 2.668895124705294073e+08
4.450514072808195253e-12, 2.053591128616650105e+08
5.188271305777502773e-12, 1.580122196396645904e+08
6.048325811802063474e-12, 1.215795353396620750e+08
7.050950686594628962e-12, 9.354581638632768393e+07
8.219779676514615920e-12, 7.197492583975954354e+07
9.582364270239151906e-12, 5.537732606922464073e+07
1.117082313895918462e-11, 4.260647858413275331e+07
1.302259923362230879e-11, 3.278030112322837487e+07
1.518134238542254657e-11, 2.521988536455018818e+07
1.769793821408414235e-11, 1.940290292943289876e+07
2.063170759723450032e-11, 1.492737588879521005e+07
2.405180497460624204e-11, 1.148398534022880718e+07
2.803884844771816426e-11, 8.834768715428845957e+06
3.268682009953723316e-11, 6.796574218069512397e+06
3.810528132821584611e-11, 5.228512258657192811e+06
4.442195541447093477e-11, 4.022155692454939708e+06
5.178573819855437101e-11, 3.094080246785030700e+06
6.037020783411065800e-11, 2.380111774121109862e+06
7.037771635039578194e-11, 1.830859563830333529e+06
8.204415946864102294e-11, 1.408332955451831920e+06
9.564453710606838180e-11, 1.083298215349200414e+06
1.114994356390548286e-10, 8.332632838638192043e+05
1.299825847245275942e-10, 6.409274972341483226e+05
1.515296668080263862e-10, 4.929781295552275260e+05
1.766485869750420971e-10, 3.791732147949393839e+05
2.059314452252606231e-10, 2.916351166071258485e+05
2.400684933786423458e-10, 2.243022771600598062e+05
2.798644056037621084e-10, 1.725117777229051862e+05
3.262572460952317461e-10, 1.326768932735422568e+05
3.803405810038949814e-10, 1.020383384057553776e+05
4.433892558394101641e-10, 7.847343316434301960e+04
5.168894459668836318e-10, 6.034931630143339135e+04
6.025736885440446790e-10, 4.641020217763471737e+04
7.024617216673400841e-10, 3.568990296280483744e+04
8.189080933821340980e-10, 2.744528804337333349e+04
9.546576627905424018e-10, 2.110474918637902738e+04
1.112910301521978132e-09, 1.622867873198638335e+04
1.297396320701288100e-09, 1.247890172827293827e+04
1.512464401369368887e-09, 9.595320706048771171e+03
1.763184101040997877e-09, 7.377885827667687408e+03
2.055465352671481844e-09, 5.672743910846847939e+03
2.396197772846563252e-09, 4.361578251495621771e+03
2.793413062950570365e-09, 3.353381488553729469e+03
3.256474331412598335e-09, 2.578166836844423869e+03
3.796296799710642321e-09, 1.982102630797030770e+03
4.425605094587583618e-09, 1.523800623109981416e+03
5.159233191338581016e-09, 1.171431125019389810e+03
6.014474078394955481e-09, 9.005163137356197467e+02
7.011487385453768934e-09, 6.922289645105935278e+02
8.173774583711631088e-09, 5.320989356609898095e+02
9.528732959562532699e-09, 4.089945195688050035e+02
1.110830141995716601e-08, 3.143569194999605543e+02
1.294971335226582697e-08, 2.416067570955023314e+02
1.509637428496232318e-08, 1.856830057771751967e+02
1.759888503723487753e-08, 1.426960532053803377e+02
2.051623447507689282e-08, 1.096537008843774714e+02
2.391718998935330147e-08, 8.425631602538368270e+01
2.788191847201435563e-08, 6.473595437302067523e+01
3.250387599990276121e-08, 4.973379289813599513e+01
3.789201076954181644e-08, 3.820448029701960024e+01
4.417333121020300245e-08, 2.934468051273102418e+01
5.149589981048896566e-08, 2.253654829979906182e+01
6.003232322853198879e-08, 1.730520197463941656e+01
6.998382095424388805e-08, 1.328588002701257231e+01
8.158496842960602050e-08, 1.019821093058579820e+01
9.510922643122954979e-08, 7.826495868375373810e+00
1.108753870530924548e-07, 6.004905024521002943e+00
1.292550882333375955e-07, 4.606010622386546238e+00
1.506815739566055910e-07, 3.531839129030552193e+00
1.756599066262825846e-07, 2.707237811983125741e+00
2.047788723314019805e-07, 2.074233925512392496e+00
2.387248596376421741e-07, 1.588525570501270190e+00
2.782980390515258918e-07, 1.215903294493501763e+00
3.244312245380930260e-07, 9.301033674284039376e-01
3.782118616933495897e-07, 7.109735568429924601e-01
4.409076608739116095e-07, 5.430853305608513981e-01
5.139964795047128495e-07, 4.144144301839901567e-01
5.992011579467452228e-07, 3.159314809393997669e-01
6.985301300715003711e-07, 2.405876728972913547e-01
8.143247658094044902e-07, 1.829919818056767455e-01
9.493145616247966447e-07, 1.389371258220470362e-01
1.106681479860344254e-06, 1.053476839625333839e-01
1.290134953549726917e-06, 7.972359577270188291e-02
1.503999324702531460e-06, 6.018653994006267771e-02
1.753315777145544996e-06, 4.533870997282236914e-02
2.043961166668409568e-06, 3.405798886005210330e-02
2.382786549522770622e-06, 2.550016752194143171e-02
2.777778674651168692e-06, 1.903054061016585044e-02
3.238248246319932887e-06, 1.414327337505668671e-02
3.775049394858996537e-06, 1.046310875433016131e-02
4.400835528845154641e-06, 7.698135886200991977e-03
5.130357599643861158e-06, 5.625265900869981864e-03
5.980811808963541520e-06, 4.083177045211869305e-03
6.972244955540883526e-06, 2.937086690847379947e-03
8.128026975737574330e-06, 2.088403354250559837e-03
9.475401816715515592e-06, 1.467727653032413569e-03
1.104612962730335639e-05, 1.014435847280582880e-03
1.287723540419566570e-05, 6.867826156129241749e-04
1.501188174047812092e-05, 4.524939103692778388e-04
1.750038624879643402e-05, 2.872587177620493739e-04
2.040140764173846969e-05, 1.728724947851034265e-04
2.378332842756597523e-05, 9.521844597390789083e-05
2.772586681402478678e-05, 4.413172335990382417e-05
