# Columns: R_MC [pc], P(R_MC) [1/pc], Cross-section weighted P(R_MC) [1/pc]
1.025651926251407861e-11, 9.181325520741333067e+07, 1.750160705251670151e+05
1.078946722229829815e-11, 9.112834030871202052e+07, 1.827872421526359394e+05
1.135010815672316663e-11, 9.206525754577763379e+07, 1.940592485125945241e+05
1.193988104464273125e-11, 8.570758020911513269e+07, 1.900681596589966503e+05
1.256029963694872804e-11, 8.314136913816830516e+07, 1.939209778900963429e+05
1.321295634186573788e-11, 8.025711095872326195e+07, 1.969845142660738493e+05
1.389952631213352601e-11, 7.912758886694806814e+07, 2.041336560166175768e+05
1.462177174456718478e-11, 7.771767591781365871e+07, 2.110060598581026716e+05
1.538154640303035716e-11, 7.539316559165391326e+07, 2.154057863898679789e+05
1.618080037643067682e-11, 7.470485589739438891e+07, 2.246044921306726756e+05
1.702158508394953640e-11, 7.461680114382959902e+07, 2.358580179600791598e+05
1.790605854035294846e-11, 7.347858375316087902e+07, 2.444193868473421317e+05
1.883649089489798225e-11, 7.195698348623907566e+07, 2.518739133455548726e+05
1.981527025805096908e-11, 6.910727274084000289e+07, 2.545283922438891022e+05
2.084490883097288542e-11, 6.670104531386905909e+07, 2.579897817734121054e+05
2.192804935350449494e-11, 6.782654614920656383e+07, 2.760481224397517508e+05
2.306747188720071646e-11, 6.519262228390817344e+07, 2.792189514391021221e+05
2.426610095082419209e-11, 6.219601746078020334e+07, 2.803134223653262015e+05
2.552701302661247069e-11, 6.033278624710389972e+07, 2.861360936071332544e+05
2.685344445658503549e-11, 5.877252942082071304e+07, 2.931882203602610389e+05
2.824879974915704763e-11, 5.610190643129511178e+07, 2.944840217098677531e+05
2.971666031738025020e-11, 5.411657966567547619e+07, 2.988984459315740387e+05
3.126079367123955679e-11, 5.419553293909963220e+07, 3.142348904998678481e+05
3.288516308759833167e-11, 5.389322618740244210e+07, 3.281292838498786441e+05
3.459393778261224212e-11, 5.269406489082638174e+07, 3.376858760048420518e+05
3.639150361272071167e-11, 5.212308603074678034e+07, 3.513186757237641723e+05
3.828247433168220594e-11, 5.122925331178658456e+07, 3.634957118519305950e+05
4.027170343254586841e-11, 4.992798114691469818e+07, 3.728890979006727575e+05
4.236429660495408969e-11, 4.955470571112034470e+07, 3.895399348555202014e+05
4.456562483975033441e-11, 4.697578500534131378e+07, 3.885946870874227607e+05
4.688133821452655254e-11, 4.634322712237167358e+07, 4.034591973933605477e+05
4.931738039549364670e-11, 4.482764312462977320e+07, 4.106796216449107742e+05
5.188000389289609384e-11, 4.304902176163886487e+07, 4.149929933667084551e+05
5.457578610912699557e-11, 4.309889129882565141e+07, 4.372056455510809319e+05
5.741164622073268011e-11, 4.271601466750650853e+07, 4.558976938649748336e+05
6.039486293763794275e-11, 4.208905903934865445e+07, 4.726597147429023171e+05
6.353309318517436562e-11, 4.181029017870563269e+07, 4.940335493657054612e+05
6.683439175686149603e-11, 4.153340158118679374e+07, 5.163589037358735222e+05
7.030723198838341702e-11, 4.152074516486129910e+07, 5.431149312541319523e+05
7.396052750582374558e-11, 4.068515772386869788e+07, 5.597833753924589837e+05
7.780365510398024982e-11, 4.048504009856606275e+07, 5.860209824737064773e+05
8.184647881347885976e-11, 3.927452952248122543e+07, 5.978984224329232238e+05
8.609937521845998927e-11, 3.883233664257097989e+07, 6.219901417112733470e+05
9.057326008981998694e-11, 3.772960190047293901e+07, 6.358122913540691370e+05
9.527961640236521090e-11, 3.790145578254321963e+07, 6.719924505875982577e+05
1.002305238077900488e-10, 3.740454213561254740e+07, 6.977187316310814349e+05
1.054386896391260237e-10, 3.792404928011164814e+07, 7.442503297225252027e+05
1.109174815262403146e-10, 3.777542886237367243e+07, 7.799215122170246905e+05
1.166809617060962959e-10, 3.702960956604561210e+07, 8.041947507871545386e+05
1.227439231158405997e-10, 3.747011576828113943e+07, 8.561247196871560300e+05
1.291219273613533562e-10, 3.715425039367757738e+07, 8.930319330758153228e+05
1.358313446587154174e-10, 3.716560810443760455e+07, 9.396846100298179081e+05
1.428893958511103824e-10, 3.767191476224903017e+07, 1.001800377303122543e+06
1.503141966090024084e-10, 3.813107975651364774e+07, 1.066820705715586431e+06
1.581248039270385857e-10, 3.921894908114910871e+07, 1.154387633281025337e+06
1.663412650370169698e-10, 4.028404259368725866e+07, 1.247460000990244094e+06
1.749846688624654551e-10, 4.071504403381372243e+07, 1.326250800879373215e+06
1.840772001468954491e-10, 4.154137733628264815e+07, 1.423330992931745015e+06
1.936421963946606826e-10, 4.315641828313629329e+07, 1.555668862826979486e+06
2.037042077705718970e-10, 4.487582842642205209e+07, 1.701438157586860936e+06
2.142890601120060623e-10, 4.626429300097317994e+07, 1.845438096521651372e+06
2.254239212152432687e-10, 4.829870128837598860e+07, 2.026904465998077998e+06
2.371373705661655168e-10, 5.054701313669209927e+07, 2.231554417553528678e+06
2.494594726942950709e-10, 5.244636277995929867e+07, 2.435911040692724288e+06
2.624218543384439019e-10, 5.450113109986810386e+07, 2.663057130538659170e+06
2.760577856220344782e-10, 5.662343858561946452e+07, 2.910688180895204656e+06
2.904022654464451017e-10, 5.977153553432200849e+07, 3.232332410924715456e+06
3.054921113215515548e-10, 6.172301530148607492e+07, 3.511446716854604427e+06
3.213660538640321425e-10, 6.451154960930404812e+07, 3.860932814909206238e+06
3.380648362059815113e-10, 6.726131277891080081e+07, 4.234778329643204808e+06
3.556313185689847556e-10, 7.126914190828278661e+07, 4.720415650645773858e+06
3.741105882720528966e-10, 7.422403253034947813e+07, 5.171714480059866793e+06
3.935500754557772142e-10, 7.792474615375895798e+07, 5.711838016091479920e+06
4.139996748197304272e-10, 8.178488333689142764e+07, 6.306424056793490425e+06
4.355118736855688095e-10, 8.625047515288259089e+07, 6.996498265031549148e+06
4.581418867145339649e-10, 9.040640347376506031e+07, 7.714840800998690538e+06
4.819477976251271319e-10, 9.549743392725850642e+07, 8.572901119761189446e+06
5.069907082747033666e-10, 1.004301179895116240e+08, 9.484260949850184843e+06
5.333348954876202279e-10, 1.057548319180853367e+08, 1.050627223473414779e+07
5.610479760324701077e-10, 1.114897721716483831e+08, 1.165177850105791353e+07
5.902010801718442306e-10, 1.174539241726301908e+08, 1.291260515754277445e+07
6.208690342300637909e-10, 1.233470976716539264e+08, 1.426552118949251994e+07
6.531305526474729939e-10, 1.298618557337686270e+08, 1.579982136195356771e+07
6.870684400142317101e-10, 1.361539107146209776e+08, 1.742657837082107365e+07
7.227698036021688210e-10, 1.427481213979578018e+08, 1.922045452525601164e+07
7.603262769401807175e-10, 1.487528918154872954e+08, 2.106911402363918722e+07
7.998342550070276743e-10, 1.553145137871275246e+08, 2.314228412520691380e+07
8.413951416451946904e-10, 1.623007166969862282e+08, 2.544073466297385097e+07
8.851156098308355951e-10, 1.684202432862718701e+08, 2.777269661355074123e+07
9.311078754678309670e-10, 1.754330572932831943e+08, 3.043307534201608598e+07
9.794899854086980821e-10, 1.811341327149945796e+08, 3.305533310156461224e+07
1.030386120441616095e-09, 1.870296995668261349e+08, 3.590611554724746197e+07
1.083926914021204014e-09, 1.928598058081377149e+08, 3.895076887228123844e+07
1.140249787561167319e-09, 1.982652748195649683e+08, 4.212467153738121688e+07
1.199499303149378128e-09, 2.027033019391835928e+08, 4.530713873150452971e+07
1.261827534590670558e-09, 2.062407003261472881e+08, 4.849504255869912356e+07
1.327394457729740273e-09, 2.090974399813368320e+08, 5.172365837707339972e+07
1.396368361055936317e-09, 2.118691531760525107e+08, 5.513486648057779670e+07
1.468926277643866174e-09, 2.143421029630404711e+08, 5.867927946772903949e+07
1.545254439538414134e-09, 2.154691296687282622e+08, 6.205559980722549558e+07
1.625548755750481709e-09, 2.155668980233038068e+08, 6.531269672411370277e+07
1.710015315090286320e-09, 2.148812193574216068e+08, 6.849117989192937315e+07
1.798870915128787322e-09, 2.128483522230495512e+08, 7.137176859142756462e+07
1.892343618644975688e-09, 2.102476274175479412e+08, 7.416699412364107370e+07
1.990673338987188583e-09, 2.061987890272153914e+08, 7.652266514071404934e+07
2.094112455850895670e-09, 2.015175394435297847e+08, 7.867578606085672975e+07
2.202926463053456075e-09, 1.962802687723566294e+08, 8.061794637947709858e+07
2.317394649968475145e-09, 1.901633262887952924e+08, 8.216936681360669434e+07
2.437810818368750009e-09, 1.833266438063214719e+08, 8.333691486018319428e+07
2.564484036517716058e-09, 1.761307834919802845e+08, 8.423217766632544994e+07
2.697739432444920460e-09, 1.682566019936087430e+08, 8.465387584946209192e+07
2.837919028441557893e-09, 1.604180450709368587e+08, 8.491062329616637528e+07
2.985382618917963357e-09, 1.522407523287503421e+08, 8.477627458022476733e+07
3.140508693876216431e-09, 1.437990667368778288e+08, 8.424359505414482951e+07
3.303695410368142213e-09, 1.354822028833992779e+08, 8.350296252112171054e+07
3.475361614432053799e-09, 1.269955588166794479e+08, 8.234737403548452258e+07
3.655947916131246718e-09, 1.185543529011594504e+08, 8.087650441254813969e+07
3.845917820453534961e-09, 1.105485050746435374e+08, 7.934179280417722464e+07
4.045758916974428963e-09, 1.024500488714771271e+08, 7.735878203320243955e+07
4.255984131337434845e-09, 9.480654025276257098e+07, 7.531587307660944760e+07
4.477133041763623226e-09, 8.765371042769367993e+07, 7.326083498425422609e+07
4.709773263969519825e-09, 8.054673972798827291e+07, 7.082809584965716302e+07
4.954501908047895353e-09, 7.392335454982973635e+07, 6.839087675097060204e+07
5.211947111050799924e-09, 6.766566097278895974e+07, 6.586379480626864731e+07
5.482769649208535777e-09, 6.173798177417427301e+07, 6.322603312812774628e+07
5.767664633922509555e-09, 5.621277594779577106e+07, 6.056852046068711579e+07
6.067363295885059185e-09, 5.104325166429628432e+07, 5.786575339496853948e+07
6.382634861905482558e-09, 4.634121255177048594e+07, 5.527469480607993901e+07
6.714288529259509001e-09, 4.195747541311953217e+07, 5.265547806990177184e+07
7.063175542629608811e-09, 3.789501856169416010e+07, 5.003803303476280719e+07
7.430191378967006415e-09, 3.417130335510978103e+07, 4.747519466953582317e+07
7.816278045883292923e-09, 3.079016959574146569e+07, 4.500983297046023607e+07
8.222426499470713005e-09, 2.763490520662759244e+07, 4.250531809197488427e+07
8.649679187756937814e-09, 2.474138229804627597e+07, 4.004116481629714370e+07
9.099132726322508595e-09, 2.215023905437638983e+07, 3.771941745812559873e+07
9.571940712948442686e-09, 1.974708798339102045e+07, 3.538373533079881221e+07
1.006931668851804562e-08, 1.759006610256445408e+07, 3.316463530964733288e+07
1.059253725177287621e-08, 1.563099175812868774e+07, 3.101134875148297101e+07
1.114294533591729230e-08, 1.387919459334223345e+07, 2.897551269395414740e+07
1.172195365548130236e-08, 1.230119613664050214e+07, 2.702424878164038062e+07
1.233104833228909634e-08, 1.089385556785224937e+07, 2.518456133589387313e+07
1.297179270983955861e-08, 9.604279912929441780e+06, 2.336530226930647716e+07
1.364583136588923983e-08, 8.448193607744649053e+06, 2.162878182517563552e+07
1.435489433353654691e-08, 7.408227988744498231e+06, 1.995961809026730806e+07
1.510080154164146180e-08, 6.496087656102736481e+06, 1.841909308948146552e+07
1.588546748597777465e-08, 5.680691249125644565e+06, 1.695101213346595690e+07
1.671090614310706979e-08, 4.960190616480587050e+06, 1.557722634439739957e+07
1.757923613958693077e-08, 4.326776690560591407e+06, 1.430090841289541498e+07
1.849268618978079709e-08, 3.770306239321080502e+06, 1.311576817519191653e+07
1.945360081622663184e-08, 3.280803923633321654e+06, 1.201219708665834367e+07
2.046444636724671542e-08, 2.850318508699747268e+06, 1.098440109613153711e+07
2.152781734724369502e-08, 2.472156124313583132e+06, 1.002794553869886324e+07
2.264644307593057319e-08, 2.138495723630525637e+06, 9.130833021723734215e+06
2.382319469358689039e-08, 1.852210062024144456e+06, 8.324762594243641943e+06
2.506109253032113907e-08, 1.601389034809635021e+06, 7.576564284044832923e+06
2.636331385825381413e-08, 1.386181276248798706e+06, 6.904057579615600407e+06
2.773320104651840969e-08, 1.196701577842580853e+06, 6.274727193367930129e+06
2.917427014001165809e-08, 1.031659630894628819e+06, 5.694906083977938630e+06
3.069021988391154998e-08, 8.891475715810493566e+05, 5.167327170323903672e+06
3.228494121712631338e-08, 7.689005312942949822e+05, 4.704781207604466006e+06
3.396252725904081622e-08, 6.623311437257089419e+05, 4.267176630875035189e+06
3.572728381519288657e-08, 5.693736589598964201e+05, 3.862593991810610518e+06
3.758374042884442742e-08, 4.903694527092888020e+05, 3.503019999846312683e+06
3.953666200681278862e-08, 4.217792309833178879e+05, 3.172956316051145550e+06
4.159106104940218542e-08, 3.615916116016415763e+05, 2.864706464167002123e+06
4.375221051582515913e-08, 3.107185672237420222e+05, 2.592144141348063480e+06
4.602565735813553354e-08, 2.665799456441212678e+05, 2.342355719163094647e+06
4.841723675840988696e-08, 2.295840880861809128e+05, 2.124819865270467009e+06
5.093308710571952695e-08, 1.965868040443130594e+05, 1.916563430670954287e+06
5.357966575133417533e-08, 1.686498561478278134e+05, 1.732101205391858704e+06
5.636376558259543076e-08, 1.448853425978837186e+05, 1.567694865907651605e+06
5.929253245799994260e-08, 1.243094762472081929e+05, 1.417175487830288010e+06
6.237348354824184070e-08, 1.064149101675889106e+05, 1.278315848565442022e+06
6.561452663029043443e-08, 9.120983071870304411e+04, 1.154595157034446718e+06
6.902398038402412175e-08, 7.820422841355818673e+04, 1.043298120605790638e+06
7.261059574351543687e-08, 6.703641443467749923e+04, 9.425806695689681219e+05
7.638357835776907026e-08, 5.740561590157704632e+04, 8.508107082295173313e+05
8.035261221856177783e-08, 4.906303172557791549e+04, 7.665612689288265537e+05
8.452788451602899226e-08, 4.209875195722390345e+04, 6.934602230942846509e+05
8.892011178579481813e-08, 3.603987953763646510e+04, 6.259545235769527499e+05
9.354056741475511679e-08, 3.084242210030321803e+04, 5.644761130253523588e+05
9.840111057611325498e-08, 2.638981815314264168e+04, 5.093811251508485293e+05
1.035142166679343147e-07, 2.255466586225808351e+04, 4.592046507681920193e+05
1.088930093333433319e-07, 1.927686463037680733e+04, 4.140252297596442513e+05
1.145512941445534903e-07, 1.649955997316371941e+04, 3.738898544880961417e+05
1.205035940371795992e-07, 1.410172892850960125e+04, 3.371990969942370430e+05
1.267651865857844781e-07, 1.205236740230340547e+04, 3.041546281587057165e+05
1.333521432163324045e-07, 1.030083337556578226e+04, 2.743915347609026358e+05
1.402813704561957486e-07, 8.803844480440580810e+03, 2.475815636443152325e+05
1.475706533275893077e-07, 7.524408444439806772e+03, 2.234294310919784475e+05
1.552387009958081715e-07, 6.437398185737894892e+03, 2.016742121482412622e+05
1.633051947894334705e-07, 5.501870617611673879e+03, 1.820670667181063036e+05
1.717908387157587761e-07, 4.702300435580533303e+03, 1.643982224214292073e+05
1.807174126010925653e-07, 4.018929364783552955e+03, 1.484742613592709531e+05
1.901078279923299666e-07, 3.434870540580852776e+03, 1.341211660734764591e+05
1.999861869632742842e-07, 2.935691215157710758e+03, 1.211823681484175613e+05
2.103778439766472978e-07, 2.509056108196914920e+03, 1.095169933958761685e+05
2.213094709605636295e-07, 2.144422588319782790e+03, 9.899828380071339780e+04
2.328091257665007940e-07, 1.832780152765881212e+03, 8.951217840130905097e+04
2.449063241844743992e-07, 1.566427767852921079e+03, 8.095603709454338241e+04
2.576321157002572855e-07, 1.338783567790249663e+03, 7.323749294758492033e+04
2.710191631890842058e-07, 1.144222209392357627e+03, 6.627342006680714258e+04
2.851018267503907082e-07, 9.779358635187973050e+02, 5.998900537500551582e+04
2.999162518987646980e-07, 8.358154083403931054e+02, 5.431691383389769180e+04
3.155004623374623941e-07, 7.143488881704106461e+02, 4.919653767058953963e+04
3.318944575526103405e-07, 6.105347292221907765e+02, 4.457332117417278641e+04
3.491403154785858900e-07, 5.218075673806040413e+02, 4.039815342805726686e+04
3.672823004980842474e-07, 4.459748550591170329e+02, 3.662682212609810813e+04
3.863669770540689493e-07, 3.811626809873664570e+02, 3.321952234362458694e+04
4.064433291652127549e-07, 3.257694637500554791e+02, 3.014041470603993366e+04
4.275628861515860074e-07, 2.784263748947213912e+02, 2.735722798468959445e+04
4.497798548932875053e-07, 2.379635136509428435e+02, 2.484090164800062485e+04
4.731512589614802628e-07, 2.033809974019802951e+02, 2.256526434526036246e+04
4.977370849789355307e-07, 1.738242534321073549e+02, 2.050674469568411223e+04
5.236004365857494849e-07, 1.485629014815014273e+02, 1.864411113872781789e+04
5.508076964054029391e-07, 1.269727052425714504e+02, 1.695823791816716766e+04
5.794286964268809173e-07, 1.085201467873253307e+02, 1.543189456750690806e+04
6.095368972401687385e-07, 9.274924272242635936e+01, 1.404955652872989776e+04
6.412095765851608593e-07, 7.927027636502721464e+01, 1.279723478765168329e+04
6.745280276979215670e-07, 6.775016732951978327e+01, 1.166232258894641927e+04
7.095777679633887827e-07, 5.790424082596293687e+01, 1.063345755220305000e+04
7.464487584100661313e-07, 4.948919297787136884e+01, 9.700397597029283133e+03
7.852356346100710336e-07, 4.229707853037021437e+01, 8.853909317300134717e+03
8.260379495771783370e-07, 3.615017228158438201e+01, 8.085667538971387330e+03
8.689604292863010418e-07, 3.089657728405841652e+01, 7.388164939432543179e+03
9.141132414702490036e-07, 2.640647132441514344e+01, 6.754630725911926675e+03
9.616122783836638888e-07, 2.256889885831700227e+01, 6.178957448078174821e+03
1.011579454259898283e-06, 1.928902916823307478e+01, 5.655635134708931218e+03
1.064143018224315170e-06, 1.648581300295179020e+01, 5.179692023835772488e+03
1.119437883467150232e-06, 1.408997974684966792e+01, 4.746641211820920034e+03
1.177605973520806597e-06, 1.204232567170912382e+01, 4.352432638541681627e+03
1.238796586530369050e-06, 1.029225096232115533e+01, 3.993409874034704444e+03
1.303166778452298707e-06, 8.796509309426427947e+00, 3.666271203139810041e+03
1.370881766164852098e-06, 7.518139257136779108e+00, 3.368034605775762884e+03
1.442115351524868011e-06, 6.425550848471248244e+00, 3.096006227994842448e+03
1.517050367459335277e-06, 5.491745005291727821e+00, 2.847751995461514070e+03
1.595879147236730565e-06, 4.693646334348267501e+00, 2.621072044515192374e+03
1.678804018122558985e-06, 4.011532921297722432e+00, 2.413977710799178112e+03
1.766037820686164116e-06, 3.428548983545034012e+00, 2.224670803459823674e+03
1.857804455091697021e-06, 2.930288335738945094e+00, 2.051524933395810876e+03
1.954339455775392327e-06, 2.504438398018693501e+00, 1.893068698642721756e+03
2.055890595984140433e-06, 2.140475941657272063e+00, 1.747970541543948229e+03
2.162718523727020259e-06, 1.829407046784631063e+00, 1.615025103836802145e+03
2.275097430772069504e-06, 1.563544850338131731e+00, 1.493140931912991391e+03
2.393315756405384890e-06, 1.336319605980620384e+00, 1.381329411289477093e+03
2.517676927758854593e-06, 1.142116315381175973e+00, 1.278694763702872478e+03
2.648500138606698363e-06, 9.761360006457996397e-01, 1.184425076291647656e+03
2.786121168629766473e-06, 8.342771038640607317e-01, 1.097784182663599722e+03
2.930893245250318698e-06, 7.130341271699330852e-01, 1.018104345346428545e+03
3.083187950249353467e-06, 6.094110262567312697e-01, 9.447796904411316063e+02
3.243396173493490004e-06, 5.208471567210642972e-01, 8.772602425069400169e+02
3.411929116219281216e-06, 4.451540049711020242e-01, 8.150465753414563324e+02
3.589219346450049739e-06, 3.804611101250229277e-01, 7.576849840882389344e+02
3.775721909254159727e-06, 3.251698372941345672e-01, 7.047631159499912883e+02
3.971915494694400700e-06, 2.779138787785950249e-01, 6.559060468097355852e+02
4.178303666466213542e-06, 2.375254853249273712e-01, 6.107727193420901131e+02
4.395416154378242806e-06, 2.030066158846894619e-01, 5.690527535115613773e+02
4.623810213992598294e-06, 1.735042683248589346e-01, 5.304635375599523286e+02
4.864072056914609241e-06, 1.482894091858776298e-01, 4.947476406108922902e+02
5.116818355403072973e-06, 1.267389462639071096e-01, 4.616704168002089546e+02
5.382697825162881249e-06, 1.083203487250964797e-01, 4.310179328003841874e+02
5.662392890382528157e-06, 9.257846771842939693e-02, 4.025949740426040648e+02
5.956621435290097563e-06, 7.912430787073421179e-02, 3.762233762290999834e+02
6.266138646723349015e-06, 6.762540208621158067e-02, 3.517404057890088893e+02
6.591738952443213146e-06, 5.779759462720156227e-02, 3.289973236101818657e+02
6.934258060165687003e-06, 4.939803422374702130e-02, 3.078581790928832902e+02
7.294575102545679062e-06, 4.221915582673719386e-02, 2.881985574068355049e+02
7.673614893618186056e-06, 3.608356120253297661e-02, 2.699045791467645472e+02
8.072350302488374979e-06, 3.083963384279789569e-02, 2.528719442207386976e+02
8.491804750363126655e-06, 2.635778906469448540e-02, 2.370050440137117960e+02
8.933054837332944550e-06, 2.252727664206846322e-02, 2.222162193496597524e+02
9.397233105646374780e-06, 1.925344245605585883e-02, 2.084250470594345188e+02
9.885530946569380493e-06, 1.645538337505755150e-02, 1.955576328778107040e+02
1.039920165829057908e-05, 1.406395623107957113e-02, 1.835461088247345174e+02
1.093956366272093086e-05, 1.202006644226586742e-02, 1.723280835562476625e+02
1.150800388944435666e-05, 1.027320964164213195e-02, 1.618461941526406633e+02
1.210598133550481593e-05, 8.780216564332853427e-03, 1.520475696123747866e+02
1.273503081016660354e-05, 7.504194081585597274e-03, 1.428835446729748071e+02
1.339676687425934466e-05, 6.413612116972031846e-03, 1.343092953625569237e+02
1.409288798421873337e-05, 5.481520485130733471e-03, 1.262834384435843589e+02
1.482518085145951458e-05, 4.684885912852894581e-03, 1.187677851917250962e+02
1.559552502826952309e-05, 4.004021288761513801e-03, 1.117270324819070879e+02
1.640589773199538679e-05, 3.422106122420996363e-03, 1.051287140205991761e+02
1.725837891990201987e-05, 2.924756391718781254e-03, 9.894257525600514214e+01
1.815515662773133475e-05, 2.499684363616454935e-03, 9.314080164348109747e+01
1.909853258566236888e-05, 2.136382722835886670e-03, 8.769744230478377744e+01
2.009092812608727908e-05, 1.825880303443638050e-03, 8.258882475917053512e+01
2.113489039836645523e-05, 1.560499422372640249e-03, 7.779256925497568886e+01
2.223309890651400654e-05, 1.333683918498545454e-03, 7.328816287456885448e+01
2.338837238659353628e-05, 1.139828560638796954e-03, 6.905647021852074374e+01
2.460367604147624960e-05, 9.741446021181425930e-04, 6.507983061835594185e+01
2.588212915153087737e-05, 8.325356610351466752e-04, 6.134159053821107221e+01
2.722701308077910045e-05, 7.115052590611818748e-04, 5.782658058735827211e+01
2.864177969906579846e-05, 6.080614228028534017e-04, 5.452041099620003450e+01
3.013006024186119008e-05, 5.196483050398227697e-04, 5.140977285790172147e+01
3.169567463043487023e-05, 4.440815010172818942e-04, 4.848226076756031233e+01
3.334264127632347269e-05, 3.794949576250027014e-04, 4.572640575209330649e+01
3.507518739525679514e-05, 3.242914912320966556e-04, 4.313122883055859802e+01
3.689775985701500575e-05, 2.771085157369502475e-04, 4.068677746337525036e+01
3.881503659906478245e-05, 2.367802359938794062e-04, 3.838359097272259390e+01
4.083193863326918895e-05, 2.023121210208285144e-04, 3.621313984061456637e+01
4.295364267648868727e-05, 1.728499732222008381e-04, 3.416668781489975260e+01
4.518559443749217176e-05, 1.476662754717946726e-04, 3.223645598796012735e+01
4.753352259428048591e-05, 1.261424344820156454e-04, 3.041590526989563159e+01
5.000345349769783158e-05, 1.077426172849058343e-04, 2.869722316412610397e+01
5.260172663907057610e-05, 9.201734286316403137e-05, 2.707524047593190630e+01
5.533501092157360027e-05, 7.857483328437922542e-05, 2.554300636489516663e+01
5.821032177708709908e-05, 6.708468172016448757e-05, 2.409527083205887266e+01
6.123503917247733364e-05, 5.726315207614011645e-05, 2.272667979300259233e+01
6.441692655151768125e-05, 4.886939501137787818e-05, 2.143289622696018171e+01
6.776415076106743183e-05, 4.169604957359432276e-05, 2.020930324175749604e+01
7.128530301265190909e-05, 3.556537555002287884e-05, 1.905128670223670895e+01
7.498942093324550431e-05, 3.032524688878658405e-05, 1.795429296643294848e+01
7.888601176185532765e-05, 2.584625070096741801e-05, 1.691429116805313271e+01
8.298507675144217602e-05, 2.202022038140403283e-05, 1.592921124430447044e+01
8.729713683881113037e-05, 1.875238834879660473e-05, 1.499575782314181360e+01
9.183325964835800334e-05, 1.596066907620183819e-05, 1.410989520732011826e+01
9.660508789898121246e-05, 1.357801848788246698e-05, 1.327060331374495128e+01
1.016248692870694932e-04, 1.154344535161384410e-05, 1.247356826350682901e+01
1.069054879222656676e-04, 9.808460407106926301e-06, 1.171859944713451718e+01
1.124604973966924549e-04, 8.328302559459669556e-06, 1.100192239384310966e+01
1.183041555725163470e-04, 7.065822276450515743e-06, 1.032116011022274016e+01
1.244514611771384207e-04, 5.990478903781187030e-06, 9.676022847357589995e+00
1.309181922999405612e-04, 5.074817244748741945e-06, 9.064425408864345002e+00
1.377209468893944241e-04, 4.295185599518789826e-06, 8.483993182925019028e+00
1.448771853544760326e-04, 3.632615505292624028e-06, 7.935052516729023786e+00
1.524052753797290724e-04, 3.068667534767536487e-06, 7.413179083698956617e+00
1.603245390690039994e-04, 2.589848155028624682e-06, 6.919349140730936654e+00
1.686553025388738941e-04, 2.183938583935665894e-06, 6.453255378727103420e+00
1.774189480890164621e-04, 1.839177656714107593e-06, 6.010627932406030993e+00
1.866379690834667616e-04, 1.547554074533678474e-06, 5.593835174259266019e+00
1.963360276836043495e-04, 1.300937584686046367e-06, 5.201125307181456492e+00
2.065380155810527039e-04, 1.091975324381512262e-06, 4.828800294821281369e+00
2.172701178863743125e-04, 9.159244480566508874e-07, 4.480017949443112713e+00
2.285598803375427502e-04, 7.670900874604034548e-07, 4.150182698345477483e+00
2.404362800006929737e-04, 6.412661948084272852e-07, 3.837656400131990608e+00
2.529297996446142408e-04, 5.358433604411847056e-07, 3.547151043908522983e+00
2.660725059798808335e-04, 4.469992993331523161e-07, 3.273165981361942478e+00
2.798981319634359969e-04, 3.722605223591654885e-07, 3.015312033276075887e+00
2.944421633798757201e-04, 3.096829907860520257e-07, 2.774799831948410400e+00
3.097419299216577857e-04, 2.571764747776924463e-07, 2.549048992193494900e+00
3.258367010020083690e-04, 2.132740597352935091e-07, 2.338414195134209450e+00
3.427677865464497770e-04, 1.764035878725454009e-07, 2.139578874931698849e+00
3.605786430216419711e-04, 1.456637150847284394e-07, 1.954404443825173976e+00
3.793149849736817260e-04, 1.200912289148276046e-07, 1.782442141967639060e+00
3.990249023621416529e-04, 9.876514279837930551e-08, 1.621621021877382773e+00
4.197589839910068955e-04, 8.097363062822689556e-08, 1.470720054882735939e+00
4.415704473533120706e-04, 6.631447898244203726e-08, 1.332418128485607367e+00
4.645152752227491933e-04, 5.426385978555339022e-08, 1.206111615319468422e+00
4.886523593428331686e-04, 4.420944660924611481e-08, 1.087000020467908667e+00
5.140436515824254367e-04, 3.599333325427307073e-08, 9.789669813033387014e-01
5.407543229455804949e-04, 2.920128862576718619e-08, 8.785948119708193449e-01
5.688529308438407088e-04, 2.366208314438654682e-08, 7.875174590751106152e-01
5.984115950603185932e-04, 1.910064085427353163e-08, 7.031774764105926945e-01
6.295061828571967780e-04, 1.537219527757431104e-08, 6.259675177021436498e-01
6.622165037017614837e-04, 1.231794421470962241e-08, 5.548005628991180549e-01
6.966265141107679491e-04, 9.884800980053163156e-09, 4.924314459235235031e-01
7.328245331389029006e-04, 7.923866411257194373e-09, 4.365996896582647335e-01
7.709034690644293083e-04, 6.360467939643398285e-09, 3.876136696951846261e-01
8.109610578538404418e-04, 5.078947670288209458e-09, 3.423111434636488815e-01
8.531001140175886385e-04, 4.062120155733009819e-09, 3.028023668760179699e-01
8.974287945007472294e-04, 3.243288632847789881e-09, 2.673652855656702965e-01
9.440608762859225515e-04, 2.583584535459746078e-09, 2.355217599912801107e-01
9.931160484209324620e-04, 2.051798023235575031e-09, 2.068242127705071376e-01
1.044720219220798265e-03, 1.623242160258947833e-09, 1.809204280079998173e-01
1.099005839432519709e-03, 1.288790937161261207e-09, 1.588180250315738007e-01
1.156112242192098129e-03, 1.022549487127386352e-09, 1.393111242607638078e-01
1.216186000646367902e-03, 8.181323909949166523e-10, 1.232335467944896401e-01
1.279381304157525346e-03, 6.449919789546314688e-10, 1.073865431989293184e-01
1.345860354055946825e-03, 5.121087919571596732e-10, 9.424449401315432295e-02
1.415793779957078133e-03, 3.981299347862078494e-10, 8.095231645766812201e-02
1.489361077710912385e-03, 3.151584795124390952e-10, 7.081461080973186495e-02
1.566751070108147060e-03, 2.498030424793797457e-10, 6.202205231018139558e-02
1.648162391525506785e-03, 1.974874902935941033e-10, 5.419208857135992402e-02
1.733803997754137464e-03, 1.500054146331486589e-10, 4.542989364478521030e-02
1.823895702319638500e-03, 1.158806627005859955e-10, 3.873761564384086559e-02
1.918668740670287148e-03, 9.196898170727516692e-11, 3.395219854788394248e-02
2.018366363681555527e-03, 7.039596553534094070e-11, 2.866307802550174810e-02
2.123244462000214820e-03, 5.435641544670169863e-11, 2.440826111699366530e-02
2.233572222830528409e-03, 4.404900553877532892e-11, 2.184587784096659463e-02
2.349632820848305062e-03, 3.418688206064933828e-11, 1.875978872067944961e-02
2.471724145016129109e-03, 2.685411402439651890e-11, 1.625314169054851987e-02
2.600159563165272119e-03, 1.915925872752089367e-11, 1.273342191159837836e-02
2.735268726306713891e-03, 1.564036635052466540e-11, 1.147637175058802313e-02
2.877398414735666578e-03, 1.199104378098729112e-11, 9.679369163128195147e-03
3.026913428101298334e-03, 8.585372804539120290e-12, 7.583869024698232202e-03
3.184197521726119060e-03, 6.295047764732554658e-12, 6.082980496679899450e-03
3.349654391578272498e-03, 5.008777005836839922e-12, 5.323578912283541929e-03
3.523708710424869068e-03, 3.716231718099709812e-12, 4.312321004721697895e-03
3.706807217825759931e-03, 2.633756959272990858e-12, 3.310356995391788067e-03
3.899419866765435790e-03, 1.822176058736264766e-12, 2.458840712770187387e-03
4.102041029866064330e-03, 1.315324943387125518e-12, 1.905780550255398685e-03
4.315190768277641156e-03, 1.124172755808083424e-12, 1.802450890751056611e-03
4.539416166502023217e-03, 6.003448091386757451e-13, 9.392555989695876382e-04
4.775292736576902328e-03, 3.844493806393332957e-13, 5.860062312549941307e-04
5.023425895223866157e-03, 2.414335860482101402e-13, 4.556272241164649765e-04
5.284452517751802615e-03, 1.419657700784101907e-13, 2.456531470180728198e-04
5.559042572704037122e-03, 1.213343149780825520e-13, 2.323351912399149535e-04
5.847900841444799748e-03, 1.037011667183533955e-13, 2.197394446919092095e-04
6.151768727098664430e-03, 3.617364083541066569e-14, 3.260283184604883940e-06
6.471426157485817530e-03, 3.091663524667647918e-14, 3.083535992857641090e-06
6.807693586937403271e-03, 2.642361434739410237e-14, 2.916372748653121665e-06
7.161434102129013088e-03, 2.258355055810507231e-14, 2.758273560757394983e-06
7.533555637337169958e-03, 1.930155160097490462e-14, 2.608746761246013745e-06
7.925013304804717773e-03, 1.649651560531040503e-14, 2.467327371202304870e-06
8.336811846196331283e-03, 0.000000000000000000e+00, 0.000000000000000000e+00
8.770008211436322587e-03, 0.000000000000000000e+00, 0.000000000000000000e+00
9.225714271547610229e-03, 0.000000000000000000e+00, 0.000000000000000000e+00
9.705099672454878257e-03, 0.000000000000000000e+00, 0.000000000000000000e+00
1.020939483707678647e-02, 0.000000000000000000e+00, 0.000000000000000000e+00
1.073989412341243982e-02, 0.000000000000000000e+00, 0.000000000000000000e+00
1.129795914672797677e-02, 0.000000000000000000e+00, 0.000000000000000000e+00
1.188502227437018832e-02, 0.000000000000000000e+00, 0.000000000000000000e+00
1.250259030217718698e-02, 0.000000000000000000e+00, 0.000000000000000000e+00
1.315224832192234822e-02, 0.000000000000000000e+00, 0.000000000000000000e+00
1.383566378971778053e-02, 0.000000000000000000e+00, 0.000000000000000000e+00
1.455459080581963938e-02, 0.000000000000000000e+00, 0.000000000000000000e+00
1.531087461682028965e-02, 0.000000000000000000e+00, 0.000000000000000000e+00
1.610645635178269836e-02, 0.000000000000000000e+00, 0.000000000000000000e+00
1.694337800447328832e-02, 0.000000000000000000e+00, 0.000000000000000000e+00
1.782378767448087112e-02, 0.000000000000000000e+00, 0.000000000000000000e+00
1.874994508067413454e-02, 0.000000000000000000e+00, 0.000000000000000000e+00
1.972422736114849348e-02, 0.000000000000000000e+00, 0.000000000000000000e+00
2.074913517454906459e-02, 0.000000000000000000e+00, 0.000000000000000000e+00
2.182729911842998943e-02, 0.000000000000000000e+00, 0.000000000000000000e+00
2.296148648112360593e-02, 0.000000000000000000e+00, 0.000000000000000000e+00
2.415460834444940405e-02, 0.000000000000000000e+00, 0.000000000000000000e+00
2.540972705549301297e-02, 0.000000000000000000e+00, 0.000000000000000000e+00
2.673006408663303191e-02, 0.000000000000000000e+00, 0.000000000000000000e+00
2.811900830398933807e-02, 0.000000000000000000e+00, 0.000000000000000000e+00
2.958012466551540251e-02, 0.000000000000000000e+00, 0.000000000000000000e+00
3.111716337106013724e-02, 0.000000000000000000e+00, 0.000000000000000000e+00
3.273406948788379345e-02, 0.000000000000000000e+00, 0.000000000000000000e+00
3.443499307633384604e-02, 0.000000000000000000e+00, 0.000000000000000000e+00
3.622429984166987416e-02, 0.000000000000000000e+00, 0.000000000000000000e+00
3.810658233937726236e-02, 0.000000000000000000e+00, 0.000000000000000000e+00
4.008667176273017496e-02, 0.000000000000000000e+00, 0.000000000000000000e+00
4.216965034285814068e-02, 0.000000000000000000e+00, 0.000000000000000000e+00
4.436086439314318453e-02, 0.000000000000000000e+00, 0.000000000000000000e+00
4.666593803142881497e-02, 0.000000000000000000e+00, 0.000000000000000000e+00
4.909078761526029094e-02, 0.000000000000000000e+00, 0.000000000000000000e+00
5.164163692720710741e-02, 0.000000000000000000e+00, 0.000000000000000000e+00
5.432503314924325144e-02, 0.000000000000000000e+00, 0.000000000000000000e+00
5.714786366718654226e-02, 0.000000000000000000e+00, 0.000000000000000000e+00
6.011737374832767239e-02, 0.000000000000000000e+00, 0.000000000000000000e+00
6.324118513762183591e-02, 0.000000000000000000e+00, 0.000000000000000000e+00
6.652731562017405453e-02, 0.000000000000000000e+00, 0.000000000000000000e+00
6.998419960022730923e-02, 0.000000000000000000e+00, 0.000000000000000000e+00
7.362070974947361457e-02, 0.000000000000000000e+00, 0.000000000000000000e+00
7.744617978025175598e-02, 0.000000000000000000e+00, 0.000000000000000000e+00
8.147042840208371106e-02, 0.000000000000000000e+00, 0.000000000000000000e+00
8.570378452303674399e-02, 0.000000000000000000e+00, 0.000000000000000000e+00
9.015711376059551418e-02, 0.000000000000000000e+00, 0.000000000000000000e+00
9.484184633008958809e-02, 0.000000000000000000e+00, 0.000000000000000000e+00
9.977000638225524964e-02, 0.000000000000000000e+00, 0.000000000000000000e+00
1.049542428652322085e-01, 0.000000000000000000e+00, 0.000000000000000000e+00
1.104078619902073566e-01, 0.000000000000000000e+00, 0.000000000000000000e+00
1.161448613840341398e-01, 0.000000000000000000e+00, 0.000000000000000000e+00
1.221799660164868684e-01, 0.000000000000000000e+00, 0.000000000000000000e+00
1.285286659943612741e-01, 0.000000000000000000e+00, 0.000000000000000000e+00
1.352072563194275101e-01, 0.000000000000000000e+00, 0.000000000000000000e+00
1.422328787122818239e-01, 0.000000000000000000e+00, 0.000000000000000000e+00
1.496235656094432875e-01, 0.000000000000000000e+00, 0.000000000000000000e+00
1.573982864466219878e-01, 0.000000000000000000e+00, 0.000000000000000000e+00
1.655769963469526096e-01, 0.000000000000000000e+00, 0.000000000000000000e+00
1.741806873391609223e-01, 0.000000000000000000e+00, 0.000000000000000000e+00
1.832314422371207341e-01, 0.000000000000000000e+00, 0.000000000000000000e+00
1.927524913190932776e-01, 0.000000000000000000e+00, 0.000000000000000000e+00
2.027682719521279597e-01, 0.000000000000000000e+00, 0.000000000000000000e+00
2.133044913146575072e-01, 0.000000000000000000e+00, 0.000000000000000000e+00
2.243881923782766186e-01, 0.000000000000000000e+00, 0.000000000000000000e+00
2.360478233180573204e-01, 0.000000000000000000e+00, 0.000000000000000000e+00
2.483133105295562693e-01, 0.000000000000000000e+00, 0.000000000000000000e+00
2.612161354399200053e-01, 0.000000000000000000e+00, 0.000000000000000000e+00
2.747894153102391490e-01, 0.000000000000000000e+00, 0.000000000000000000e+00
2.890679882365471687e-01, 0.000000000000000000e+00, 0.000000000000000000e+00
3.040885025676277054e-01, 0.000000000000000000e+00, 0.000000000000000000e+00
3.198895109691397010e-01, 0.000000000000000000e+00, 0.000000000000000000e+00
3.365115693754908155e-01, 0.000000000000000000e+00, 0.000000000000000000e+00
3.539973410834342804e-01, 0.000000000000000000e+00, 0.000000000000000000e+00
3.723917062545675227e-01, 0.000000000000000000e+00, 0.000000000000000000e+00
3.917418771077822437e-01, 0.000000000000000000e+00, 0.000000000000000000e+00
4.120975190973295565e-01, 0.000000000000000000e+00, 0.000000000000000000e+00
4.335108783875284422e-01, 0.000000000000000000e+00, 0.000000000000000000e+00
4.560369159512959736e-01, 0.000000000000000000e+00, 0.000000000000000000e+00
4.797334486366891526e-01, 0.000000000000000000e+00, 0.000000000000000000e+00
5.046612975635276221e-01, 0.000000000000000000e+00, 0.000000000000000000e+00
5.308844442309867961e-01, 0.000000000000000000e+00, 0.000000000000000000e+00
5.584701947368295727e-01, 0.000000000000000000e+00, 0.000000000000000000e+00
5.874893525297757435e-01, 0.000000000000000000e+00, 0.000000000000000000e+00
6.180164001384151895e-01, 0.000000000000000000e+00, 0.000000000000000000e+00
6.501296903430903162e-01, 0.000000000000000000e+00, 0.000000000000000000e+00
6.839116472814292802e-01, 0.000000000000000000e+00, 0.000000000000000000e+00
7.194489780036983362e-01, 0.000000000000000000e+00, 0.000000000000000000e+00
7.568328950209720629e-01, 0.000000000000000000e+00, 0.000000000000000000e+00
7.961593504173167801e-01, 0.000000000000000000e+00, 0.000000000000000000e+00
8.375292821268809362e-01, 0.000000000000000000e+00, 0.000000000000000000e+00
8.810488730080129338e-01, 0.000000000000000000e+00, 0.000000000000000000e+00
9.268298233793484942e-01, 0.000000000000000000e+00, 0.000000000000000000e+00
9.749896377173866702e-01, 0.000000000000000000e+00, 0.000000000000000000e+00
