# Columns: R_MC [pc], P(R_MC) [1/pc], Cross-section weighted P(R_MC) [1/pc]
1.025651926251407861e-11, 0.000000000000000000e+00, 0.000000000000000000e+00
1.078946722229829815e-11, 0.000000000000000000e+00, 0.000000000000000000e+00
1.135010815672316663e-11, 0.000000000000000000e+00, 0.000000000000000000e+00
1.193988104464273125e-11, 0.000000000000000000e+00, 0.000000000000000000e+00
1.256029963694872804e-11, 0.000000000000000000e+00, 0.000000000000000000e+00
1.321295634186573788e-11, 0.000000000000000000e+00, 0.000000000000000000e+00
1.389952631213352601e-11, 0.000000000000000000e+00, 0.000000000000000000e+00
1.462177174456718478e-11, 0.000000000000000000e+00, 0.000000000000000000e+00
1.538154640303035716e-11, 0.000000000000000000e+00, 0.000000000000000000e+00
1.618080037643067682e-11, 0.000000000000000000e+00, 0.000000000000000000e+00
1.702158508394953640e-11, 0.000000000000000000e+00, 0.000000000000000000e+00
1.790605854035294846e-11, 0.000000000000000000e+00, 0.000000000000000000e+00
1.883649089489798225e-11, 0.000000000000000000e+00, 0.000000000000000000e+00
1.981527025805096908e-11, 0.000000000000000000e+00, 0.000000000000000000e+00
2.084490883097288542e-11, 0.000000000000000000e+00, 0.000000000000000000e+00
2.192804935350449494e-11, 0.000000000000000000e+00, 0.000000000000000000e+00
2.306747188720071646e-11, 0.000000000000000000e+00, 0.000000000000000000e+00
2.426610095082419209e-11, 0.000000000000000000e+00, 0.000000000000000000e+00
2.552701302661247069e-11, 0.000000000000000000e+00, 0.000000000000000000e+00
2.685344445658503549e-11, 0.000000000000000000e+00, 0.000000000000000000e+00
2.824879974915704763e-11, 0.000000000000000000e+00, 0.000000000000000000e+00
2.971666031738025020e-11, 0.000000000000000000e+00, 0.000000000000000000e+00
3.126079367123955679e-11, 0.000000000000000000e+00, 0.000000000000000000e+00
3.288516308759833167e-11, 0.000000000000000000e+00, 0.000000000000000000e+00
3.459393778261224212e-11, 0.000000000000000000e+00, 0.000000000000000000e+00
3.639150361272071167e-11, 0.000000000000000000e+00, 0.000000000000000000e+00
3.828247433168220594e-11, 0.000000000000000000e+00, 0.000000000000000000e+00
4.027170343254586841e-11, 0.000000000000000000e+00, 0.000000000000000000e+00
4.236429660495408969e-11, 0.000000000000000000e+00, 0.000000000000000000e+00
4.456562483975033441e-11, 0.000000000000000000e+00, 0.000000000000000000e+00
4.688133821452655254e-11, 0.000000000000000000e+00, 0.000000000000000000e+00
4.931738039549364670e-11, 0.000000000000000000e+00, 0.000000000000000000e+00
5.188000389289609384e-11, 0.000000000000000000e+00, 0.000000000000000000e+00
5.457578610912699557e-11, 0.000000000000000000e+00, 0.000000000000000000e+00
5.741164622073268011e-11, 0.000000000000000000e+00, 0.000000000000000000e+00
6.039486293763794275e-11, 0.000000000000000000e+00, 0.000000000000000000e+00
6.353309318517436562e-11, 0.000000000000000000e+00, 0.000000000000000000e+00
6.683439175686149603e-11, 0.000000000000000000e+00, 0.000000000000000000e+00
7.030723198838341702e-11, 0.000000000000000000e+00, 0.000000000000000000e+00
7.396052750582374558e-11, 0.000000000000000000e+00, 0.000000000000000000e+00
7.780365510398024982e-11, 0.000000000000000000e+00, 0.000000000000000000e+00
8.184647881347885976e-11, 0.000000000000000000e+00, 0.000000000000000000e+00
8.609937521845998927e-11, 0.000000000000000000e+00, 0.000000000000000000e+00
9.057326008981998694e-11, 0.000000000000000000e+00, 0.000000000000000000e+00
9.527961640236521090e-11, 0.000000000000000000e+00, 0.000000000000000000e+00
1.002305238077900488e-10, 0.000000000000000000e+00, 0.000000000000000000e+00
1.054386896391260237e-10, 0.000000000000000000e+00, 0.000000000000000000e+00
1.109174815262403146e-10, 0.000000000000000000e+00, 0.000000000000000000e+00
1.166809617060962959e-10, 0.000000000000000000e+00, 0.000000000000000000e+00
1.227439231158405997e-10, 0.000000000000000000e+00, 0.000000000000000000e+00
1.291219273613533562e-10, 0.000000000000000000e+00, 0.000000000000000000e+00
1.358313446587154174e-10, 0.000000000000000000e+00, 0.000000000000000000e+00
1.428893958511103824e-10, 0.000000000000000000e+00, 0.000000000000000000e+00
1.503141966090024084e-10, 0.000000000000000000e+00, 0.000000000000000000e+00
1.581248039270385857e-10, 0.000000000000000000e+00, 0.000000000000000000e+00
1.663412650370169698e-10, 0.000000000000000000e+00, 0.000000000000000000e+00
1.749846688624654551e-10, 0.000000000000000000e+00, 0.000000000000000000e+00
1.840772001468954491e-10, 0.000000000000000000e+00, 0.000000000000000000e+00
1.936421963946606826e-10, 0.000000000000000000e+00, 0.000000000000000000e+00
2.037042077705718970e-10, 0.000000000000000000e+00, 0.000000000000000000e+00
2.142890601120060623e-10, 0.000000000000000000e+00, 0.000000000000000000e+00
2.254239212152432687e-10, 0.000000000000000000e+00, 0.000000000000000000e+00
2.371373705661655168e-10, 0.000000000000000000e+00, 0.000000000000000000e+00
2.494594726942950709e-10, 0.000000000000000000e+00, 0.000000000000000000e+00
2.624218543384439019e-10, 0.000000000000000000e+00, 0.000000000000000000e+00
2.760577856220344782e-10, 0.000000000000000000e+00, 0.000000000000000000e+00
2.904022654464451017e-10, 0.000000000000000000e+00, 0.000000000000000000e+00
3.054921113215515548e-10, 0.000000000000000000e+00, 0.000000000000000000e+00
3.213660538640321425e-10, 0.000000000000000000e+00, 0.000000000000000000e+00
3.380648362059815113e-10, 0.000000000000000000e+00, 0.000000000000000000e+00
3.556313185689847556e-10, 0.000000000000000000e+00, 0.000000000000000000e+00
3.741105882720528966e-10, 0.000000000000000000e+00, 0.000000000000000000e+00
3.935500754557772142e-10, 0.000000000000000000e+00, 0.000000000000000000e+00
4.139996748197304272e-10, 0.000000000000000000e+00, 0.000000000000000000e+00
4.355118736855688095e-10, 0.000000000000000000e+00, 0.000000000000000000e+00
4.581418867145339649e-10, 0.000000000000000000e+00, 0.000000000000000000e+00
4.819477976251271319e-10, 0.000000000000000000e+00, 0.000000000000000000e+00
5.069907082747033666e-10, 0.000000000000000000e+00, 0.000000000000000000e+00
5.333348954876202279e-10, 0.000000000000000000e+00, 0.000000000000000000e+00
5.610479760324701077e-10, 0.000000000000000000e+00, 0.000000000000000000e+00
5.902010801718442306e-10, 0.000000000000000000e+00, 0.000000000000000000e+00
6.208690342300637909e-10, 0.000000000000000000e+00, 0.000000000000000000e+00
6.531305526474729939e-10, 0.000000000000000000e+00, 0.000000000000000000e+00
6.870684400142317101e-10, 0.000000000000000000e+00, 0.000000000000000000e+00
7.227698036021688210e-10, 0.000000000000000000e+00, 0.000000000000000000e+00
7.603262769401807175e-10, 0.000000000000000000e+00, 0.000000000000000000e+00
7.998342550070276743e-10, 0.000000000000000000e+00, 0.000000000000000000e+00
8.413951416451946904e-10, 0.000000000000000000e+00, 0.000000000000000000e+00
8.851156098308355951e-10, 0.000000000000000000e+00, 0.000000000000000000e+00
9.311078754678309670e-10, 0.000000000000000000e+00, 0.000000000000000000e+00
9.794899854086980821e-10, 0.000000000000000000e+00, 0.000000000000000000e+00
1.030386120441616095e-09, 0.000000000000000000e+00, 0.000000000000000000e+00
1.083926914021204014e-09, 0.000000000000000000e+00, 0.000000000000000000e+00
1.140249787561167319e-09, 0.000000000000000000e+00, 0.000000000000000000e+00
1.199499303149378128e-09, 0.000000000000000000e+00, 0.000000000000000000e+00
1.261827534590670558e-09, 0.000000000000000000e+00, 0.000000000000000000e+00
1.327394457729740273e-09, 0.000000000000000000e+00, 0.000000000000000000e+00
1.396368361055936317e-09, 0.000000000000000000e+00, 0.000000000000000000e+00
1.468926277643866174e-09, 0.000000000000000000e+00, 0.000000000000000000e+00
1.545254439538414134e-09, 0.000000000000000000e+00, 0.000000000000000000e+00
1.625548755750481709e-09, 0.000000000000000000e+00, 0.000000000000000000e+00
1.710015315090286320e-09, 0.000000000000000000e+00, 0.000000000000000000e+00
1.798870915128787322e-09, 0.000000000000000000e+00, 0.000000000000000000e+00
1.892343618644975688e-09, 0.000000000000000000e+00, 0.000000000000000000e+00
1.990673338987188583e-09, 0.000000000000000000e+00, 0.000000000000000000e+00
2.094112455850895670e-09, 0.000000000000000000e+00, 0.000000000000000000e+00
2.202926463053456075e-09, 0.000000000000000000e+00, 0.000000000000000000e+00
2.317394649968475145e-09, 0.000000000000000000e+00, 0.000000000000000000e+00
2.437810818368750009e-09, 0.000000000000000000e+00, 0.000000000000000000e+00
2.564484036517716058e-09, 0.000000000000000000e+00, 0.000000000000000000e+00
2.697739432444920460e-09, 0.000000000000000000e+00, 0.000000000000000000e+00
2.837919028441557893e-09, 0.000000000000000000e+00, 0.000000000000000000e+00
2.985382618917963357e-09, 0.000000000000000000e+00, 0.000000000000000000e+00
3.140508693876216431e-09, 0.000000000000000000e+00, 0.000000000000000000e+00
3.303695410368142213e-09, 0.000000000000000000e+00, 0.000000000000000000e+00
3.475361614432053799e-09, 0.000000000000000000e+00, 0.000000000000000000e+00
3.655947916131246718e-09, 0.000000000000000000e+00, 0.000000000000000000e+00
3.845917820453534961e-09, 0.000000000000000000e+00, 0.000000000000000000e+00
4.045758916974428963e-09, 2.775478080623314554e+02, 9.753433535226121998e-02
4.255984131337434845e-09, 2.372126262993639330e+02, 8.793238647285926690e-02
4.477133041763623226e-09, 2.027392342554728089e+02, 7.928637785769473978e-02
4.709773263969519825e-09, 1.732757557965019828e+02, 7.150054688731286023e-02
4.954501908047895353e-09, 1.480941153650347815e+02, 6.448875662629513505e-02
5.211947111050799924e-09, 1.265720464177885276e+02, 5.817352651086969001e-02
5.482769649208535777e-09, 1.081777145222697101e+02, 5.248516074353780370e-02
5.767664633922509555e-09, 6.399885711495819578e+02, 3.278347265324003112e-01
6.067363295885059185e-09, 5.469809717606399317e+02, 2.958796239016046603e-01
6.382634861905482558e-09, 4.674898849065348827e+02, 2.670881382760694200e-01
6.714288529259509001e-09, 8.550840242284481292e+02, 5.160759474790225232e-01
7.063175542629608811e-09, 7.308172545477500535e+02, 4.660393003004055790e-01
7.430191378967006415e-09, 1.527868941583750711e+03, 1.029672113682693402e+00
7.816278045883292923e-09, 3.660961342005780352e+03, 2.607960941775547159e+00
8.222426499470713005e-09, 1.278434862738507763e+04, 9.628875339570209135e+00
8.649679187756937814e-09, 2.178484447114233626e+04, 1.735179558215950024e+01
9.099132726322508595e-09, 2.736877565215413779e+04, 2.305921303631798125e+01
9.571940712948442686e-09, 3.115664349979103645e+04, 2.777469966119865319e+01
1.006931668851804562e-08, 3.668593778448030207e+04, 3.461168722186650371e+01
1.059253725177287621e-08, 3.908697088810622517e+04, 3.903902471539748120e+01
1.114294533591729230e-08, 4.370768317049692996e+04, 4.622665985519431331e+01
1.172195365548130236e-08, 4.696922828092788404e+04, 5.261924981073494223e+01
1.233104833228909634e-08, 5.707121246633536794e+04, 6.774517570866650829e+01
1.297179270983955861e-08, 6.497151396047628805e+04, 8.174341619998071451e+01
1.364583136588923983e-08, 8.363478933672972198e+04, 1.115652083191043431e+02
1.435489433353654691e-08, 8.759938983358185214e+04, 1.239377212877838303e+02
1.510080154164146180e-08, 9.673804065979956067e+04, 1.452158760935425335e+02
1.588546748597777465e-08, 1.181397634276346653e+05, 1.882289050257616623e+02
1.671090614310706979e-08, 1.223907534203549440e+05, 2.070506309824949938e+02
1.757923613958693077e-08, 1.399747553378209122e+05, 2.515272691954394304e+02
1.849268618978079709e-08, 1.558584703133755247e+05, 2.976104967541430142e+02
1.945360081622663184e-08, 1.698809871662190126e+05, 3.448463010479000559e+02
2.046444636724671542e-08, 1.930913943791970960e+05, 4.168622695898853294e+02
2.152781734724369502e-08, 2.121218111594278889e+05, 4.872537748629532075e+02
2.264644307593057319e-08, 2.326477282791113248e+05, 5.688603618830960613e+02
2.382319469358689039e-08, 2.706071895310385153e+05, 7.046692140257289338e+02
2.506109253032113907e-08, 3.070822777668954805e+05, 8.520151314078671021e+02
2.636331385825381413e-08, 3.392003059636859689e+05, 1.003247598095304852e+03
2.773320104651840969e-08, 3.780903173829371808e+05, 1.192682193669457774e+03
2.917427014001165809e-08, 4.233337452917560004e+05, 1.424991919487908717e+03
3.069021988391154998e-08, 4.794522321285954094e+05, 1.723071187981259754e+03
3.228494121712631338e-08, 5.377140114041204797e+05, 2.064288874860572378e+03
3.396252725904081622e-08, 6.071241870812019333e+05, 2.491124746102025256e+03
3.572728381519288657e-08, 6.810718535952850943e+05, 2.988489973770548659e+03
3.758374042884442742e-08, 7.589858593278235057e+05, 3.563525999653576037e+03
3.953666200681278862e-08, 8.453193899980970891e+05, 4.249179086414137601e+03
4.159106104940218542e-08, 9.358028458387575811e+05, 5.039193234436026614e+03
4.375221051582515913e-08, 1.037386974764251732e+06, 5.987810452066402831e+03
4.602565735813553354e-08, 1.147692761909361696e+06, 7.105016053628211012e+03
4.841723675840988696e-08, 1.271569339910664828e+06, 8.448047284247859352e+03
5.093308710571952695e-08, 1.401357906505304622e+06, 9.997922594392364772e+03
5.357966575133417533e-08, 1.534180481731768232e+06, 1.176120063466153806e+04
5.636376558259543076e-08, 1.678792634548820788e+06, 1.383754618560344534e+04
5.929253245799994260e-08, 1.819838157260116888e+06, 1.613822777822252465e+04
6.237348354824184070e-08, 1.962898286184009630e+06, 1.873948740884154176e+04
6.561452663029043443e-08, 2.102515060237076133e+06, 2.162284729002773747e+04
6.902398038402412175e-08, 2.241816634864862543e+06, 2.485224356353232361e+04
7.261059574351543687e-08, 2.378143558830476366e+06, 2.843634311578977940e+04
7.638357835776907026e-08, 2.508551527384790592e+06, 3.237482663479987605e+04
8.035261221856177783e-08, 2.622988250542619266e+06, 3.656014502166361490e+04
8.452788451602899226e-08, 2.746649335736057255e+06, 4.137326221435701882e+04
8.892011178579481813e-08, 2.843371349824747071e+06, 4.631610837421321048e+04
9.354056741475511679e-08, 2.918311887001391035e+06, 5.143844220362648775e+04
9.840111057611325498e-08, 2.969340941560592968e+06, 5.666930667937848193e+04
1.035142166679343147e-07, 2.997843991420985200e+06, 6.198702147431042249e+04
1.088930093333433319e-07, 3.017933127943749074e+06, 6.765115058235940523e+04
1.145512941445534903e-07, 3.031396447122504935e+06, 7.371392035852589470e+04
1.205035940371795992e-07, 3.021603436410811264e+06, 7.975353290545647906e+04
1.267651865857844781e-07, 2.990954607479869388e+06, 8.574115345288849494e+04
1.333521432163324045e-07, 2.953434953384437598e+06, 9.200932831629070279e+04
1.402813704561957486e-07, 2.892478448676950298e+06, 9.798368379918501887e+04
1.475706533275893077e-07, 2.808697394532616250e+06, 1.035185239859886788e+05
1.552387009958081715e-07, 2.720900965242754668e+06, 1.091695453142887854e+05
1.633051947894334705e-07, 2.641415178248920012e+06, 1.154364303914949560e+05
1.717908387157587761e-07, 2.552765157030545175e+06, 1.215827049098025309e+05
1.807174126010925653e-07, 2.456089896893681493e+06, 1.275535264129387360e+05
1.901078279923299666e-07, 2.352661055595031474e+06, 1.332976656331048871e+05
1.999861869632742842e-07, 2.259209714723151643e+06, 1.397196213771095208e+05
2.103778439766472978e-07, 2.155593539599189069e+06, 1.455871341505014279e+05
2.213094709605636295e-07, 2.047974557446715888e+06, 1.511291874831388996e+05
2.328091257665007940e-07, 1.945423549794474849e+06, 1.569324453432811133e+05
2.449063241844743992e-07, 1.839732239227743354e+06, 1.623041967756755184e+05
2.576321157002572855e-07, 1.743306106595240301e+06, 1.682758250213089923e+05
2.710191631890842058e-07, 1.646526650653535035e+06, 1.739725629415913718e+05
2.851018267503907082e-07, 1.551714360494692577e+06, 1.795449691360751167e+05
2.999162518987646980e-07, 1.459227117044067709e+06, 1.849753821325279132e+05
3.155004623374623941e-07, 1.370265657541840104e+06, 1.903706953377624741e+05
3.318944575526103405e-07, 1.287410948846039828e+06, 1.961038478434293647e+05
3.491403154785858900e-07, 1.205785830258894246e+06, 2.014543500863283698e+05
3.672823004980842474e-07, 1.124374818061178783e+06, 2.061169953197684372e+05
3.863669770540689493e-07, 1.042170391081030248e+06, 2.096964420745745010e+05
4.064433291652127549e-07, 9.623452055604067864e+05, 2.126087355467988527e+05
4.275628861515860074e-07, 8.851894088802740443e+05, 2.147966299866976042e+05
4.497798548932875053e-07, 8.081772289426173083e+05, 2.154651512914050254e+05
4.731512589614802628e-07, 7.332176018971595913e+05, 2.148402763188080571e+05
4.977370849789355307e-07, 6.630861880057483213e+05, 2.135962304310892941e+05
5.236004365857494849e-07, 5.966510618363018148e+05, 2.113530258935395686e+05
5.508076964054029391e-07, 5.347254185284271371e+05, 2.083542583031115937e+05
5.794286964268809173e-07, 4.767170116407538299e+05, 2.043761640471564897e+05
6.095368972401687385e-07, 4.239490361249460257e+05, 2.000282954188498552e+05
6.412095765851608593e-07, 3.751938411630128976e+05, 1.948711449642436055e+05
6.745280276979215670e-07, 3.302945705401116866e+05, 1.888900263741161907e+05
7.095777679633887827e-07, 2.899803576618806692e+05, 1.826373456037761935e+05
7.464487584100661313e-07, 2.540269932850103651e+05, 1.762414331201725581e+05
7.852356346100710336e-07, 2.216420751877532166e+05, 1.694249707837243332e+05
8.260379495771783370e-07, 1.933816111833941541e+05, 1.629009745560074516e+05
8.689604292863010418e-07, 1.678016912726939190e+05, 1.558012008057897619e+05
9.141132414702490036e-07, 1.451853311474271468e+05, 1.486080632625635481e+05
9.616122783836638888e-07, 1.254536620390754106e+05, 1.415872083373977803e+05
1.011579454259898283e-06, 1.081962056478076993e+05, 1.346624152515132155e+05
1.064143018224315170e-06, 9.321762422044342384e+04, 1.279663068616225210e+05
1.119437883467150232e-06, 8.027868784028325172e+04, 1.215703471828543261e+05
1.177605973520806597e-06, 6.908262248410792381e+04, 1.154222815105606860e+05
1.238796586530369050e-06, 5.922005244573753589e+04, 1.091802178049391514e+05
1.303166778452298707e-06, 5.074046837155400863e+04, 1.032386171360939479e+05
1.370881766164852098e-06, 4.346230817312021099e+04, 9.760423651512632205e+04
1.442115351524868011e-06, 3.722098188010509330e+04, 9.227096174373937538e+04
1.517050367459335277e-06, 3.186874883496018811e+04, 8.721965531294386892e+04
1.595879147236730565e-06, 2.727680448722599976e+04, 8.242585968176399183e+04
1.678804018122558985e-06, 2.333812466183809374e+04, 7.787587072369521775e+04
1.766037820686164116e-06, 1.998101825417797227e+04, 7.363185935372080712e+04
1.857804455091697021e-06, 1.708472916367680227e+04, 6.953599176227134012e+04
1.954339455775392327e-06, 1.460185725415264278e+04, 6.564525532575222314e+04
2.055890595984140433e-06, 1.248134528937287541e+04, 6.198530854782705865e+04
2.162718523727020259e-06, 1.066916324787358099e+04, 5.853646936114165874e+04
2.275097430772069504e-06, 9.118646088807776323e+03, 5.527519631376452890e+04
2.393315756405384890e-06, 7.793460889212803522e+03, 5.219962908797639830e+04
2.517676927758854593e-06, 6.660860838347397475e+03, 4.929879953196556016e+04
2.648500138606698363e-06, 5.695051515296334401e+03, 4.658036508237645467e+04
2.786121168629766473e-06, 4.869590301886270936e+03, 4.401754382522824017e+04
2.930893245250318698e-06, 4.161907501906613106e+03, 4.157971452406485332e+04
3.083187950249353467e-06, 3.557070098426340792e+03, 3.927927415961734368e+04
3.243396173493490004e-06, 3.040131881672634790e+03, 3.710824540955119301e+04
3.411929116219281216e-06, 2.598318729240470475e+03, 3.505913690199687699e+04
3.589219346450049739e-06, 2.220712943218552027e+03, 3.312491146948676760e+04
3.775721909254159727e-06, 1.897983461644051658e+03, 3.129895666926579725e+04
3.971915494694400700e-06, 1.623228861005256704e+03, 2.958542474380623025e+04
4.178303666466213542e-06, 1.387329930263793585e+03, 2.795716717284015976e+04
4.395416154378242806e-06, 1.185713476172294577e+03, 2.641965862209397528e+04
4.623810213992598294e-06, 1.013397330301424859e+03, 2.496772834901831811e+04
4.864072056914609241e-06, 8.661233676598836837e+02, 2.359651131697557867e+04
5.116818355403072973e-06, 7.402522836559728603e+02, 2.230142905716023961e+04
5.382697825162881249e-06, 6.326736628044258168e+02, 2.107817182705703817e+04
5.662392890382528157e-06, 5.407291168755043600e+02, 1.992268196900071052e+04
5.956621435290097563e-06, 4.621465931439389010e+02, 1.883113838026822123e+04
6.266138646723349015e-06, 3.954460943121231935e+02, 1.780882386557232894e+04
6.591738952443213146e-06, 3.379771119307056324e+02, 1.683409805537555076e+04
6.934258060165687003e-06, 2.888599225836867959e+02, 1.591316107213834039e+04
7.294575102545679062e-06, 2.468807855017144561e+02, 1.504300074692650742e+04
7.673614893618186056e-06, 2.110023491828819999e+02, 1.422077794418157282e+04
8.072350302488374979e-06, 1.803380172750860595e+02, 1.344381619677480921e+04
8.491804750363126655e-06, 1.541300397870056713e+02, 1.270959200240975042e+04
8.933054837332944550e-06, 1.317307882369947833e+02, 1.201572573547976936e+04
9.397233105646374780e-06, 1.125867520278350895e+02, 1.135997313198823031e+04
9.885530946569380493e-06, 9.622486057984011154e+01, 1.074021730834841765e+04
1.039920165829057908e-05, 8.224079322690194260e+01, 1.015446127782396798e+04
1.093956366272093086e-05, 7.028898799991647195e+01, 9.600820931071621089e+03
1.150800388944435666e-05, 6.007410240343223506e+01, 9.077518449728606356e+03
1.210598133550481593e-05, 5.134371517174728439e+01, 8.582876124265892940e+03
1.273503081016660354e-05, 4.388208865667378689e+01, 8.115310549424227247e+03
1.339676687425934466e-05, 3.750483770858451038e+01, 7.673327172477663225e+03
1.409288798421873337e-05, 3.205437331281961377e+01, 7.255515171343807197e+03
1.482518085145951458e-05, 2.739600838860370402e+01, 6.860542641195027500e+03
1.559552502826952309e-05, 2.341462952040542334e+01, 6.487152069731852862e+03
1.640589773199538679e-05, 2.001185237649083248e+01, 6.134156082669672287e+03
1.725837891990201987e-05, 1.710359052187678586e+01, 5.800433442272574212e+03
1.815515662773133475e-05, 1.461797754832979734e+01, 5.484925282953161513e+03
1.909853258566236888e-05, 1.249359117491463955e+01, 5.186631569052004124e+03
2.009092812608727908e-05, 1.067793543462784278e+01, 4.904607760922734087e+03
2.113489039836645523e-05, 9.126143440247499683e+00, 4.637961676385688406e+03
2.223309890651400654e-05, 7.799868673290514920e+00, 4.385850535480509279e+03
2.338837238659353628e-05, 6.666337398585598706e+00, 4.147478177251580746e+03
2.460367604147624960e-05, 5.697538788564409984e+00, 3.922092438045260678e+03
2.588212915153087737e-05, 4.869532744334768459e+00, 3.708982681488788785e+03
2.722701308077910045e-05, 4.161858309019625501e+00, 3.507477470962298867e+03
2.864177969906579846e-05, 3.557028054592525468e+00, 3.316942375970958437e+03
3.013006024186119008e-05, 3.040095947941765075e+00, 3.136777904377716368e+03
3.169567463043487023e-05, 2.598288017649799109e+00, 2.966417552971926398e+03
3.334264127632347269e-05, 2.220686694850272591e+00, 2.805325969327910116e+03
3.507518739525679514e-05, 1.897961027871582385e+00, 2.652997218353137214e+03
3.689775985701500575e-05, 1.622136103968616405e+00, 2.508953147340844225e+03
3.881503659906478245e-05, 1.386395980295396457e+00, 2.372741843728748336e+03
4.083193863326918895e-05, 1.184915254322219003e+00, 2.243936180126145700e+03
4.295364267648868727e-05, 1.012715111613596619e+00, 2.122132441508054853e+03
4.518559443749217176e-05, 8.655402937463118063e-01, 2.006949029789074302e+03
4.753352259428048591e-05, 7.397539461070995470e-01, 1.898025241282809475e+03
5.000345349769783158e-05, 6.322477471411849237e-01, 1.795020112826583954e+03
5.260172663907057610e-05, 5.403650982447509854e-01, 1.697611332607109262e+03
5.533501092157360027e-05, 4.618354762375376787e-01, 1.605494211962196459e+03
5.821032177708709908e-05, 3.947183261916462627e-01, 1.518380714657469753e+03
6.123503917247733364e-05, 3.373551081454823075e-01, 1.435998540346592563e+03
6.441692655151768125e-05, 2.883283127234212428e-01, 1.358090259119734583e+03
6.776415076106743183e-05, 2.464264328912557089e-01, 1.284412494228736477e+03
7.128530301265190909e-05, 2.106140262602644586e-01, 1.214735150249700155e+03
7.498942093324550431e-05, 1.800061281458962548e-01, 1.148840684105032096e+03
7.888601176185532765e-05, 1.538463830990822179e-01, 1.086523416518395379e+03
8.298507675144217602e-05, 1.314883545158299638e-01, 1.027588881617996094e+03
8.729713683881113037e-05, 1.123795504646070281e-01, 9.718532125368188872e+02
9.183325964835800334e-05, 9.604777099181636968e-02, 9.191425609835081332e+02
9.660508789898121246e-05, 8.208943953198841181e-02, 8.692925488750177010e+02
1.016248692870694932e-04, 7.015963007876695190e-02, 8.221477502324333955e+02
1.069054879222656676e-04, 5.996354367690983483e-02, 7.775612016450095325e+02
1.124604973966924549e-04, 5.124922360987267667e-02, 7.353939397048328601e+02
1.183041555725163470e-04, 4.380132926710433167e-02, 6.955145639061001930e+02
1.244514611771384207e-04, 3.743581483633832280e-02, 6.577988235890857140e+02
1.309181922999405612e-04, 3.199538132540471341e-02, 6.221292275898179014e+02
1.377209468893944241e-04, 2.734558952792884648e-02, 5.883946753327090846e+02
1.448771853544760326e-04, 2.337153787994462537e-02, 5.564901081750304002e+02
1.524052753797290724e-04, 1.997502311353745869e-02, 5.263161798796288622e+02
1.603245390690039994e-04, 1.707211354408752144e-02, 4.977789451557688949e+02
1.686553025388738941e-04, 1.459107502432326758e-02, 4.707895652678339502e+02
1.774189480890164621e-04, 1.247059831318669300e-02, 4.452640297679372452e+02
1.866379690834667616e-04, 1.065828405580885110e-02, 4.211228934615569983e+02
1.963360276836043495e-04, 9.109347936753517047e-03, 3.982910277653152207e+02
2.065380155810527039e-04, 7.785514009416032513e-03, 3.766973856631415174e+02
2.172701178863743125e-04, 6.654068853903327349e-03, 3.562747794791376919e+02
2.285598803375427502e-04, 5.687053194297712541e-03, 3.369596709553141523e+02
2.404362800006929737e-04, 4.860570989703455295e-03, 3.186919724725206038e+02
2.529297996446142408e-04, 4.154198939027891474e-03, 3.014148594480452061e+02
2.660725059798808335e-04, 3.550481797627926244e-03, 2.850745928112602883e+02
2.798981319634359969e-04, 3.034501038661650916e-03, 2.696203511977640233e+02
2.944421633798757201e-04, 2.593506199578498456e-03, 2.550040722964481006e+02
3.097419299216577857e-04, 2.216599802717074755e-03, 2.411803027179903722e+02
3.258367010020083690e-04, 1.894468071385689741e-03, 2.281060566950467603e+02
3.427677865464497770e-04, 1.619150768262480082e-03, 2.157406811872416199e+02
3.605786430216419711e-04, 1.383844493389835457e-03, 2.040457294848201002e+02
3.793149849736817260e-04, 1.182734567275680595e-03, 1.929848417794856630e+02
3.990249023621416529e-04, 1.010851335243865548e-03, 1.825236305528780179e+02
4.197589839910068955e-04, 8.639473702773114170e-04, 1.726295746246194653e+02
4.415704473533120706e-04, 7.383924955052265180e-04, 1.632719139195399123e+02
4.645152752227491933e-04, 6.310841284369702242e-04, 1.544215639402401621e+02
4.886523593428331686e-04, 5.393705657093387021e-04, 1.460510165900840889e+02
5.140436515824254367e-04, 4.609854619432667520e-04, 1.381342548186298984e+02
5.407543229455804949e-04, 3.939918206380711176e-04, 1.306466689501619669e+02
5.688529308438407088e-04, 3.367341641546184924e-04, 1.235649907722037142e+02
5.984115950603185932e-04, 2.877975862595937777e-04, 1.168672094467714118e+02
6.295061828571967780e-04, 2.459728144087526308e-04, 1.105325117254343041e+02
6.622165037017614837e-04, 2.102262951661200234e-04, 1.045412034995247836e+02
6.966265141107679491e-04, 1.796747099766642119e-04, 9.887467369468626543e+01
7.328245331389029006e-04, 1.535630672297636737e-04, 9.351529682307169367e+01
7.709034690644293083e-04, 1.312461782689519651e-04, 8.844645342033325619e+01
8.109610578538404418e-04, 1.121725224907092636e-04, 8.365236543815707648e+01
8.531001140175886385e-04, 9.587075301851843241e-05, 7.911812031041719706e+01
8.974287945007472294e-04, 8.193809902618410385e-05, 7.482967920383843818e+01
9.440608762859225515e-04, 7.003020792453044962e-05, 7.077366436297367613e+01
9.931160484209324620e-04, 5.985285110275622664e-05, 6.693749592301610107e+01
1.044720219220798265e-03, 5.115454021768680573e-05, 6.330926011687832045e+01
1.099005839432519709e-03, 4.372030264679339050e-05, 5.987764661176944259e+01
1.156112242192098129e-03, 3.736646056475894588e-05, 5.663202742808562817e+01
1.216186000646367902e-03, 3.193599471121966155e-05, 5.356230380664610635e+01
1.279381304157525346e-03, 2.729468308844285870e-05, 5.065887909825382707e+01
1.345860354055946825e-03, 2.332786087650867869e-05, 4.791276321627613299e+01
1.415793779957078133e-03, 1.993753078858578214e-05, 4.531547261683635952e+01
1.489361077710912385e-03, 1.703988346081323447e-05, 4.285886443787951805e+01
1.566751070108147060e-03, 1.456330982466343181e-05, 4.053527076787666061e+01
1.648162391525506785e-03, 1.244661710413721571e-05, 3.833745841710623381e+01
1.733803997754137464e-03, 1.063750985470177756e-05, 3.625859815962976995e+01
1.823895702319638500e-03, 9.091281293048856333e-06, 3.429218972813177402e+01
1.918668740670287148e-03, 7.769720986221623647e-06, 3.243207039307976913e+01
2.018366363681555527e-03, 6.640187833117523900e-06, 3.067247210330438989e+01
2.123244462000214820e-03, 5.674767219398006444e-06, 2.900785826887391394e+01
2.233572222830528409e-03, 4.849613022306769212e-06, 2.743303932955357993e+01
2.349632820848305062e-03, 4.144320319454950695e-06, 2.594295289721598152e+01
2.471724145016129109e-03, 3.541479261732897314e-06, 2.453296650003734669e+01
2.600159563165272119e-03, 3.026179706511772862e-06, 2.319847090516413957e+01
2.735268726306713891e-03, 2.585721383513407246e-06, 2.193540530305595837e+01
2.877398414735666578e-03, 2.209215962662534820e-06, 2.073964886957460152e+01
3.026913428101298334e-03, 1.887360926356671444e-06, 1.960728520060850499e+01
3.184197521726119060e-03, 1.612250715889332132e-06, 1.853507519711589069e+01
3.349654391578272498e-03, 1.377065600624992216e-06, 1.751925530885697668e+01
3.523708710424869068e-03, 1.176020157621586452e-06, 1.655674572162132208e+01
3.706807217825759931e-03, 1.004159900247618298e-06, 1.564451990853832619e+01
3.899419866765435790e-03, 8.572266402854726503e-07, 1.477930817918179152e+01
4.102041029866064330e-03, 7.316178712784538648e-07, 1.395859634852368814e+01
4.315190768277641156e-03, 6.242647088331505915e-07, 1.318029528224259650e+01
4.539416166502023217e-03, 5.324544397902570589e-07, 1.244049238671661151e+01
4.775292736576902328e-03, 4.539979378160849009e-07, 1.173836562837482766e+01
5.023425895223866157e-03, 3.869632482523125814e-07, 1.107189523046712054e+01
5.284452517751802615e-03, 3.297010099040910469e-07, 1.043928772024146312e+01
5.559042572704037122e-03, 2.807966784409830801e-07, 9.838768232609837128e+00
5.847900841444799748e-03, 2.389969606793507512e-07, 9.266997626266540777e+00
6.151768727098664430e-03, 2.032864989971986188e-07, 8.722738207180258385e+00
6.471426157485817530e-03, 1.728097562580752543e-07, 8.205592195774892517e+00
6.807693586937403271e-03, 1.468119591932013743e-07, 7.714365343837559230e+00
7.161434102129013088e-03, 1.246165072336051175e-07, 7.246212144120439014e+00
7.533555637337169958e-03, 1.057103768694300988e-07, 6.802201610711415825e+00
7.925013304804717773e-03, 8.961570269307941930e-08, 6.381343145303481457e+00
8.336811846196331283e-03, 7.590229997325818054e-08, 5.981065896848869023e+00
8.770008211436322587e-03, 6.418396260402535752e-08, 5.596868071753325680e+00
9.225714271547610229e-03, 5.422191793229827225e-08, 5.232241853747946259e+00
9.705099672454878257e-03, 4.574137887780986341e-08, 4.884452063832656066e+00
1.020939483707678647e-02, 3.854873219048678829e-08, 4.555224743908278917e+00
1.073989412341243982e-02, 3.240844036281908133e-08, 4.237889960589936500e+00
1.129795914672797677e-02, 2.721125919721965523e-08, 3.937596878859067395e+00
1.188502227437018832e-02, 2.281190918516041643e-08, 3.652871301906271295e+00
1.250259030217718698e-02, 1.907530727717382271e-08, 3.380126088745604829e+00
1.315224832192234822e-02, 1.591775456257709031e-08, 3.121263531815395620e+00
1.383566378971778053e-02, 1.323418801329256576e-08, 2.871646005845429173e+00
1.455459080581963938e-02, 1.097269762870028993e-08, 2.634692966685344473e+00
1.531087461682028965e-02, 9.063969198086249238e-09, 2.408326363531157366e+00
1.610645635178269836e-02, 7.459860417718616156e-09, 2.193335373014478673e+00
1.694337800447328832e-02, 6.107426154186561139e-09, 1.987036308989968303e+00
1.782378767448087112e-02, 4.968052762078163400e-09, 1.788551987889845929e+00
1.874994508067413454e-02, 4.017000158129874889e-09, 1.600218035933155036e+00
1.972422736114849348e-02, 3.230191778851495348e-09, 1.423840342680404936e+00
2.074913517454906459e-02, 2.584988935298237173e-09, 1.260784090405085323e+00
2.182729911842998943e-02, 2.053527929485576917e-09, 1.108209677416295502e+00
2.296148648112360593e-02, 1.618589770415540488e-09, 9.664636368609327288e-01
2.415460834444940405e-02, 1.271569071980024897e-09, 8.400528632821753217e-01
2.540972705549301297e-02, 9.937889275812721158e-10, 7.263831993083699201e-01
2.673006408663303191e-02, 7.707153120960037034e-10, 6.232356415282112039e-01
2.811900830398933807e-02, 5.932314948029541719e-10, 5.306978979708655286e-01
2.958012466551540251e-02, 4.530785623456989772e-10, 4.483681996190501118e-01
3.111716337106013724e-02, 3.444489227413392934e-10, 3.770483573473240035e-01
3.273406948788379345e-02, 2.582833954017358652e-10, 3.127010834706724918e-01
3.443499307633384604e-02, 1.927613978304352456e-10, 2.580890112340458731e-01
3.622429984166987416e-02, 1.437255101566795986e-10, 2.127923753847354715e-01
3.810658233937726236e-02, 1.061491676597477346e-10, 1.737541820899963230e-01
4.008667176273017496e-02, 7.714988520614615693e-11, 1.395824704060804611e-01
4.216965034285814068e-02, 5.608840748508897599e-11, 1.121382916948271413e-01
4.436086439314318453e-02, 3.930154093159732064e-11, 8.677298210203077122e-02
4.666593803142881497e-02, 2.813029591970017573e-11, 6.857584303999227082e-02
4.909078761526029094e-02, 2.015133551474575606e-11, 5.421705678357076341e-02
5.164163692720710741e-02, 1.425462440814042801e-11, 4.229457376771530303e-02
5.432503314924325144e-02, 1.008271161029315329e-11, 3.296721624425379832e-02
5.714786366718654226e-02, 6.937946062405390093e-12, 2.495524242388636946e-02
6.011737374832767239e-02, 4.648659315703933966e-12, 1.834817246547030059e-02
6.324118513762183591e-02, 2.981483698160968734e-12, 1.285265602799739310e-02
6.652731562017405453e-02, 2.120274384204282945e-12, 1.000654165100181743e-02
6.998419960022730923e-02, 1.528810119050999124e-12, 7.889226133776450905e-03
7.362070974947361457e-02, 1.089657609116762086e-12, 6.126923949175968991e-03
7.744617978025175598e-02, 7.669764713730088172e-13, 4.676235988504276637e-03
8.147042840208371106e-02, 5.317148015387727384e-13, 3.490186304270180822e-03
8.570378452303674399e-02, 3.687415506075975703e-13, 2.586586340791481066e-03
9.015711376059551418e-02, 2.600200774680703952e-13, 1.937776597283199023e-03
9.484184633008958809e-02, 1.533302894748973004e-13, 1.129339265308342173e-03
9.977000638225524964e-02, 1.094962572067977901e-13, 8.246599863693624289e-04
1.049542428652322085e-01, 9.358349800457419912e-14, 7.799646268874364536e-04
1.104078619902073566e-01, 7.665537603414254165e-14, 6.916499707864585088e-04
1.161448613840341398e-01, 6.183463690813996682e-14, 5.978123560772428610e-04
1.221799660164868684e-01, 5.284839653265582337e-14, 5.654118076814149520e-04
1.285286659943612741e-01, 4.516809923573993003e-14, 5.347673220575914358e-04
1.352072563194275101e-01, 3.860395626779338894e-14, 5.057837230660324965e-04
1.422328787122818239e-01, 2.822816825111532946e-14, 3.689511691960102959e-04
1.496235656094432875e-01, 1.938205889185930595e-14, 2.284218102475746553e-04
1.573982864466219878e-01, 1.656532301560941654e-14, 2.160416863650650851e-04
1.655769963469526096e-01, 1.415793482738493163e-14, 2.043325471067889581e-04
1.741806873391609223e-01, 1.210040506832248870e-14, 1.932580260622011425e-04
1.832314422371207341e-01, 1.034188987325125919e-14, 1.827837278308485974e-04
1.927524913190932776e-01, 8.838934361829951645e-15, 1.728771211960525073e-04
2.027682719521279597e-01, 7.554398819775577023e-15, 1.635074380884655337e-04
2.133044913146575072e-01, 4.123964806829192508e-15, 9.084659796528124411e-05
2.243881923782766186e-01, 3.524641500229051428e-15, 8.592284748943512405e-05
2.360478233180573204e-01, 3.012416033367846465e-15, 8.126595703270531078e-05
2.483133105295562693e-01, 2.574630741169545115e-15, 7.686146316855665766e-05
2.612161354399200053e-01, 2.200467458661200988e-15, 7.269568636791089275e-05
2.747894153102391490e-01, 1.880680191998075010e-15, 6.875568851293336801e-05
2.890679882365471687e-01, 1.607366639598413533e-15, 6.502923271352330063e-05
3.040885025676277054e-01, 1.373772917419305942e-15, 6.150474530170405962e-05
3.198895109691397010e-01, 1.174126662916349367e-15, 5.817127988587240207e-05
3.365115693754908155e-01, 0.000000000000000000e+00, 0.000000000000000000e+00
3.539973410834342804e-01, 0.000000000000000000e+00, 0.000000000000000000e+00
3.723917062545675227e-01, 0.000000000000000000e+00, 0.000000000000000000e+00
3.917418771077822437e-01, 0.000000000000000000e+00, 0.000000000000000000e+00
4.120975190973295565e-01, 0.000000000000000000e+00, 0.000000000000000000e+00
4.335108783875284422e-01, 0.000000000000000000e+00, 0.000000000000000000e+00
4.560369159512959736e-01, 0.000000000000000000e+00, 0.000000000000000000e+00
4.797334486366891526e-01, 0.000000000000000000e+00, 0.000000000000000000e+00
5.046612975635276221e-01, 0.000000000000000000e+00, 0.000000000000000000e+00
5.308844442309867961e-01, 0.000000000000000000e+00, 0.000000000000000000e+00
5.584701947368295727e-01, 0.000000000000000000e+00, 0.000000000000000000e+00
5.874893525297757435e-01, 0.000000000000000000e+00, 0.000000000000000000e+00
6.180164001384151895e-01, 0.000000000000000000e+00, 0.000000000000000000e+00
6.501296903430903162e-01, 0.000000000000000000e+00, 0.000000000000000000e+00
6.839116472814292802e-01, 0.000000000000000000e+00, 0.000000000000000000e+00
7.194489780036983362e-01, 0.000000000000000000e+00, 0.000000000000000000e+00
7.568328950209720629e-01, 0.000000000000000000e+00, 0.000000000000000000e+00
7.961593504173167801e-01, 0.000000000000000000e+00, 0.000000000000000000e+00
8.375292821268809362e-01, 0.000000000000000000e+00, 0.000000000000000000e+00
8.810488730080129338e-01, 0.000000000000000000e+00, 0.000000000000000000e+00
9.268298233793484942e-01, 0.000000000000000000e+00, 0.000000000000000000e+00
9.749896377173866702e-01, 0.000000000000000000e+00, 0.000000000000000000e+00
