# M_f [M_sun], P(M_f) [M_sun^-1]
3.548962714117586356e-25, 0.000000000000000000e+00
4.143897244964681628e-25, 0.000000000000000000e+00
4.838564324307219260e-25, 0.000000000000000000e+00
5.649682734992169490e-25, 0.000000000000000000e+00
6.596773932655885372e-25, 0.000000000000000000e+00
7.702631875067320117e-25, 0.000000000000000000e+00
8.993871611864740876e-25, 0.000000000000000000e+00
1.050156983777701776e-24, 0.000000000000000000e+00
1.226201282573591067e-24, 0.000000000000000000e+00
1.431756974063410238e-24, 0.000000000000000000e+00
1.671771235205982412e-24, 0.000000000000000000e+00
1.952020568777308980e-24, 0.000000000000000000e+00
2.279249828377506683e-24, 0.000000000000000000e+00
2.661334549057996954e-24, 0.000000000000000000e+00
3.107470490433956329e-24, 0.000000000000000000e+00
3.628394954078874531e-24, 0.000000000000000000e+00
4.236645201720489617e-24, 0.000000000000000000e+00
4.946860193674237954e-24, 0.000000000000000000e+00
5.776132909553281211e-24, 0.000000000000000000e+00
6.744421730674377979e-24, 0.000000000000000000e+00
7.875030785036159497e-24, 0.000000000000000000e+00
9.195170815492024403e-24, 0.000000000000000000e+00
1.073661406971731716e-23, 0.000000000000000000e+00
1.253645897342513110e-23, 0.000000000000000000e+00
1.463802299047425984e-23, 0.000000000000000000e+00
1.709188515862952929e-23, 0.000000000000000000e+00
1.995710339202826004e-23, 0.000000000000000000e+00
2.330263584757434168e-23, 0.000000000000000000e+00
2.720900056375714993e-23, 0.000000000000000000e+00
3.177021331497144511e-23, 0.000000000000000000e+00
3.709605032032140160e-23, 0.000000000000000000e+00
4.331469026427151886e-23, 0.000000000000000000e+00
5.057579921552993781e-23, 0.000000000000000000e+00
5.905413268993206007e-23, 0.000000000000000000e+00
6.895374154936251738e-23, 0.000000000000000000e+00
8.051288296148122256e-23, 0.000000000000000000e+00
9.400975461394818512e-23, 0.000000000000000000e+00
1.097691901903814394e-22, 0.000000000000000000e+00
1.281704772502877614e-22, 0.000000000000000000e+00
1.496564856684707842e-22, 0.000000000000000000e+00
1.747443263311006971e-22, 0.000000000000000000e+00
2.040377966148069427e-22, 0.000000000000000000e+00
2.382419121782715813e-22, 0.000000000000000000e+00
2.781798748077653061e-22, 0.000000000000000000e+00
3.248128846873889935e-22, 0.000000000000000000e+00
3.792632739224971983e-22, 0.000000000000000000e+00
4.428415180784706451e-22, 0.000000000000000000e+00
5.170777758305154950e-22, 0.000000000000000000e+00
6.037587157996679498e-22, 0.000000000000000000e+00
7.049705168986915043e-22, 0.000000000000000000e+00
8.231490770914376496e-22, 0.000000000000000000e+00
9.611386389565238025e-22, 0.000000000000000000e+00
1.122260243016206653e-21, 0.000000000000000000e+00
1.310391656319376225e-21, 3.883985771787007324e+12
1.530060699946438888e-21, 2.984384737447132324e+12
1.786554221579997443e-21, 2.293147499613396484e+12
2.086045335820364214e-21, 1.762013251509039307e+12
2.435741994580735524e-21, 1.353899258123116699e+12
2.844060463254972146e-21, 1.040311813532874512e+12
3.320827877766432378e-21, 7.993568671249221191e+11
3.877518757505402961e-21, 6.142114246014788818e+11
4.527531166390591196e-21, 4.719490000353262939e+11
5.286509168514232234e-21, 3.626371143761472778e+11
6.172719339017780476e-21, 2.786438295519564209e+11
7.207490391810404495e-21, 2.141049017581951599e+11
8.415726504796120160e-21, 1.645143516387771606e+11
9.826506696977815998e-21, 1.264098657848270416e+11
1.147378468284583961e-20, 9.713106491051951599e+10
1.339720604767883656e-20, 7.463376147167758179e+10
1.564306241098517039e-20, 5.734723856412655640e+10
1.826540554225283020e-20, 4.406458559882289886e+10
2.132734824280151716e-20, 3.385843420908192825e+10
2.490258330249094031e-20, 1.199379498202371338e+12
2.907715708851964547e-20, 9.215816120755916748e+11
3.395154045186442600e-20, 2.749442494836568359e+12
3.964304679255259240e-20, 2.112622110431559570e+12
4.628865548014387372e-20, 1.763788990334667236e+12
5.404830858161902066e-20, 5.572868976940920312e+13
6.310876024011991138e-20, 4.282092184627895312e+13
7.368807134881180046e-20, 3.299795659059026953e+13
8.604085769467593336e-20, 3.926950591111214844e+13
1.004644178810475172e-19, 3.274447892183515625e+14
1.173058885116423403e-19, 2.572366550122591562e+14
1.369705988422578918e-19, 4.083650267994861250e+14
1.599318259743174272e-19, 3.143084090960510625e+14
1.867421853717413878e-19, 2.446633204951414688e+14
2.180469308404809387e-19, 1.966442563692985938e+14
2.545994840657364937e-19, 1.513658869631645000e+14
2.972795674613780767e-19, 1.186669115690761719e+14
3.471143767408655819e-19, 1.370897160612482656e+14
4.053033027769513840e-19, 1.142398898429439219e+14
4.732467977393484649e-19, 9.509010701285006250e+13
5.525800802412904732e-19, 8.097233896297392188e+13
6.452124906878854795e-19, 1.455137235339497188e+14
7.533734440045013057e-19, 1.240956449512290312e+14
8.796660857047170922e-19, 1.148132622082602500e+14
1.027129942656215233e-18, 1.182684609893957188e+14
1.199314076381365808e-18, 1.026900710607610938e+14
1.400362499497209111e-18, 1.145531126144465781e+14
1.635113911040676270e-18, 1.024557622757916562e+14
1.909218151042094247e-18, 9.719872497751128125e+13
2.229272177097818710e-18, 8.734539617087734375e+13
2.602978835535310412e-18, 8.775472052916585938e+13
3.039332248368829520e-18, 7.946381540572400000e+13
3.548834277815029616e-18, 7.328035234763659375e+13
4.143747278091769203e-18, 7.886530577809315625e+13
4.838389217561514039e-18, 8.063040547930731250e+13
5.649478274021606592e-18, 8.702627084947875000e+13
6.596535196630497956e-18, 1.132468857836349219e+14
7.702353118248023089e-18, 1.591064615912602812e+14
8.993546125318797605e-18, 2.215751486165329688e+14
1.050118978791184392e-17, 3.339127527664881875e+14
1.226156906576543473e-17, 4.401499440159090000e+14
1.431705159044002820e-17, 6.235356288014117500e+14
1.671710734114975772e-17, 8.335193020029638750e+14
1.951949925514886663e-17, 1.090646784108954000e+15
2.279167342748857588e-17, 1.396919833887237250e+15
2.661238235854156293e-17, 1.719441307805555250e+15
3.107358031653111131e-17, 2.025777962026163750e+15
3.628263643138282592e-17, 2.310322186497300000e+15
4.236491878316220397e-17, 2.551941727295623000e+15
4.946681167721122281e-17, 2.702768963330324000e+15
5.775923872374348195e-17, 2.800727926887611000e+15
6.744177651302501599e-17, 2.806094679952248500e+15
7.874745789132278381e-17, 2.698878953063588000e+15
9.194838043965264702e-17, 2.506966386358347000e+15
1.073622551364499575e-16, 2.275439961574125500e+15
1.253600528129948575e-16, 2.024371296692527750e+15
1.463749324313652303e-16, 1.777315370198043500e+15
1.709126660647493911e-16, 1.540965245396754000e+15
1.995638114815701302e-16, 1.322507620887054500e+15
2.330179252950391720e-16, 1.123337906834118250e+15
2.720801587507204238e-16, 9.470217070475841250e+14
3.176906355684263719e-16, 7.926085911169877500e+14
3.709470782113892190e-16, 6.577080068903266250e+14
4.331312271366239694e-16, 5.411100497130528750e+14
5.057396888673425339e-16, 4.419035052876640625e+14
5.905199553182014303e-16, 3.580785542799456250e+14
6.895124612624175452e-16, 2.874872011481281875e+14
8.050996921517614587e-16, 2.288476654683603125e+14
9.400635241836067561e-16, 1.808477206776014062e+14
1.097652176637426354e-15, 1.419496010677542188e+14
1.281658387844818299e-15, 1.108958472110510000e+14
1.496510696280042197e-15, 8.627012439406528125e+13
1.747380023663327855e-15, 6.687432739775400781e+13
2.040304125247816402e-15, 5.172866860291396875e+13
2.382332902476464009e-15, 3.993992238531656250e+13
2.781698075296781474e-15, 3.079806721956323047e+13
3.248011297693212803e-15, 2.372389528754843359e+13
3.792495484549381372e-15, 1.826142377992030859e+13
4.428254917260453338e-15, 1.405054228514654297e+13
5.170590628816885501e-15, 1.080561598269722461e+13
6.037368658836964984e-15, 8.308309654831907227e+12
7.049450041464057396e-15, 6.387172259097725586e+12
8.231192874789720272e-15, 4.909453981877602539e+12
9.611038555274013536e-15, 3.773295317305005859e+12
1.122219628626107451e-14, 2.899867485744472168e+12
1.310344233488316355e-14, 2.228493175834244141e+12
1.530005327333422790e-14, 1.712505483285387207e+12
1.786489566513994436e-14, 1.315931330564390869e+12
2.085969842226470568e-14, 1.011202300203039062e+12
2.435653845529604593e-14, 7.769896411873045654e+11
2.843957537234173260e-14, 5.970248509038757324e+11
3.320707697621301066e-14, 4.587431462433996582e+11
3.877378430820567309e-14, 3.524899740884918213e+11
4.527367315877207227e-14, 2.708469496500819092e+11
5.286317850727665526e-14, 2.081139196212643738e+11
6.172495949449466709e-14, 1.599109888299715881e+11
7.207229554069590400e-14, 1.228727246842285461e+11
8.415421941214433446e-14, 9.441318937361523438e+10
9.826151077522554733e-14, 7.254539484337062073e+10
1.147336944870571982e-13, 5.574257524713296509e+10
1.339672120527618000e-13, 4.283159119735947418e+10
1.564249629145710343e-13, 3.291102351056303024e+10
1.826474452061308525e-13, 2.528823791584019089e+10
2.132657641002332364e-13, 1.943102671002876663e+10
2.490168208261894248e-13, 1.493045107620371056e+10
2.907610479159630927e-13, 1.147228979021783447e+10
3.395031175191101639e-13, 8.815100920862545013e+09
3.964161211804007018e-13, 6.773364835261550903e+09
4.628698030228503768e-13, 5.204531587718754768e+09
5.404635258335326130e-13, 3.999068366515402317e+09
6.310647634578878334e-13, 3.072812131220814705e+09
7.368540459117346958e-13, 2.361093516889603615e+09
8.603774389199028282e-13, 1.814221747843496561e+09
1.004607820923932483e-12, 1.394015326713638544e+09
1.173016432332888215e-12, 1.071136278364230752e+09
1.369656419016833193e-12, 8.230418309193110466e+08
1.599260380711907916e-12, 6.324105243428848982e+08
1.867354272066798725e-12, 4.859328606091856956e+08
2.180390397624856683e-12, 3.733820610665265322e+08
2.545902701576178349e-12, 2.869000531304216385e+08
2.972688089689554387e-12, 2.204488353059177101e+08
3.471018147359357998e-12, 1.693889159568877220e+08
4.052886349255764866e-12, 1.301553932423037142e+08
4.732296710254901824e-12, 1.000090607721362114e+08
5.525600824706499793e-12, 7.684516167459131777e+07
6.451891405674874902e-12, 5.904643866467901319e+07
7.533461795592588149e-12, 4.537022036267639697e+07
8.796342507521895701e-12, 3.486166045420048386e+07
1.027092771014048268e-11, 2.678707222290143743e+07
1.199270673427324702e-11, 2.058270400566872954e+07
1.400311820638017854e-11, 1.581537917415172793e+07
1.635054736571430363e-11, 1.215225260762723908e+07
1.909149056791221305e-11, 9.337572107304226607e+06
2.229191500151088592e-11, 7.174822288040803745e+06
2.602884634213915806e-11, 5.513004266355149448e+06
3.039222255498335907e-11, 4.236093218853706494e+06
3.548705846160559437e-11, 3.254937760220901575e+06
4.143597316646138997e-11, 2.501035571114928927e+06
4.838214117152900590e-11, 1.921750702710112790e+06
5.649273820450414145e-11, 1.476638639617775334e+06
6.596296469244882950e-11, 1.134622544342858484e+06
7.702074371516900180e-11, 8.718235346048068022e+05
8.993220650552190613e-11, 6.698935071255238727e+05
1.050080975180062726e-10, 5.147341097134100855e+05
1.226112532185457416e-10, 3.955124223241822328e+05
1.431653345899774112e-10, 3.039046242494970211e+05
1.671650235213482158e-10, 2.335148415933850629e+05
1.951879284809018891e-10, 1.794285998690776469e+05
2.279084860105338701e-10, 1.378697055535177060e+05
2.661141926135866703e-10, 1.059365994484859111e+05
3.107245576942134500e-10, 8.139977560193414683e+04
3.628132336949815997e-10, 6.254612200246634166e+04
4.236338560460705138e-10, 4.805931402043707203e+04
4.946502148246891704e-10, 3.692791160477933590e+04
5.775714842760397404e-10, 2.837474240498939980e+04
6.743933580763869986e-10, 2.180264117757415079e+04
7.874460803542362888e-10, 1.675275691850918156e+04
9.194505284481391166e-10, 1.287251678956520664e+04
1.073583697163442448e-09, 9.891010125056896868e+03
1.253555160559284636e-09, 7.600074085591048060e+03
1.463696351497021232e-09, 5.839760088807614920e+03
1.709064807670563662e-09, 4.487166499903159092e+03
1.995565893042375731e-09, 3.447857948906354068e+03
2.330094924195305965e-09, 2.649271959079179851e+03
2.720703122202257710e-09, 2.035652862487248512e+03
3.176791384032336837e-09, 1.564159008428169500e+03
3.709336537054124696e-09, 1.201871617126337242e+03
4.331155521978282322e-09, 9.234965113871795666e+02
5.057213862417803832e-09, 7.095980844699308818e+02
5.904985845105158122e-09, 5.452423901188132049e+02
6.894875079342960596e-09, 4.189544333551338582e+02
8.050705557431865460e-09, 3.219170418645081782e+02
9.400295034589802586e-09, 2.473552574071065635e+02
1.097612452808688640e-08, 1.900633254978621096e+02
1.281612004865416702e-08, 1.460412360205045843e+02
1.496456537835437654e-08, 1.122154529825216827e+02
1.747316786304279705e-08, 8.622433312391704874e+01
2.040230287019851416e-08, 6.625322300829212452e+01
2.382246686290472952e-08, 5.090778106927211866e+01
2.781597406159238859e-08, 3.911662069513169371e+01
3.247893752766619457e-08, 3.005650663227419273e+01
3.792358234841027568e-08, 2.309487797719599556e+01
4.428094659536107595e-08, 1.774568780494157139e+01
5.170403506100775866e-08, 1.363546636994904482e+01
6.037150167584694934e-08, 1.047724625812108457e+01
7.049194923174215987e-08, 8.050527035920444163e+00
8.230894989445869222e-08, 6.185879315049911398e+00
9.610690733570848061e-08, 4.753117477071857166e+00
1.122179015705835130e-07, 3.652209504484343228e+00
1.310296812373474564e-07, 2.806291469489505808e+00
1.529949956724325201e-07, 2.156303284444300417e+00
1.786424913787846109e-07, 1.656863876266942981e+00
2.085894351364676277e-07, 1.273104136225547300e+00
2.435565699668571264e-07, 9.782298854634465801e-01
2.843854614938248337e-07, 7.516538651915875002e-01
3.320587521825467136e-07, 5.775570318043566909e-01
3.877238109214126943e-07, 4.437839847072468924e-01
4.527203471293543005e-07, 3.409953584840316188e-01
5.286126539864874544e-07, 2.620143662877054691e-01
6.172272567965604518e-07, 2.013267113938953246e-01
7.206968725768446012e-07, 1.546955368923162433e-01
8.415117388654812462e-07, 1.188648497269824272e-01
9.825795470937055071e-07, 9.133323572225553189e-02
1.147295422959284638e-06, 7.017842431331278163e-02
1.339623638041987889e-06, 5.392347758076093678e-02
1.564193019241686001e-06, 4.143339535946866103e-02
1.826408352289566483e-06, 3.183621342199355331e-02
2.132580460517753101e-06, 2.446193073089609690e-02
2.490078089536171985e-06, 1.879572166117234044e-02
2.907505253275528389e-06, 1.444185108303999709e-02
3.394908309642402768e-06, 1.109637472168116881e-02
3.964017749544815386e-06, 8.525773556783333360e-03
4.628530518505076199e-06, 6.550553877838573291e-03
5.404439665587494086e-06, 5.032815530234301289e-03
6.310419253411135426e-06, 3.866581047567514608e-03
7.368273793004429503e-06, 2.970409092392304988e-03
8.603463020199222133e-06, 2.281799643160893187e-03
1.004571464353174789e-05, 1.752634992697046836e-03
1.172973981085711423e-05, 1.345952091140147815e-03
1.369606851405000625e-05, 1.033423735082807018e-03
1.599202503775273322e-05, 7.931269434563844234e-04
1.867286692861943421e-05, 6.083903536773225575e-04
2.180311489700670832e-05, 4.662850358155334668e-04
2.545810565829488036e-05, 3.569885233366008664e-04
2.972580508658805780e-05, 2.727899628084634966e-04
3.470892531856226512e-05, 2.078010962046123356e-04
4.052739676050301244e-05, 1.574977420152428827e-04
4.732125449314459231e-05, 1.181130484117232511e-04
