# M_f [M_sun], P(M_f) [M_sun^-1]
3.355426787857400234e-25, 1.499609051165538714e+19
3.911652505143758048e-25, 1.419747921002210918e+19
4.560083199063886726e-25, 1.321024430277347533e+19
5.316003595677380045e-25, 1.061265641458214502e+19
6.197232154680015557e-25, 8.173504463731801088e+18
7.224541083875303900e-25, 9.491406796774328320e+18
8.422145979021678346e-25, 1.084521649093099520e+19
9.818276630783892592e-25, 1.012245366676166042e+19
1.144584245377741764e-24, 1.057852445847835034e+19
1.334320822311494521e-24, 8.845752744689827840e+18
1.555509840401867446e-24, 8.247380232352499712e+18
1.813365139124089360e-24, 7.692651884641820672e+18
2.113964850869085172e-24, 5.924634397993650176e+18
2.464394673909162856e-24, 4.885706547634507776e+18
2.872914895578817388e-24, 4.741941227737392128e+18
3.349155102719898938e-24, 4.829158063982459904e+18
3.904341169081111135e-24, 4.499531009769482240e+18
4.551559870189927640e-24, 4.814119518500389888e+18
5.306067363165150690e-24, 4.558320664781954048e+18
6.185648802917218596e-24, 4.280573150720342528e+18
7.211037571563583870e-24, 3.433643397759055360e+18
8.406404003081794177e-24, 2.944404272264331776e+18
9.799925123355945559e-24, 2.782914147615081472e+18
1.142444883545635492e-23, 2.411569412027405824e+18
1.331826820624366865e-23, 1.968857363745106944e+18
1.552602410568330836e-23, 1.863006189142535168e+18
1.809975747576928262e-23, 1.653669277671246592e+18
2.110013603300706197e-23, 1.385248674709099008e+18
2.459788432013121776e-23, 1.213350815622189056e+18
2.867545081605480075e-23, 1.112924016082736384e+18
3.342895140095494358e-23, 9.398654770320921600e+17
3.897043498760775480e-23, 8.413127437157794560e+17
4.543052472414611801e-23, 7.685203328101265920e+17
5.296149702633689900e-23, 7.429137720860968960e+17
6.174087101793673643e-23, 6.481351636193862400e+17
7.197559298895767048e-23, 5.497961346551479040e+17
8.390691450736218015e-23, 5.159181405601171200e+17
9.781607917041964598e-23, 4.658406704535245440e+17
1.140309520431035390e-22, 4.254880877811207040e+17
1.329337480518106140e-22, 4.124228381632094720e+17
1.549700415061211373e-22, 3.634231463250461440e+17
1.806592691198997314e-22, 3.518707537325616640e+17
2.106069741076194141e-22, 3.100069044729893120e+17
2.455190799721978298e-22, 2.752567814536824320e+17
2.862185304442568804e-22, 2.464651170619972800e+17
3.336646878073451126e-22, 2.159935702403814080e+17
3.889759468639831932e-22, 1.915312041644523520e+17
4.534560975960776476e-22, 1.873522303346693760e+17
5.286250579369789952e-22, 1.790056518434896960e+17
6.162547010841906233e-22, 1.655619715476901440e+17
7.184106218696126315e-22, 1.652507458747511360e+17
8.375008266988809979e-22, 1.512442325845039680e+17
9.763324947728996466e-22, 1.401871218064472480e+17
1.138178148559852146e-21, 1.383308903606427840e+17
1.326852793279672222e-21, 1.307343852035257760e+17
1.546803843723141989e-21, 1.220700673330907680e+17
1.803215958149154218e-21, 1.223173106470812320e+17
2.102133250391486635e-21, 1.143426433141843360e+17
2.450601760943344245e-21, 1.113900452065990560e+17
2.856835545330063135e-21, 1.099051254234265120e+17
3.330410294783934036e-21, 1.122120067801852480e+17
3.882489053223168623e-21, 1.086214005619965120e+17
4.526085351107068555e-21, 1.042802385465212320e+17
5.276369958725133131e-21, 1.039820044908127200e+17
6.151028489669875711e-21, 1.032361154779836000e+17
7.170678283876874558e-21, 1.000385288558264800e+17
8.359354396946227458e-21, 1.000069102631356000e+17
9.745076151424240088e-21, 9.786415642735931200e+16
1.136050760472003545e-20, 9.832415231101267200e+16
1.324372750212316441e-20, 9.909527375285427200e+16
1.543912686415697727e-20, 9.912744946634897600e+16
1.799845536608330213e-20, 1.022015689805273760e+17
2.098204117468286909e-20, 1.039962912049651360e+17
2.446021299614948793e-20, 1.043391231698665760e+17
2.851495785543101578e-20, 1.057410091028560480e+17
3.324185368398067586e-20, 1.081835347158085600e+17
3.875232227063295273e-20, 1.109286151962100320e+17
4.517625568187534888e-20, 1.140206882475541440e+17
5.266507806116157543e-20, 1.163272122460375200e+17
6.139531497961241988e-20, 1.193938678024103840e+17
7.157275447438468443e-20, 1.231945603402798080e+17
8.343729785817758715e-20, 1.283981967279852800e+17
9.726861464254266209e-20, 1.356948441118273600e+17
1.133927348721318637e-19, 1.449542630231026880e+17
1.321897342635523437e-19, 1.546743363466262400e+17
1.541026933019428484e-19, 1.665380710165199360e+17
1.796481414779605106e-19, 1.800654630641828160e+17
2.094282328554104639e-19, 1.981195737479021440e+17
2.441449399704524831e-19, 2.232621371887215680e+17
2.846166006391730325e-19, 2.622579816085824320e+17
3.317972077127720990e-19, 1.893140770216336384e+18
3.867988964760348480e-19, 1.458062461531510784e+18
4.509181597591821492e-19, 1.122968421039044864e+18
5.256664087023966689e-19, 8.648825477554101760e+17
6.128055995474868387e-19, 6.661083567269872640e+17
7.143897662469015009e-19, 5.130158353679550720e+17
8.328134378914969703e-19, 3.951070641034717440e+17
9.708680822465035426e-19, 3.042965294608516480e+17
1.131807905875562876e-18, 2.343592595585418880e+17
1.319426561885035469e-18, 1.804929908563611840e+17
1.538146573433785306e-18, 1.390069752101237600e+17
1.793123580888051368e-18, 1.070559615002261600e+17
2.090367869922119062e-18, 8.244856656428504000e+16
2.436886045209810308e-18, 6.349701977080618400e+16
2.840846189221018720e-18, 4.890143105427063200e+16
3.311770399225516642e-18, 3.766110641753649600e+16
3.860759240961861678e-18, 2.900394374875228400e+16
4.500753409764791366e-18, 2.233669453236361200e+16
5.246838766994097329e-18, 1.720198680010020800e+16
6.116601942044836815e-18, 1.324756764156991600e+16
7.130544882144415247e-18, 1.020214542445890600e+16
8.312568121651848918e-18, 7.856783912039323000e+15
9.690534162421824033e-18, 6.050640844077277000e+15
1.129692424516384167e-17, 4.659614295662405000e+15
1.316960399312767720e-17, 3.588362206183534500e+15
1.535271597577124804e-17, 2.763377764370541000e+15
1.789772023180807986e-17, 2.128050487837816750e+15
2.086460727871183662e-17, 1.638782929831910000e+15
2.432331220158403752e-17, 1.262014459499023250e+15
2.835536315410825541e-17, 9.718489472264305000e+14
3.305580312984669861e-17, 7.483947930288093750e+14
3.853543030362754872e-17, 5.763154742233756250e+14
4.492340975206621965e-17, 4.438000706440483125e+14
5.237031811636613227e-17, 3.417577996586041875e+14
6.105169297580401090e-17, 2.631723976278985000e+14
7.117217059728034926e-17, 2.026560870275355312e+14
8.297030959544278084e-17, 1.560545234895610312e+14
9.672421420608857528e-17, 1.201684578320659688e+14
1.127580897239314514e-16, 9.253559951908362500e+13
1.314498846286807483e-16, 7.125535392880164062e+13
1.532401995386608697e-16, 5.486854284137446875e+13
1.786426729926930790e-16, 4.224998943087984375e+13
2.082560888725732025e-16, 3.253322465878769141e+13
2.427784908607758797e-16, 2.505139515452358594e+13
2.830236366375858989e-16, 1.928974916940164453e+13
3.299401796739057673e-16, 1.485314297486630664e+13
3.846340307705324759e-16, 1.143687240925063672e+13
4.483944264472611447e-16, 8.806450802294171875e+12
5.227243186625783884e-16, 6.780844859652525391e+12
6.093758022065750218e-16, 5.221120169341288086e+12
7.103914148570712565e-16, 4.020134229017483887e+12
8.281522838210022540e-16, 3.095440154630565918e+12
9.654342533628874298e-16, 2.383378444146373047e+12
1.125473316653697713e-15, 1.835103027175072266e+12
1.312041894191368240e-15, 1.412943356124832764e+12
1.529537756818232692e-15, 1.087913195946655029e+12
1.783087689417430532e-15, 8.376295337012196045e+11
2.078668338835796133e-15, 6.449208705922803955e+11
2.423247094645175308e-15, 4.965438817299277344e+11
2.824946323565552047e-15, 3.823086623953601685e+11
3.293234828862978084e-15, 2.943462008729801636e+11
3.839151047779015648e-15, 2.266205644739235535e+11
4.475563248173091922e-15, 1.744765393381536560e+11
5.217472857700026563e-15, 1.343320706544551544e+11
6.082368075559743966e-15, 1.034212954451056824e+11
7.090636102110302607e-15, 7.962267049793083191e+10
8.266043703368446947e-15, 6.130123041711127472e+10
9.636297438203272734e-15, 4.719418458928782654e+10
1.123369675382710986e-14, 3.633323956937400055e+10
1.309589534426777824e-14, 2.797214538169549942e+10
1.526678871846762661e-14, 2.153444776084081650e+10
1.779754889965197355e-14, 1.657822021879759407e+10
2.074783064576904948e-14, 1.276286973361197853e+10
2.418717762387663204e-14, 9.825272011345373154e+09
2.819666168464013410e-14, 7.563745467899511337e+09
3.287079387771191714e-14, 5.822851301808396339e+09
3.831975225420416783e-14, 4.482495205080518723e+09
4.467197896973330425e-14, 3.450642182236465454e+09
5.207720790661838996e-14, 2.656358257971212864e+09
6.070999418196005931e-14, 2.044834970482417345e+09
7.077382873871806902e-14, 1.574076188041604280e+09
8.250593500840439774e-14, 1.211713455091452122e+09
9.618286071171705142e-14, 9.327357283286682367e+08
1.121269966063314502e-13, 7.179814389674987793e+08
1.307141758409427818e-13, 5.526806303163230419e+08
1.523825330465693699e-13, 4.254216467574942112e+08
1.776428319904964434e-13, 3.274704966886251569e+08
2.070905052350044483e-13, 2.520625157917873263e+08
2.414196895981914013e-13, 1.940170725745705664e+08
2.814395882589958426e-13, 1.493408573395376205e+08
3.280935451918776345e-13, 1.149477928906811476e+08
3.824812815513124879e-13, 8.847697353912620246e+07
4.458848181593423731e-13, 6.809927337049563229e+07
5.197986951377594796e-13, 5.241438228470088542e+07
6.059652010182616037e-13, 4.034269577850999683e+07
7.064154417467067175e-13, 3.105005323737688735e+07
8.235172176548091519e-13, 2.389832581847237051e+07
9.600308369491819029e-13, 1.839308285647298396e+07
1.119174181346230586e-12, 1.415629825653034449e+07
1.304698557571760765e-12, 1.089497377814400010e+07
1.520977122687233506e-12, 8.385155230093923397e+06
1.773107967593269847e-12, 6.453225016746031120e+06
2.067034288581631930e-12, 4.966508703582705930e+06
2.409684479604264646e-12, 3.822133852267337032e+06
2.809135447496646608e-12, 2.941504325755269267e+06
3.274802999801101691e-12, 2.263669007306151558e+06
3.817663792987708718e-12, 1.742069462690095650e+06
4.450514072808195253e-12, 1.340594373852028046e+06
5.188271305777502773e-12, 1.031664783178949612e+06
6.048325811802063474e-12, 7.938871584256729111e+05
7.050950686594628962e-12, 6.109256781154250493e+05
8.219779676514615920e-12, 4.701068135909049306e+05
9.582364270239151906e-12, 3.617547488606976694e+05
1.117082313895918462e-11, 2.783621409021234722e+05
1.302259923362230879e-11, 2.141981129002927337e+05
1.518134238542254657e-11, 1.648159194280060183e+05
1.769793821408414235e-11, 1.268212457877163542e+05
2.063170759723450032e-11, 9.758409675020101713e+04
2.405180497460624204e-11, 7.508320338656101376e+04
2.803884844771816426e-11, 5.777193078254802094e+04
3.268682009953723316e-11, 4.444955941938186879e+04
3.810528132821584611e-11, 3.420016571171113901e+04
4.442195541447093477e-11, 2.631374279528788247e+04
5.178573819855437101e-11, 2.024475124761380357e+04
6.037020783411065800e-11, 1.557589858582271881e+04
7.037771635039578194e-11, 1.198309999260794029e+04
8.204415946864102294e-11, 9.219249015219827925e+03
9.564453710606838180e-11, 7.092760648770918124e+03
1.114994356390548286e-10, 5.456440772847147855e+03
1.299825847245275942e-10, 4.197729618282038246e+03
1.515296668080263862e-10, 3.229330717328506125e+03
1.766485869750420971e-10, 2.484186229881534018e+03
2.059314452252606231e-10, 1.911027312839498336e+03
2.400684933786423458e-10, 1.470084984990742214e+03
2.798644056037621084e-10, 1.130814036835346315e+03
3.262572460952317461e-10, 8.698622497747752504e+02
3.803405810038949814e-10, 6.691179077322276498e+02
4.433892558394101641e-10, 5.146916131407130024e+02
5.168894459668836318e-10, 3.958794398887407624e+02
6.025736885440446790e-10, 3.045023963087560901e+02
7.024617216673400841e-10, 2.342127967342655950e+02
8.189080933821340980e-10, 1.801450647232831273e+02
9.546576627905424018e-10, 1.385493574034326798e+02
1.112910301521978132e-09, 1.065610805263170562e+02
1.297396320701288100e-09, 8.195672308296802555e+01
1.512464401369368887e-09, 6.303213342372317385e+01
1.763184101040997877e-09, 4.847643906493724586e+01
2.055465352671481844e-09, 3.727935727920984732e+01
2.396197772846563252e-09, 2.866937499808214440e+01
2.793413062950570365e-09, 2.204750849124595291e+01
3.256474331412598335e-09, 1.695476291583060302e+01
3.796296799710642321e-09, 1.303811138654295654e+01
4.425605094587583618e-09, 1.002601263831452627e+01
5.159233191338581016e-09, 7.709608119720253505e+00
6.014474078394955481e-09, 5.928252705595879135e+00
7.011487385453768934e-09, 4.558131810853591759e+00
8.173774583711631088e-09, 3.504781430793298291e+00
9.528732959562532699e-09, 2.694791701750227197e+00
1.110830141995716601e-08, 2.071950676597375196e+00
1.294971335226582697e-08, 1.593027955634473525e+00
1.509637428496232318e-08, 1.224777043469570392e+00
1.759888503723487753e-08, 9.416297395745559795e-01
2.051623447507689282e-08, 7.239235080811611267e-01
2.391718998935330147e-08, 5.565375253052008420e-01
2.788191847201435563e-08, 4.278438790034455041e-01
3.250387599990276121e-08, 3.289009814302297219e-01
3.789201076954181644e-08, 2.528330620603987389e-01
4.417333121020300245e-08, 1.943529870619787603e-01
5.149589981048896566e-08, 1.493953761257521273e-01
6.003232322853198879e-08, 1.148342935794512132e-01
6.998382095424388805e-08, 8.826619618921439925e-02
8.158496842960602050e-08, 6.784337006517041080e-02
9.510922643122954979e-08, 5.214744566419908522e-02
1.108753870530924548e-07, 4.007924674952763333e-02
1.292550882333375955e-07, 3.080305361189737343e-02
1.506815739566055910e-07, 2.367311995518416728e-02
1.756599066262825846e-07, 1.819300099041832111e-02
2.047788723314019805e-07, 1.398107961863385637e-02
2.387248596376421741e-07, 1.074471952045035449e-02
2.782980390515258918e-07, 8.256662487906980125e-03
3.244312245380930260e-07, 6.344538770469612850e-03
3.782118616933495897e-07, 4.875084493427299034e-03
4.409076608739116095e-07, 3.745854418089925378e-03
5.139964795047128495e-07, 2.878301853414328565e-03
5.992011579467452228e-07, 2.211433709434377191e-03
6.985301300715003711e-07, 1.699016120373817275e-03
8.143247658094044902e-07, 1.305383050845577118e-03
9.493145616247966447e-07, 1.002829857818078076e-03
1.106681479860344254e-06, 7.703680285668423671e-04
1.290134953549726917e-06, 5.918129928614420873e-04
1.503999324702531460e-06, 4.545832075551569209e-04
1.753315777145544996e-06, 3.491534645777274667e-04
2.043961166668409568e-06, 2.681803999773446179e-04
2.382786549522770622e-06, 2.059567208043123197e-04
2.777778674651168692e-06, 1.581691524953092638e-04
3.238248246319932887e-06, 1.214455915150796885e-04
3.775049394858996537e-06, 9.323694392926337943e-05
4.400835528845154641e-06, 7.157390437760554659e-05
5.130357599643861158e-06, 5.492994183718543321e-05
5.980811808963541520e-06, 4.214810550350727434e-05
6.972244955540883526e-06, 3.232623768922186292e-05
8.128026975737574330e-06, 2.478207333204640608e-05
9.475401816715515592e-06, 1.898394152328216743e-05
1.104612962730335639e-05, 1.452535632023852006e-05
1.287723540419566570e-05, 1.109916847416637014e-05
1.501188174047812092e-05, 8.461879960577641291e-06
1.750038624879643402e-05, 6.431461539910588891e-06
2.040140764173846969e-05, 4.862985241391459664e-06
2.378332842756597523e-05, 3.643590332526668375e-06
2.772586681402478678e-05, 2.682549874411711391e-06
