# M_f [M_sun], P(M_f) [M_sun^-1]
3.827084355488770895e-27, 3.432594135087444532e+24
4.506834362638024048e-27, 3.253621075311954835e+24
5.307318597021315105e-27, 2.773135451920912215e+24
6.249981344732780407e-27, 2.566143438882778380e+24
7.360075732297495644e-27, 2.267432845646472323e+24
8.667340236272433316e-27, 2.202743438514053175e+24
1.020679535152785679e-26, 2.057037279446138496e+24
1.201968176026915128e-26, 1.853832809447432372e+24
1.415456513454252634e-26, 1.773403295048037107e+24
1.666863716893613249e-26, 1.581353390401139318e+24
1.962924769702719398e-26, 1.431004767822506694e+24
2.311570893565976189e-26, 1.334838311436936347e+24
2.722142019121112836e-26, 1.231702011097325903e+24
3.205636994690456497e-26, 1.180200348036316407e+24
3.775008235994192380e-26, 1.093040813014283532e+24
4.445508710258711589e-26, 9.810191127145556151e+23
5.235100550126692466e-26, 9.083000125861271741e+23
6.164936243785242058e-26, 8.097513404714751088e+23
7.259925291982616680e-26, 7.307154935234504342e+23
8.549401512189414367e-26, 6.647344076898983268e+23
1.006790886641008959e-25, 6.001081391235492815e+23
1.185612686429800468e-25, 5.624294317220042690e+23
1.396196033232976953e-25, 5.147409841107653729e+23
1.644182274302039242e-25, 4.610734659393809830e+23
1.936214748346826725e-25, 4.047672105584437955e+23
2.280116754881804445e-25, 3.734548477841422586e+23
2.685101133710343442e-25, 3.301874838412778128e+23
3.162017069001498880e-25, 3.016695694265077402e+23
3.723640729628996362e-25, 2.644377148045467908e+23
4.385017531777717265e-25, 2.375521157790301117e+23
5.163865192739406782e-25, 2.111050150231336414e+23
6.081048373363106567e-25, 1.903930774739906955e+23
7.161137624424471483e-25, 1.656184182691146540e+23
8.433067610607815914e-25, 1.493279749171361077e+23
9.930912245356802624e-25, 1.314808289859481727e+23
1.169479750179185720e-24, 1.161498117931812971e+23
1.377197635311530258e-24, 1.010555575506732507e+23
1.621809463923650974e-24, 8.855070122352207043e+22
1.909868177109771420e-24, 7.614841961277923787e+22
2.249090620739106459e-24, 6.669875697277979119e+22
2.648564273138251345e-24, 5.774865534544355367e+22
3.118990690841567164e-24, 4.851690994230367984e+22
3.672972194112414368e-24, 4.115271366738532368e+22
4.325349472294460751e-24, 3.492123019235750733e+22
5.093599153150967636e-24, 2.944117424489031847e+22
5.998301986733429451e-24, 2.492210731116614648e+22
7.063694186024186543e-24, 2.100602124628725753e+22
8.318316694295725583e-24, 1.752570519270109007e+22
9.795779772502459407e-24, 1.448542714586555902e+22
1.153566338934545725e-23, 1.215256131021647433e+22
1.358457753468770415e-23, 1.006814781506859093e+22
1.599741086120690433e-23, 8.282595543713022214e+21
1.883880110432472266e-23, 6.617818706019800318e+21
2.218486667170170368e-23, 5.382991329814351184e+21
2.612524579009417809e-23, 4.329140845963740447e+21
3.076549783657003753e-23, 3.454982855359082791e+21
3.622993118368605338e-23, 2.743157434826405970e+21
4.266493331417388190e-23, 2.172487250658744599e+21
5.024289241605216727e-23, 1.710572295306382410e+21
5.916681551433197638e-23, 1.355324242178450129e+21
6.967576685510515797e-23, 1.053237063434233315e+21
8.205127223166155905e-23, 8.221277868408714035e+20
9.662486081903779035e-23, 6.435052534361111921e+20
1.137869465562747623e-22, 4.962581276611323494e+20
1.339972870010025039e-22, 3.850653154877078897e+20
1.577972998400921814e-22, 3.012483242728523039e+20
1.858245670051332392e-22, 2.315497342756647404e+20
2.188299149455535947e-22, 1.770401502386586255e+20
2.576975286252414089e-22, 1.364987466846442291e+20
3.034686380793943191e-22, 1.037711232153330811e+20
3.573694120741425747e-22, 7.856158682289902387e+19
4.208438061161569796e-22, 5.977286525523708314e+19
4.955922447822396756e-22, 4.549911428621670810e+19
5.836171746353517712e-22, 3.444541779385243238e+19
6.872767080506119101e-22, 2.645194831951067546e+19
8.093477950233581403e-22, 2.019040264597839462e+19
9.531006152778513355e-22, 1.528511135339335066e+19
1.122386183577365160e-21, 1.157151764288604365e+19
1.321739515106818582e-21, 8.760118700348486656e+18
1.556501114640085743e-21, 6.631743181443023872e+18
1.832960044082547755e-21, 5.020458452766222336e+18
2.158522401045615207e-21, 3.800642119011767296e+18
2.541909721849834506e-21, 2.877189371045914112e+18
2.993392624002773968e-21, 2.178100184146251008e+18
3.525065947233321538e-21, 1.648865050126137344e+18
4.151172763874790048e-21, 1.248217452876244736e+18
4.888485938556923632e-21, 9.449159666197841920e+17
5.756757458863851791e-21, 7.153094240347084800e+17
6.779247574141008799e-21, 5.414925019171384960e+17
7.983347917625697840e-21, 4.099101437313310720e+17
9.401315304808618924e-21, 3.103006026807326080e+17
1.107113586585551242e-20, 2.348952651740868800e+17
1.303754266145501082e-20, 1.778130278973739520e+17
1.535321404314857407e-20, 1.346017058560489920e+17
1.808018486118830195e-20, 1.018908400146532320e+17
2.129150832496999069e-20, 7.712893643541403200e+16
2.507321303585775374e-20, 5.838442253762700000e+16
2.952660761963141245e-20, 4.419510658720048000e+16
3.477099469768273000e-20, 3.345406200585267200e+16
4.094686690192054992e-20, 2.532334184414334800e+16
4.821967055188485343e-20, 1.916860870699418800e+16
5.678423781975012526e-20, 1.450967181298225000e+16
6.687000611711742257e-20, 1.098302596394715400e+16
7.874716452649248079e-20, 8.313496712929637000e+15
9.273389193507358252e-20, 6.292783264400555000e+15
1.092048807742505692e-19, 4.763203351108402000e+15
1.286013747084820582e-19, 3.605393699146506500e+15
1.514429891746283616e-19, 2.728999399993532500e+15
1.783416314338504484e-19, 2.065624884751974000e+15
2.100178930423268238e-19, 1.563495761454445250e+15
2.473203538810193721e-19, 1.183420200801379500e+15
2.912483148828885497e-19, 8.957324031998920000e+14
3.429785684478291699e-19, 6.779766979723603750e+14
4.038969237017686838e-19, 5.131545383927515625e+14
4.756353311345922826e-19, 3.883993594462742500e+14
5.601156011541111892e-19, 2.939719517620498750e+14
6.596008877386239232e-19, 2.225000462435368125e+14
7.767563163909723748e-19, 1.684035309143685938e+14
9.147203805649831488e-19, 1.274586416643595156e+14
1.077189019213321826e-18, 9.646819827612453125e+13
1.268514627822181104e-18, 7.301227466306770312e+13
1.493822655353478130e-18, 5.525914696178232812e+13
1.759148910626622835e-18, 4.182241178556739844e+13
2.071601256460095181e-18, 3.165270084374784375e+13
2.439550023220233847e-18, 2.395570137148213672e+13
2.872852242792837491e-18, 1.813025071056011719e+13
3.383115710013375789e-18, 1.372129767001767383e+13
3.984009945535055810e-18, 1.038444509025624023e+13
4.691632390563260313e-18, 7.859004695323091797e+12
5.524939643499330452e-18, 5.947690398558245117e+12
6.506255290953416229e-18, 4.501169624495083008e+12
7.661867937483581633e-18, 3.406427061807634277e+12
9.022735454765141973e-18, 2.577916265432914551e+12
1.062531431642155471e-17, 1.950898908912198730e+12
1.251253623568547011e-17, 1.476375498533886475e+12
1.473495826917530554e-17, 1.117262099099840332e+12
1.735211719708112735e-17, 8.454922921099908447e+11
2.043412446244337628e-17, 6.398237664874660645e+11
2.406354439658023259e-17, 4.841798723223468628e+11
2.833760604671147047e-17, 3.663948347203444214e+11
3.337080785874333111e-17, 2.772605175507858887e+11
3.929798499243368798e-17, 2.098080393836873779e+11
4.627792143967891310e-17, 1.587640760320073242e+11
5.449760371147350448e-17, 1.201373942558940582e+11
6.417723004616927553e-17, 9.090758416054434204e+10
7.557610933142418427e-17, 6.878872874426275635e+10
8.899960776690282966e-17, 5.205114730065162659e+10
1.048073293628658734e-16, 3.938574669565438843e+10
1.234227494231858081e-16, 2.980184690160026932e+10
1.453445590855378235e-16, 2.254979848217808914e+10
1.711600248292711483e-16, 1.706230385632135391e+10
2.015607208407141712e-16, 1.291005954126951981e+10
2.373610556924883153e-16, 9.768182305463373184e+09
2.795200896506820746e-16, 7.390856385436605453e+09
3.291672270768299035e-16, 5.592052428919676781e+09
3.876324722021098502e-16, 4.230992342305123806e+09
4.564820588000032287e-16, 3.201170565404275417e+09
5.375604082457851830e-16, 2.421979272495505810e+09
6.330395399832813866e-16, 1.832427294370159388e+09
7.454772580629080060e-16, 1.386366159006258965e+09
8.778856725184473572e-16, 1.048876896478877664e+09
1.033811891211484246e-15, 7.935338362464469671e+08
1.217433043808796355e-15, 6.003453919802846909e+08
1.433668183503562037e-15, 4.541838186874718070e+08
1.688310064231519714e-15, 3.436028227438408136e+08
1.988180323580680114e-15, 2.599418345652760863e+08
2.341312228611645600e-15, 1.966484625344434679e+08
2.757165880192346520e-15, 1.487644533974877298e+08
3.246881640986719169e-15, 1.125386535367841721e+08
3.823578576215791599e-15, 8.513321155665345490e+07
4.502705902163243663e-15, 6.440067721060900390e+07
5.302456857429437137e-15, 4.871652764361711591e+07
6.244256084189869173e-15, 3.685155069619787484e+07
7.353333575983946270e-15, 2.787593656842374429e+07
8.659400567603077844e-15, 2.108614335109303147e+07
1.019744547358859225e-14, 1.594992758076443151e+07
1.200867119784903834e-14, 1.206462725490806252e+07
1.414159892411767039e-14, 9.125632969639038667e+06
1.665336795684994887e-14, 6.902488151783797890e+06
1.961126643418366260e-14, 5.220863379106490873e+06
2.309453391944914817e-14, 3.948863252915761434e+06
2.719648416111015977e-14, 2.986723152907080483e+06
3.202700488805352503e-14, 2.258977061072085053e+06
3.771550160759941078e-14, 1.708526848088785307e+06
4.441436426805645674e-14, 1.292185040212862892e+06
5.230304965473776629e-14, 9.772841907035819022e+05
6.159288888332596682e-14, 7.391124233779323986e+05
7.253274877921187917e-14, 5.589747862815015251e+05
8.541569880630306978e-14, 4.227338230547754792e+05
1.005868621466072754e-13, 3.196945696978897322e+05
1.184526612542794142e-13, 2.417662544913996244e+05
1.394917055645952059e-13, 1.828305228528229927e+05
1.642676130302366575e-13, 1.382592745544129575e+05
1.934441089628516618e-13, 1.045518951211376261e+05
2.278028066649006010e-13, 7.906105154279456474e+04
2.682641461796680398e-13, 5.978396298683411442e+04
3.159120520905972020e-13, 4.520637460660256329e+04
3.720229709312385826e-13, 3.418267489594156359e+04
4.381000660931243579e-13, 2.584668737239915936e+04
5.159134862838212089e-13, 1.954319779926121919e+04
6.075477862926148927e-13, 1.477670783219494479e+04
7.154577704254755224e-13, 1.117254123810656711e+04
8.425342546070203630e-13, 8.447282336346948796e+03
9.921815088597869224e-13, 6.386655723146666787e+03
1.168408454778427903e-12, 4.828596661877435508e+03
1.375936061100931269e-12, 3.650563124461120879e+03
1.620323814412113295e-12, 2.759878905375187969e+03
1.908118653021066131e-12, 2.086459153927432453e+03
2.247030353823397791e-12, 1.577321325964408743e+03
2.646138070611875080e-12, 1.192401086406303648e+03
3.116133556819701466e-12, 9.013927536991167244e+02
3.669607588425075068e-12, 6.813870329980976521e+02
4.321387260040995666e-12, 5.150682617263448719e+02
5.088933190063331369e-12, 3.893348830026467340e+02
5.992807275662323910e-12, 2.942903934893478208e+02
7.057223528372621454e-12, 2.224422690096885162e+02
8.310696746694852704e-12, 1.681299119878879935e+02
9.786806403091373393e-12, 1.270748956095186060e+02
1.152509620925374632e-11, 9.604250313571935749e+01
1.357213345822380241e-11, 7.258583257914538933e+01
1.598275652223515532e-11, 5.485622277361954247e+01
1.882154392567262510e-11, 4.145537829298537247e+01
2.216454434835392560e-11, 3.132681006764274656e+01
2.610131390443792235e-11, 2.367228909643618806e+01
3.073731527391404497e-11, 1.788728275558393221e+01
3.619674295734788133e-11, 1.351523480577701264e+01
4.262585034003430526e-11, 1.021169558216116791e+01
5.019686769475390084e-11, 7.714441112927398869e+00
5.911261608306487078e-11, 5.827617441875199589e+00
6.961194075759052916e-11, 4.401588853327909057e+00
8.197610962148857623e-11, 3.324751887896921332e+00
9.653634815434336754e-11, 2.510796921382800750e+00
1.136827126586860191e-10, 1.896019102118096766e+00
1.338745395338004986e-10, 1.431601183602275063e+00
1.576527505039064519e-10, 1.080824249722634800e+00
1.856543434472225714e-10, 8.157600095032476739e-01
2.186294570227952256e-10, 6.155683677592147518e-01
2.574614662418087925e-10, 4.642652386523680730e-01
3.031906473264966993e-10, 3.501238997004679221e-01
3.570420458179344394e-10, 2.640618581548331290e-01
4.204582944954029396e-10, 1.990112069892457092e-01
4.951382602712583846e-10, 1.499207736872368857e-01
5.830825553784594538e-10, 1.128577413280766745e-01
6.866471320564389732e-10, 8.491057486196317006e-02
8.086063964909875027e-10, 6.387648778329016452e-02
9.522275327764675918e-10, 4.798830997755450245e-02
1.121358027975561121e-09, 3.601094902588387187e-02
1.320528742997830505e-09, 2.701494354647992688e-02
1.555075290477558539e-09, 2.023247814089127600e-02
1.831280971260036666e-09, 1.512142140127212438e-02
2.156545098642282754e-09, 1.130348590272681024e-02
2.539581219630152337e-09, 8.413268439497401802e-03
2.990650543389345401e-09, 6.268870054070441872e-03
3.521836830238305826e-09, 4.649669639994603691e-03
4.147370105223369652e-09, 3.448089823875318330e-03
4.884007868285203093e-09, 2.545280380901559017e-03
5.751484013309916022e-09, 1.876288395035791015e-03
6.773037482221350061e-09, 1.384492107456387726e-03
7.976034816303926009e-09, 1.012584055415610435e-03
9.392703282372493141e-09, 7.423569307456058097e-04
1.106099421361017376e-08, 5.380121371064813720e-04
1.302559969323491834e-08, 3.897457497853439360e-04
1.533914981707820321e-08, 2.792933034619348451e-04
1.806362260871353145e-08, 2.013851489907992145e-04
2.127200435755174943e-08, 1.431620646625368903e-04
2.505024485893668938e-08, 1.008266844344771928e-04
2.949955993544695882e-08, 6.987319708655844483e-05
3.473914292197325075e-08, 4.945204292027006039e-05
4.090935775293284493e-08, 3.436354936988711580e-05
4.817549919168772810e-08, 2.379242343024468232e-05
5.673222093548799446e-08, 1.643343124621169060e-05
6.680875022107409635e-08, 1.139300802489318302e-05
7.867502862574959042e-08, 7.740981029148493117e-06
9.264894357071844147e-08, 5.214711002263182575e-06
1.091048442524586330e-07, 3.484408590416953740e-06
1.284835701366324788e-07, 2.310330568720667131e-06
1.513042606692777691e-07, 1.582257379435618831e-06
1.781782625773226947e-07, 1.026717153766603272e-06
2.098255073230707811e-07, 6.874090640358766416e-07
2.470937974506181203e-07, 4.121192202890959877e-07
2.909815184888817181e-07, 2.585285308907548697e-07
3.426643848436400447e-07, 1.519368608383694290e-07
4.035269361781039406e-07, 9.151579897659017571e-08
4.751996280430186799e-07, 5.700302947060111307e-08
5.596025103824937226e-07, 3.342316136164435902e-08
6.589966640252501913e-07, 2.246687198492903477e-08
7.760447731007786654e-07, 1.444883961877862717e-08
9.138824560634852685e-07, 8.815461959820728993e-09
1.076202266221783642e-06, 6.653265403391216658e-09
1.267352612074265283e-06, 3.484068425764954151e-09
1.492454247443904610e-06, 1.396298188363979053e-09
1.757537452081123332e-06, 0.000000000000000000e+00
2.069703577686328791e-06, 0.000000000000000000e+00
2.437315287031428754e-06, 0.000000000000000000e+00
2.870220582523147006e-06, 0.000000000000000000e+00
3.380016625741240961e-06, 0.000000000000000000e+00
3.980360415450776659e-06, 0.000000000000000000e+00
4.687334646885956332e-06, 0.000000000000000000e+00
5.519878553361920977e-06, 0.000000000000000000e+00
6.500295272091786232e-06, 0.000000000000000000e+00
