# Columns: R_MC [pc], P(R_MC) [1/pc], Cross-section weighted P(R_MC) [1/pc]
1.025651926251407861e-11, 1.766860799882767200e+08, 4.543792565522693330e+05
1.078946722229829815e-11, 1.804869634662639499e+08, 4.892084848003948573e+05
1.135010815672316663e-11, 1.755403721395651698e+08, 5.011192789346385398e+05
1.193988104464273125e-11, 1.631821157563547194e+08, 4.901300944502108032e+05
1.256029963694872804e-11, 1.648580854561637640e+08, 5.215701268344461569e+05
1.321295634186573788e-11, 1.569153497371811867e+08, 5.226170603601199109e+05
1.389952631213352601e-11, 1.601833786219905317e+08, 5.618071306971354643e+05
1.462177174456718478e-11, 1.548519223009791970e+08, 5.716832352440987015e+05
1.538154640303035716e-11, 1.493625668824270666e+08, 5.803824849387517897e+05
1.618080037643067682e-11, 1.492900661437665820e+08, 6.088116440094204154e+05
1.702158508394953640e-11, 1.533734606666913629e+08, 6.586881673921315232e+05
1.790605854035294846e-11, 1.472664988703033328e+08, 6.657224011864295462e+05
1.883649089489798225e-11, 1.411380354117420614e+08, 6.715226903854482807e+05
1.981527025805096908e-11, 1.410666471539644599e+08, 7.059219919165886240e+05
2.084490883097288542e-11, 1.347414299758564532e+08, 7.096423219011272304e+05
2.192804935350449494e-11, 1.356540271789332628e+08, 7.520307005990722682e+05
2.306747188720071646e-11, 1.306255867718826532e+08, 7.618130768353438471e+05
2.426610095082419209e-11, 1.252409884932765365e+08, 7.686455745293527143e+05
2.552701302661247069e-11, 1.230775677247755975e+08, 7.949303580294294516e+05
2.685344445658503549e-11, 1.190235337257094830e+08, 8.071143351135735866e+05
2.824879974915704763e-11, 1.224047114331814945e+08, 8.738487093228566227e+05
2.971666031738025020e-11, 1.189403623943454176e+08, 8.936476035493118688e+05
3.126079367123955679e-11, 1.182654604214409143e+08, 9.351879854608539026e+05
3.288516308759833167e-11, 1.192932097392573208e+08, 9.927667625065908069e+05
3.459393778261224212e-11, 1.194804934312168211e+08, 1.046365786500064656e+06
3.639150361272071167e-11, 1.179793616161239296e+08, 1.085974531059401110e+06
3.828247433168220594e-11, 1.153560124301872998e+08, 1.117414876399490051e+06
4.027170343254586841e-11, 1.102712315609875172e+08, 1.123969586855559377e+06
4.236429660495408969e-11, 1.091145092896120250e+08, 1.170248371258002939e+06
4.456562483975033441e-11, 1.072580225425615758e+08, 1.210436377586185466e+06
4.688133821452655254e-11, 1.043051372033146322e+08, 1.238545601851700339e+06
4.931738039549364670e-11, 1.043316499947932363e+08, 1.303532152792717796e+06
5.188000389289609384e-11, 1.011942391113614738e+08, 1.329570496563699329e+06
5.457578610912699557e-11, 1.011547445980094075e+08, 1.398331455647428287e+06
5.741164622073268011e-11, 1.029591020567107797e+08, 1.497598277097075712e+06
6.039486293763794275e-11, 1.068212861805837452e+08, 1.634883830324874725e+06
6.353309318517436562e-11, 1.052897186736632288e+08, 1.695416199773924425e+06
6.683439175686149603e-11, 1.081810737424816638e+08, 1.832773761314576259e+06
7.030723198838341702e-11, 1.071060692422699630e+08, 1.908039948307412211e+06
7.396052750582374558e-11, 1.122387421303067952e+08, 2.100367369092172012e+06
7.780365510398024982e-11, 1.122593518571785390e+08, 2.210756038024606649e+06
8.184647881347885976e-11, 1.100377476644006968e+08, 2.280261999613268767e+06
8.609937521845998927e-11, 1.140851751966322660e+08, 2.487079031570835039e+06
9.057326008981998694e-11, 1.173712155799697489e+08, 2.692543954709630925e+06
9.527961640236521090e-11, 1.179749403894388676e+08, 2.847268168676170055e+06
1.002305238077900488e-10, 1.182675463337109387e+08, 3.003313795960701071e+06
1.054386896391260237e-10, 1.211671076476339698e+08, 3.237165667420593556e+06
1.109174815262403146e-10, 1.199276997086936533e+08, 3.371086073903235607e+06
1.166809617060962959e-10, 1.221962140815327615e+08, 3.613929097489389591e+06
1.227439231158405997e-10, 1.244464281680846810e+08, 3.872257579588929191e+06
1.291219273613533562e-10, 1.254165809520660341e+08, 4.105673218337688129e+06
1.358313446587154174e-10, 1.282227417658696622e+08, 4.415392990594878793e+06
1.428893958511103824e-10, 1.286676091578788012e+08, 4.661405144039299339e+06
1.503141966090024084e-10, 1.307032233037600368e+08, 4.981652702112074941e+06
1.581248039270385857e-10, 1.352331289174617827e+08, 5.418589339077827521e+06
1.663412650370169698e-10, 1.380940326088398397e+08, 5.821819860133883543e+06
1.749846688624654551e-10, 1.431674479879986644e+08, 6.348431011541075073e+06
1.840772001468954491e-10, 1.462869836255219281e+08, 6.825050969127963297e+06
1.936421963946606826e-10, 1.513052656609629393e+08, 7.427175804153505713e+06
2.037042077705718970e-10, 1.555006871535818875e+08, 8.029111159961235709e+06
2.142890601120060623e-10, 1.611433970880641639e+08, 8.754108137438796461e+06
2.254239212152432687e-10, 1.672984965019016862e+08, 9.561917867046855390e+06
2.371373705661655168e-10, 1.712580290060327947e+08, 1.029782018248435669e+07
2.494594726942950709e-10, 1.733798932426167130e+08, 1.096703815473281778e+07
2.624218543384439019e-10, 1.776317923469218612e+08, 1.181999168709350936e+07
2.760577856220344782e-10, 1.820008523521991670e+08, 1.273883839598575048e+07
2.904022654464451017e-10, 1.878377981093526185e+08, 1.383192425732944906e+07
3.054921113215515548e-10, 1.916799664394903779e+08, 1.484945118625441194e+07
3.213660538640321425e-10, 1.970572679290516973e+08, 1.605882542751396261e+07
3.380648362059815113e-10, 2.038324186660940051e+08, 1.747465010814663768e+07
3.556313185689847556e-10, 2.079619253631454110e+08, 1.875633454726286232e+07
3.741105882720528966e-10, 2.118672825508545637e+08, 2.010260422959306836e+07
3.935500754557772142e-10, 2.167471891124857068e+08, 2.163530125704404712e+07
4.139996748197304272e-10, 2.220638661945931613e+08, 2.331875430043572560e+07
4.355118736855688095e-10, 2.264144573465694785e+08, 2.501089014637580886e+07
4.581418867145339649e-10, 2.305547921414926350e+08, 2.679206514887921140e+07
4.819477976251271319e-10, 2.346552105771174729e+08, 2.868645816283750907e+07
5.069907082747033666e-10, 2.391917861200492680e+08, 3.075987641198873892e+07
5.333348954876202279e-10, 2.431381549076246619e+08, 3.289316857787080109e+07
5.610479760324701077e-10, 2.491714535927281678e+08, 3.546108412715743482e+07
5.902010801718442306e-10, 2.543815940096346736e+08, 3.807764756236831844e+07
6.208690342300637909e-10, 2.580977914454927146e+08, 4.064362966977000237e+07
6.531305526474729939e-10, 2.645437424354335964e+08, 4.382552442215690762e+07
6.870684400142317101e-10, 2.686452490166298151e+08, 4.681945593281733245e+07
7.227698036021688210e-10, 2.717467468565095067e+08, 4.982261644722420722e+07
7.603262769401807175e-10, 2.731575598894016743e+08, 5.268316128695616871e+07
7.998342550070276743e-10, 2.753916204219393730e+08, 5.587574197177554667e+07
8.413951416451946904e-10, 2.790449734590742588e+08, 5.955868668029455841e+07
8.851156098308355951e-10, 2.791925869812713265e+08, 6.268844923501341045e+07
9.311078754678309670e-10, 2.796392919916806817e+08, 6.605311870033159107e+07
9.794899854086980821e-10, 2.786332435304086804e+08, 6.923699952351039648e+07
1.030386120441616095e-09, 2.784029148682572246e+08, 7.277503801704697311e+07
1.083926914021204014e-09, 2.766564175631040931e+08, 7.607653374101737142e+07
1.140249787561167319e-09, 2.737646274647377729e+08, 7.919486429711338878e+07
1.199499303149378128e-09, 2.707662982495167851e+08, 8.239796971718920767e+07
1.261827534590670558e-09, 2.660456858501176536e+08, 8.517011615341012180e+07
1.327394457729740273e-09, 2.603565469293516278e+08, 8.768044764717891812e+07
1.396368361055936317e-09, 2.560951758064784706e+08, 9.072873092249220610e+07
1.468926277643866174e-09, 2.506173711757805347e+08, 9.340350962101426721e+07
1.545254439538414134e-09, 2.439082597212049067e+08, 9.562838161652497947e+07
1.625548755750481709e-09, 2.369599718562033176e+08, 9.773348240985776484e+07
1.710015315090286320e-09, 2.294262710237044692e+08, 9.954364554862982035e+07
1.798870915128787322e-09, 2.218336562476976514e+08, 1.012498997772506922e+08
1.892343618644975688e-09, 2.136099057631390691e+08, 1.025648083212177902e+08
1.990673338987188583e-09, 2.045056182386248708e+08, 1.032976990498711765e+08
2.094112455850895670e-09, 1.948739804200171232e+08, 1.035488619160625935e+08
2.202926463053456075e-09, 1.856280518297333121e+08, 1.037635997529285103e+08
2.317394649968475145e-09, 1.760862526294361651e+08, 1.035468265983347893e+08
2.437810818368750009e-09, 1.664030883004080057e+08, 1.029396530670921803e+08
2.564484036517716058e-09, 1.569561675791893601e+08, 1.021432891989461631e+08
2.697739432444920460e-09, 1.477853228777360320e+08, 1.011749747838750780e+08
2.837919028441557893e-09, 1.382917123676963747e+08, 9.959751265198083222e+07
2.985382618917963357e-09, 1.291375448324239552e+08, 9.783831042231979966e+07
3.140508693876216431e-09, 1.198715028775044829e+08, 9.553695223213154078e+07
3.303695410368142213e-09, 1.110501964566993862e+08, 9.310733619547700882e+07
3.475361614432053799e-09, 1.026863066799464375e+08, 9.057132698202569783e+07
3.655947916131246718e-09, 9.470525119634699821e+07, 8.787517307717132568e+07
3.845917820453534961e-09, 8.708839302079084516e+07, 8.500935244053661823e+07
4.045758916974428963e-09, 7.998083254177764058e+07, 8.213100030712027848e+07
4.255984131337434845e-09, 7.308521472916851938e+07, 7.895250358601839840e+07
4.477133041763623226e-09, 6.694835988538067043e+07, 7.608252923962998390e+07
4.709773263969519825e-09, 6.090480131570643932e+07, 7.281294948409724236e+07
4.954501908047895353e-09, 5.510689913895945251e+07, 6.930756479019795358e+07
5.211947111050799924e-09, 4.991395635525971651e+07, 6.604120468496526778e+07
5.482769649208535777e-09, 4.494081076166716963e+07, 6.255265675278978795e+07
5.767664633922509555e-09, 4.060473584762509912e+07, 5.945683495212674141e+07
6.067363295885059185e-09, 3.658862330377608538e+07, 5.636275083929145336e+07
6.382634861905482558e-09, 3.290194572968266532e+07, 5.331992982114415616e+07
6.714288529259509001e-09, 2.954703625050614402e+07, 5.037057035092521459e+07
7.063175542629608811e-09, 2.648813216078731045e+07, 4.750457719950798899e+07
7.430191378967006415e-09, 2.369326109181658551e+07, 4.470082550113620609e+07
7.816278045883292923e-09, 2.120025499018547311e+07, 4.207847916065400839e+07
8.222426499470713005e-09, 1.892185080325341970e+07, 3.951043276291529089e+07
8.649679187756937814e-09, 1.687268860298504308e+07, 3.706204652252762020e+07
9.099132726322508595e-09, 1.500897717322320677e+07, 3.468021555796094984e+07
9.571940712948442686e-09, 1.327966632694910280e+07, 3.228146258733456582e+07
1.006931668851804562e-08, 1.177841206660686992e+07, 3.012242119554653019e+07
1.059253725177287621e-08, 1.037750580154778063e+07, 2.792118493671961501e+07
1.114294533591729230e-08, 9.131703032050754875e+06, 2.584829162048621476e+07
1.172195365548130236e-08, 8.028044040675790049e+06, 2.390730610787622631e+07
1.233104833228909634e-08, 7.099118383186669089e+06, 2.224173547924360633e+07
1.297179270983955861e-08, 6.265392852477429435e+06, 2.065178519581482932e+07
1.364583136588923983e-08, 5.501622283047361299e+06, 1.907860306131225824e+07
1.435489433353654691e-08, 4.796452081554813311e+06, 1.749797471135861799e+07
1.510080154164146180e-08, 4.188981119612724986e+06, 1.607782424358842149e+07
1.588546748597777465e-08, 3.659216033666710369e+06, 1.477612584890881553e+07
1.671090614310706979e-08, 3.185839347256570589e+06, 1.353481017319362424e+07
1.757923613958693077e-08, 2.765867700367381331e+06, 1.236282731715601683e+07
1.849268618978079709e-08, 2.405352264794730116e+06, 1.131165846446600929e+07
1.945360081622663184e-08, 2.094703255163128953e+06, 1.036416904762704112e+07
2.046444636724671542e-08, 1.808139170736535219e+06, 9.412614364383252338e+06
2.152781734724369502e-08, 1.571485763868128182e+06, 8.606310403621245176e+06
2.264644307593057319e-08, 1.364172260830060346e+06, 7.860504934640168212e+06
2.382319469358689039e-08, 1.181036426162193529e+06, 7.159326571896420792e+06
2.506109253032113907e-08, 1.022722686678883387e+06, 6.523028766416843981e+06
2.636331385825381413e-08, 8.824859819677661872e+05, 5.919190822365640663e+06
2.773320104651840969e-08, 7.591460530459544389e+05, 5.355943498264010996e+06
2.917427014001165809e-08, 6.541934110346254893e+05, 4.856397433516936377e+06
3.069021988391154998e-08, 5.647993125159259653e+05, 4.409967379705964588e+06
3.228494121712631338e-08, 4.871210950480740867e+05, 4.002094322019260842e+06
3.396252725904081622e-08, 4.199981871769921854e+05, 3.630128381869405974e+06
3.572728381519288657e-08, 3.621139428933502058e+05, 3.293368298103499692e+06
3.758374042884442742e-08, 3.113826590839155251e+05, 2.979982284574543126e+06
3.953666200681278862e-08, 2.678905680871061631e+05, 2.697785478578611743e+06
4.159106104940218542e-08, 2.293175054705825169e+05, 2.430079344344570301e+06
4.375221051582515913e-08, 1.961786975057024392e+05, 2.187634105919206981e+06
4.602565735813553354e-08, 1.679689278869710397e+05, 1.971057076640666928e+06
4.841723675840988696e-08, 1.436996669656111917e+05, 1.773235308602222241e+06
5.093308710571952695e-08, 1.231361110660069535e+05, 1.599043774986052886e+06
5.357966575133417533e-08, 1.054405938221343240e+05, 1.440968944509917172e+06
5.636376558259543076e-08, 9.021437376669736113e+04, 1.297484666914210189e+06
5.929253245799994260e-08, 7.710379224584615440e+04, 1.167051381191174500e+06
6.237348354824184070e-08, 6.589853180226903351e+04, 1.049753635882504750e+06
6.561452663029043443e-08, 5.647614320435041009e+04, 9.468631769535678905e+05
6.902398038402412175e-08, 4.826863647837422468e+04, 8.517369295626485255e+05
7.261059574351543687e-08, 4.125390182980291138e+04, 7.661873026819562074e+05
7.638357835776907026e-08, 3.525859730746707646e+04, 6.892491137561100768e+05
8.035261221856177783e-08, 3.013457222121964514e+04, 6.200545150138839381e+05
8.452788451602899226e-08, 2.575520617106608915e+04, 5.578231744446135126e+05
8.892011178579481813e-08, 2.241988487384497421e+04, 5.111695684358960716e+05
9.354056741475511679e-08, 1.916167095443046492e+04, 4.598960959209533758e+05
9.840111057611325498e-08, 1.637696338909582300e+04, 4.137800557686340762e+05
1.035142166679343147e-07, 1.399694893426715680e+04, 3.723018941499163047e+05
1.088930093333433319e-07, 1.196281476693305740e+04, 3.349944391579666408e+05
1.145512941445534903e-07, 1.022429515325844477e+04, 3.014376172825568356e+05
1.205035940371795992e-07, 8.738429325942619471e+03, 2.712537029451298877e+05
1.267651865857844781e-07, 7.468499876004141697e+03, 2.441030473123214033e+05
1.333521432163324045e-07, 6.383125424216166721e+03, 2.196802379936721118e+05
1.402813704561957486e-07, 5.455485151907520958e+03, 1.977106461649413104e+05
1.475706533275893077e-07, 4.662656028999565024e+03, 1.779473220520426694e+05
1.552387009958081715e-07, 4.061364652979303628e+03, 1.601895221440100868e+05
1.633051947894334705e-07, 3.471138836909401107e+03, 1.441927962259361811e+05
1.717908387157587761e-07, 2.966688749846017799e+03, 1.298012426020128332e+05
1.807174126010925653e-07, 2.535548865030597426e+03, 1.168533693874277524e+05
1.901078279923299666e-07, 2.167065233052368058e+03, 1.052039549945312028e+05
1.999861869632742842e-07, 1.852132210532519821e+03, 9.472240763642193633e+04
2.103778439766472978e-07, 1.582967449643921100e+03, 8.529129032336887030e+04
2.213094709605636295e-07, 1.352919587720795789e+03, 7.680499463952223596e+04
2.328091257665007940e-07, 1.156303884346167479e+03, 6.916854826317346306e+04
2.449063241844743992e-07, 9.882617452463010750e+02, 6.229654278549233277e+04
2.576321157002572855e-07, 8.446406609031078006e+02, 5.611216965355042339e+04
2.710191631890842058e-07, 7.218915934748255268e+02, 5.054635335151781328e+04
2.851018267503907082e-07, 6.169812760021704889e+02, 4.553697199145195918e+04
2.999162518987646980e-07, 5.273172570319756005e+02, 4.102815651348618121e+04
3.155004623374623941e-07, 4.506838381704956191e+02, 3.696966055083514948e+04
3.318944575526103405e-07, 3.851873218342736891e+02, 3.331629385285531316e+04
3.491403154785858900e-07, 3.292092157132975672e+02, 3.002741281832608729e+04
3.672823004980842474e-07, 2.813662380987512961e+02, 2.706646241674324119e+04
3.863669770540689493e-07, 2.404761354223546448e+02, 2.440056428989490087e+04
4.064433291652127549e-07, 2.055284674306737429e+02, 2.200014638137959628e+04
4.275628861515860074e-07, 1.756596380914279791e+02, 1.983860990982532167e+04
4.497798548932875053e-07, 1.501315552477049380e+02, 1.789202992402713062e+04
4.731512589614802628e-07, 1.283133912868712514e+02, 1.613888600716296060e+04
4.977370849789355307e-07, 1.096659949773837042e+02, 1.455982018686655647e+04
5.236004365857494849e-07, 9.372856825496276656e+01, 1.313741919315097221e+04
5.508076964054029391e-07, 8.010727944906474818e+01, 1.185601869396011898e+04
5.794286964268809173e-07, 6.846553124814025182e+01, 1.070152724714297074e+04
6.095368972401687385e-07, 5.851564304827243035e+01, 9.661268006318752668e+03
6.412095765851608593e-07, 5.001174196225143476e+01, 8.723836357670759753e+03
6.745280276979215670e-07, 4.274368702257027763e+01, 7.878971910726293572e+03
7.095777679633887827e-07, 3.653187649814893945e+01, 7.117443413393759329e+03
7.464487584100661313e-07, 3.122280955034848660e+01, 6.430945205527017606e+03
7.852356346100710336e-07, 2.668529322849127539e+01, 5.812004166924462879e+03
8.260379495771783370e-07, 2.280720040641974578e+01, 5.253895980956013773e+03
8.689604292863010418e-07, 1.949269904556589239e+01, 4.750569865744207164e+03
9.141132414702490036e-07, 1.665988411561427540e+01, 4.296580885592356026e+03
9.616122783836638888e-07, 1.423875361344487622e+01, 3.887029070344907268e+03
1.011579454259898283e-06, 1.216947867345687762e+01, 3.517504647472366742e+03
1.064143018224315170e-06, 1.040092517539580008e+01, 3.184038814685447051e+03
1.119437883467150232e-06, 8.889390211090889338e+00, 2.883059473312578120e+03
1.177605973520806597e-06, 7.597522030604890730e+00, 2.611351371311911407e+03
1.238796586530369050e-06, 6.493397147572589567e+00, 2.366020320307131442e+03
1.303166778452298707e-06, 5.549731390350356897e+00, 2.144460954701210994e+03
1.370881766164852098e-06, 4.743205713629844666e+00, 1.944327769990162324e+03
1.442115351524868011e-06, 4.053889971457064867e+00, 1.763509070271287555e+03
1.517050367459335277e-06, 3.464750383653224297e+00, 1.600103513963493924e+03
1.595879147236730565e-06, 2.961228679885782089e+00, 1.452399065179057288e+03
1.678804018122558985e-06, 2.530882256809515063e+00, 1.318853989357075307e+03
1.766037820686164116e-06, 2.163076767717722504e+00, 1.198079824695288153e+03
1.857804455091697021e-06, 1.848723338526079951e+00, 1.088826044087096989e+03
1.954339455775392327e-06, 1.580053944658847742e+00, 9.899662410733939168e+02
2.055890595984140433e-06, 1.350429463257298845e+00, 9.004857192528664882e+02
2.162718523727020259e-06, 1.154175615982339309e+00, 8.194703279461811007e+02
2.275097430772069504e-06, 9.864427400349543573e-01, 7.460964069258549216e+02
2.393315756405384890e-06, 8.430859755577190251e-01, 6.796217691573910997e+02
2.517676927758854593e-06, 7.205628194369506634e-01, 6.193775553143219668e+02
2.648500138606698363e-06, 6.158455760384804467e-01, 5.647609082814948351e+02
2.786121168629766473e-06, 5.263465791192090126e-01, 5.152284267912947371e+02
2.930893245250318698e-06, 4.498541937020919534e-01, 4.702901940345267917e+02
3.083187950249353467e-06, 3.844782144130202695e-01, 4.295044973371907986e+02
3.243396173493490004e-06, 3.286031183960959057e-01, 3.924729949413510894e+02
3.411929116219281216e-06, 2.808481943453366436e-01, 3.588364607135151232e+02
3.589219346450049739e-06, 2.400333359870694960e-01, 3.282707951828882642e+02
3.775721909254159727e-06, 2.051499880291922651e-01, 3.004836673189107046e+02
3.971915494694400700e-06, 1.753361172940846868e-01, 2.752112271896905327e+02
4.178303666466213542e-06, 1.498550157755287882e-01, 2.522154256673110808e+02
4.395416154378242806e-06, 1.280770086086633341e-01, 2.312813412419950510e+02
4.623810213992598294e-06, 1.094639220419377917e-01, 2.122149191058728093e+02
4.864072056914609241e-06, 9.355581966112946901e-02, 1.948409756546927838e+02
5.116818355403072973e-06, 7.995959693007903546e-02, 1.790012717618689635e+02
5.382697825162881249e-06, 6.833927545757485789e-02, 1.645528516098260070e+02
5.662392890382528157e-06, 5.840769207922585221e-02, 1.513665125111072314e+02
5.956621435290097563e-06, 4.991944227167778581e-02, 1.393255483722989823e+02
6.266138646723349015e-06, 4.266475921076061384e-02, 1.283243848385691024e+02
6.591738952443213146e-06, 3.646437475330657763e-02, 1.182675945120160748e+02
6.934258060165687003e-06, 3.116507716616092119e-02, 1.090688808291671137e+02
7.294575102545679062e-06, 2.663590532554452675e-02, 1.006501160723875330e+02
7.673614893618186056e-06, 2.276494884822729409e-02, 9.294066422829378382e+01
8.072350302488374979e-06, 1.945654306557241531e-02, 8.587651199086708687e+01
8.491804750363126655e-06, 1.662893200148984896e-02, 7.939971460609875464e+01
8.933054837332944550e-06, 1.421225101464428792e-02, 7.345783123824122640e+01
9.397233105646374780e-06, 1.214677298440925042e-02, 6.800326890316333106e+01
9.885530946569380493e-06, 1.038146769769652568e-02, 6.299297872676109478e+01
1.039920165829057908e-05, 8.872704617401409866e-03, 5.838783247067011217e+01
1.093956366272093086e-05, 7.583204805431899634e-03, 5.415240445930626834e+01
1.150800388944435666e-05, 6.481098409686647695e-03, 5.025448616341390817e+01
1.210598133550481593e-05, 5.539157270078125944e-03, 4.666491730457253340e+01
1.273503081016660354e-05, 4.734106700818986255e-03, 4.335719434250961513e+01
1.339676687425934466e-05, 4.046055256326241273e-03, 4.030725116729840352e+01
1.409288798421873337e-05, 3.457990422434842077e-03, 3.749308970498955063e+01
1.482518085145951458e-05, 2.955386199454627244e-03, 3.489484946546310340e+01
1.559552502826952309e-05, 2.525818928030423328e-03, 3.249436173347076817e+01
1.640589773199538679e-05, 2.158682585952409732e-03, 3.027525090413461584e+01
1.725837891990201987e-05, 1.844895965732276742e-03, 2.822237966903467310e+01
1.815515662773133475e-05, 1.576706991098056473e-03, 2.632207865422297033e+01
1.909853258566236888e-05, 1.347494948789318241e-03, 2.456198089143055796e+01
2.009092812608727908e-05, 1.151593707443614558e-03, 2.293068412939477696e+01
2.113489039836645523e-05, 9.841597809374838090e-04, 2.141775616545445615e+01
2.223309890651400654e-05, 8.410546821885496157e-04, 2.001368228487876877e+01
2.338837238659353628e-05, 7.187480170304214088e-04, 1.870993579249280359e+01
2.460367604147624960e-05, 6.142152562036309969e-04, 1.749855120434362021e+01
2.588212915153087737e-05, 5.248717123169234326e-04, 1.637223663215994662e+01
2.722701308077910045e-05, 4.485093616209359256e-04, 1.532433888398010069e+01
2.864177969906579846e-05, 3.832453859617724647e-04, 1.434891794531026754e+01
3.013006024186119008e-05, 3.274612092075671510e-04, 1.344018017743564108e+01
3.169567463043487023e-05, 2.797819947690958695e-04, 1.259313277332588576e+01
3.334264127632347269e-05, 2.390344649178730550e-04, 1.180330315869666080e+01
3.507518739525679514e-05, 2.042014900635851903e-04, 1.106587060080245344e+01
3.689775985701500575e-05, 1.744335429338866395e-04, 1.037743620231533193e+01
3.881503659906478245e-05, 1.489925615831986171e-04, 9.734249309590897070e+00
4.083193863326918895e-05, 1.272516344613509886e-04, 9.133106410542533027e+00
4.295364267648868727e-05, 1.086677832247885276e-04, 8.570516981330687400e+00
4.518559443749217176e-05, 9.278092778034259947e-05, 8.043493049659243610e+00
4.753352259428048591e-05, 7.920902634701669758e-05, 7.550313426226185065e+00
5.000345349769783158e-05, 6.760900514340624533e-05, 7.087910200976772046e+00
5.260172663907057610e-05, 5.769836739667658071e-05, 6.654498666849839594e+00
5.533501092157360027e-05, 4.922629806242503512e-05, 6.247358000305275105e+00
5.821032177708709908e-05, 4.198866672220089101e-05, 5.865217836495424386e+00
6.123503917247733364e-05, 3.580554574935163503e-05, 5.506249344608578511e+00
6.441692655151768125e-05, 3.052227689301282145e-05, 5.168589770556601515e+00
6.776415076106743183e-05, 2.601159168302651014e-05, 4.851367440918230578e+00
7.128530301265190909e-05, 2.216022726755789650e-05, 4.553044737309636325e+00
7.498942093324550431e-05, 1.886759075520726898e-05, 4.271262118153118514e+00
7.888601176185532765e-05, 1.605656792167211612e-05, 4.005750902449414674e+00
8.298507675144217602e-05, 1.365877316156102458e-05, 3.755872157321069160e+00
8.729713683881113037e-05, 1.161186199164883870e-05, 3.519976925990950800e+00
9.183325964835800334e-05, 9.866136754035408088e-06, 3.297557336218562618e+00
9.660508789898121246e-05, 8.376760177930959363e-06, 3.087395135434428894e+00
1.016248692870694932e-04, 7.107302876236901105e-06, 2.889026981113619552e+00
1.069054879222656676e-04, 6.027005152473666023e-06, 2.702327475034729698e+00
1.124604973966924549e-04, 5.107734748675062048e-06, 2.526443964742146164e+00
1.183041555725163470e-04, 4.323619084688037000e-06, 2.359499960641324279e+00
1.244514611771384207e-04, 3.657709493974048253e-06, 2.202533627608580069e+00
1.309181922999405612e-04, 3.091700832515680889e-06, 2.054450355771912040e+00
1.377209468893944241e-04, 2.610378576872622476e-06, 1.914367063559605064e+00
1.448771853544760326e-04, 2.201322455744051773e-06, 1.781819605940424545e+00
1.524052753797290724e-04, 1.855333087628528628e-06, 1.657675322469888579e+00
1.603245390690039994e-04, 1.562083360477699300e-06, 1.540677847639203568e+00
1.686553025388738941e-04, 1.314487982512420945e-06, 1.431298350233032091e+00
1.774189480890164621e-04, 1.104803909323353436e-06, 1.328151171733145341e+00
1.866379690834667616e-04, 9.274424030265509692e-07, 1.231002505480929932e+00
1.963360276836043495e-04, 7.775274511481433290e-07, 1.139502480286072039e+00
2.065380155810527039e-04, 6.511276822877569347e-07, 1.053685579033349917e+00
2.172701178863743125e-04, 5.446020037203213772e-07, 9.731570834359642985e-01
2.285598803375427502e-04, 4.551630120900629764e-07, 8.981450562416755101e-01
2.404362800006929737e-04, 3.793191745399238469e-07, 8.265135097994118496e-01
2.529297996446142408e-04, 3.162213253759771176e-07, 7.608984371567487637e-01
2.660725059798808335e-04, 2.635491404633176035e-07, 7.003279396467275708e-01
2.798981319634359969e-04, 2.191648879786149673e-07, 6.431344959956071250e-01
2.944421633798757201e-04, 1.822849030108146119e-07, 5.907359070620034069e-01
3.097419299216577857e-04, 1.510989256862864900e-07, 5.407229331406205874e-01
3.258367010020083690e-04, 1.250923607467664032e-07, 4.943156509344353022e-01
3.427677865464497770e-04, 1.033559687484138332e-07, 4.509654554451155706e-01
3.605786430216419711e-04, 8.525040806608393236e-08, 4.107084900631975399e-01
3.793149849736817260e-04, 7.018524752632697576e-08, 3.733025547197899030e-01
3.990249023621416529e-04, 5.768631131355721842e-08, 3.387231977151258788e-01
4.197589839910068955e-04, 4.724230370769389107e-08, 3.061714889446132126e-01
4.415704473533120706e-04, 3.860359185740504910e-08, 2.760965857742636587e-01
4.645152752227491933e-04, 3.148630171416403206e-08, 2.485033859002141188e-01
4.886523593428331686e-04, 2.564880950690136380e-08, 2.233678146511610119e-01
5.140436515824254367e-04, 2.091003470745267839e-08, 2.008960337275249308e-01
5.407543229455804949e-04, 1.695650664998700992e-08, 1.796594689523919319e-01
5.688529308438407088e-04, 1.381753430287199970e-08, 1.614760194334166898e-01
5.984115950603185932e-04, 1.123784598873457594e-08, 1.448188205214591684e-01
6.295061828571967780e-04, 9.121657971421731120e-09, 1.295887307751945605e-01
6.622165037017614837e-04, 7.265871570537558643e-09, 1.136319013323364435e-01
6.966265141107679491e-04, 5.782557804128560240e-09, 9.951149518752548662e-02
7.328245331389029006e-04, 4.626543663093458414e-09, 8.761311808713663496e-02
7.709034690644293083e-04, 3.747871588070369253e-09, 7.817622624149699051e-02
8.109610578538404418e-04, 3.004717323979744593e-09, 6.893695403761911089e-02
8.531001140175886385e-04, 2.402063644959715352e-09, 6.057607971862894597e-02
8.974287945007472294e-04, 1.929293845245088372e-09, 5.348067992776241869e-02
9.440608762859225515e-04, 1.547855036775644492e-09, 4.713775106576553048e-02
9.931160484209324620e-04, 1.233253005129932603e-09, 4.120528135514955198e-02
1.044720219220798265e-03, 9.724637719855827601e-10, 3.557543913488928761e-02
1.099005839432519709e-03, 7.952542916219576671e-10, 3.198984509282879612e-02
1.156112242192098129e-03, 6.181005021467164136e-10, 2.713734137444093197e-02
1.216186000646367902e-03, 4.874349465283641908e-10, 2.336535353041599081e-02
1.279381304157525346e-03, 3.788704802418223474e-10, 1.976706441393593500e-02
1.345860354055946825e-03, 2.972824078773096511e-10, 1.686713697259733039e-02
1.415793779957078133e-03, 2.337780561342539548e-10, 1.447968454514679190e-02
1.489361077710912385e-03, 1.891378266724852019e-10, 1.283722635940582647e-02
1.566751070108147060e-03, 1.511306637796156601e-10, 1.115931057943013102e-02
1.648162391525506785e-03, 1.169407282961055263e-10, 9.342259140291275452e-03
1.733803997754137464e-03, 8.944665745770172985e-11, 7.637558845700898220e-03
1.823895702319638500e-03, 6.847616918712439514e-11, 6.240881062681647405e-03
1.918668740670287148e-03, 5.167460075226180501e-11, 4.945872532495404136e-03
2.018366363681555527e-03, 4.005057806120901711e-11, 4.041909004606580522e-03
2.123244462000214820e-03, 3.040574485135548328e-11, 3.169031408796247392e-03
2.233572222830528409e-03, 2.520770534078247559e-11, 2.849545876825288360e-03
2.349632820848305062e-03, 2.113759432291556693e-11, 2.609656409923897906e-03
2.471724145016129109e-03, 1.741330023488466196e-11, 2.316925766369100619e-03
2.600159563165272119e-03, 1.457599198620762552e-11, 2.170203702592948553e-03
2.735268726306713891e-03, 1.176270102933132220e-11, 1.855461744490728053e-03
2.877398414735666578e-03, 9.619851645679184703e-12, 1.618850273109682675e-03
3.026913428101298334e-03, 8.010767486415074238e-12, 1.457741733229746045e-03
3.184197521726119060e-03, 6.846586926383920878e-12, 1.378583528160868838e-03
3.349654391578272498e-03, 5.851593198782103310e-12, 1.303730796479926190e-03
3.523708710424869068e-03, 4.665635395650140764e-12, 1.075295362462755540e-03
3.706807217825759931e-03, 3.987592744053983770e-12, 1.016920390010374840e-03
3.899419866765435790e-03, 3.408087976025022498e-12, 9.617188989480160389e-04
4.102041029866064330e-03, 2.912800879589813545e-12, 9.095179179502453160e-04
4.315190768277641156e-03, 2.489492355779757187e-12, 8.601539487101077632e-04
4.539416166502023217e-03, 2.127701976785503522e-12, 8.134724426024630148e-04
4.775292736576902328e-03, 9.328861594262260075e-13, 5.577797962493349473e-06
5.023425895223866157e-03, 7.973126412373776726e-13, 5.275123665325352433e-06
5.284452517751802615e-03, 6.814416115551721246e-13, 4.988890798832375542e-06
5.559042572704037122e-03, 5.824097674385914789e-13, 4.718204534452859944e-06
5.847900841444799748e-03, 4.977699210850339966e-13, 4.462218918178367817e-06
6.151768727098664430e-03, 4.254305270783873517e-13, 4.220134183662422604e-06
6.471426157485817530e-03, 3.636039979588773856e-13, 3.991194214786026650e-06
6.807693586937403271e-03, 3.107625309345031238e-13, 3.774684149192878334e-06
7.161434102129013088e-03, 2.656003541626079601e-13, 3.569928114806253849e-06
7.533555637337169958e-03, 2.270014596649384686e-13, 3.376287091807717538e-06
7.925013304804717773e-03, 1.940120255203604775e-13, 3.193156892996777879e-06
8.336811846196331283e-03, 0.000000000000000000e+00, 0.000000000000000000e+00
8.770008211436322587e-03, 0.000000000000000000e+00, 0.000000000000000000e+00
9.225714271547610229e-03, 0.000000000000000000e+00, 0.000000000000000000e+00
9.705099672454878257e-03, 0.000000000000000000e+00, 0.000000000000000000e+00
1.020939483707678647e-02, 0.000000000000000000e+00, 0.000000000000000000e+00
1.073989412341243982e-02, 0.000000000000000000e+00, 0.000000000000000000e+00
1.129795914672797677e-02, 0.000000000000000000e+00, 0.000000000000000000e+00
1.188502227437018832e-02, 0.000000000000000000e+00, 0.000000000000000000e+00
1.250259030217718698e-02, 0.000000000000000000e+00, 0.000000000000000000e+00
1.315224832192234822e-02, 0.000000000000000000e+00, 0.000000000000000000e+00
1.383566378971778053e-02, 0.000000000000000000e+00, 0.000000000000000000e+00
1.455459080581963938e-02, 0.000000000000000000e+00, 0.000000000000000000e+00
1.531087461682028965e-02, 0.000000000000000000e+00, 0.000000000000000000e+00
1.610645635178269836e-02, 0.000000000000000000e+00, 0.000000000000000000e+00
1.694337800447328832e-02, 0.000000000000000000e+00, 0.000000000000000000e+00
1.782378767448087112e-02, 0.000000000000000000e+00, 0.000000000000000000e+00
1.874994508067413454e-02, 0.000000000000000000e+00, 0.000000000000000000e+00
1.972422736114849348e-02, 0.000000000000000000e+00, 0.000000000000000000e+00
2.074913517454906459e-02, 0.000000000000000000e+00, 0.000000000000000000e+00
2.182729911842998943e-02, 0.000000000000000000e+00, 0.000000000000000000e+00
2.296148648112360593e-02, 0.000000000000000000e+00, 0.000000000000000000e+00
2.415460834444940405e-02, 0.000000000000000000e+00, 0.000000000000000000e+00
2.540972705549301297e-02, 0.000000000000000000e+00, 0.000000000000000000e+00
2.673006408663303191e-02, 0.000000000000000000e+00, 0.000000000000000000e+00
2.811900830398933807e-02, 0.000000000000000000e+00, 0.000000000000000000e+00
2.958012466551540251e-02, 0.000000000000000000e+00, 0.000000000000000000e+00
3.111716337106013724e-02, 0.000000000000000000e+00, 0.000000000000000000e+00
3.273406948788379345e-02, 0.000000000000000000e+00, 0.000000000000000000e+00
3.443499307633384604e-02, 0.000000000000000000e+00, 0.000000000000000000e+00
3.622429984166987416e-02, 0.000000000000000000e+00, 0.000000000000000000e+00
3.810658233937726236e-02, 0.000000000000000000e+00, 0.000000000000000000e+00
4.008667176273017496e-02, 0.000000000000000000e+00, 0.000000000000000000e+00
4.216965034285814068e-02, 0.000000000000000000e+00, 0.000000000000000000e+00
4.436086439314318453e-02, 0.000000000000000000e+00, 0.000000000000000000e+00
4.666593803142881497e-02, 0.000000000000000000e+00, 0.000000000000000000e+00
4.909078761526029094e-02, 0.000000000000000000e+00, 0.000000000000000000e+00
5.164163692720710741e-02, 0.000000000000000000e+00, 0.000000000000000000e+00
5.432503314924325144e-02, 0.000000000000000000e+00, 0.000000000000000000e+00
5.714786366718654226e-02, 0.000000000000000000e+00, 0.000000000000000000e+00
6.011737374832767239e-02, 0.000000000000000000e+00, 0.000000000000000000e+00
6.324118513762183591e-02, 0.000000000000000000e+00, 0.000000000000000000e+00
6.652731562017405453e-02, 0.000000000000000000e+00, 0.000000000000000000e+00
6.998419960022730923e-02, 0.000000000000000000e+00, 0.000000000000000000e+00
7.362070974947361457e-02, 0.000000000000000000e+00, 0.000000000000000000e+00
7.744617978025175598e-02, 0.000000000000000000e+00, 0.000000000000000000e+00
8.147042840208371106e-02, 0.000000000000000000e+00, 0.000000000000000000e+00
8.570378452303674399e-02, 0.000000000000000000e+00, 0.000000000000000000e+00
9.015711376059551418e-02, 0.000000000000000000e+00, 0.000000000000000000e+00
9.484184633008958809e-02, 0.000000000000000000e+00, 0.000000000000000000e+00
9.977000638225524964e-02, 0.000000000000000000e+00, 0.000000000000000000e+00
1.049542428652322085e-01, 0.000000000000000000e+00, 0.000000000000000000e+00
1.104078619902073566e-01, 0.000000000000000000e+00, 0.000000000000000000e+00
1.161448613840341398e-01, 0.000000000000000000e+00, 0.000000000000000000e+00
1.221799660164868684e-01, 0.000000000000000000e+00, 0.000000000000000000e+00
1.285286659943612741e-01, 0.000000000000000000e+00, 0.000000000000000000e+00
1.352072563194275101e-01, 0.000000000000000000e+00, 0.000000000000000000e+00
1.422328787122818239e-01, 0.000000000000000000e+00, 0.000000000000000000e+00
1.496235656094432875e-01, 0.000000000000000000e+00, 0.000000000000000000e+00
1.573982864466219878e-01, 0.000000000000000000e+00, 0.000000000000000000e+00
1.655769963469526096e-01, 0.000000000000000000e+00, 0.000000000000000000e+00
1.741806873391609223e-01, 0.000000000000000000e+00, 0.000000000000000000e+00
1.832314422371207341e-01, 0.000000000000000000e+00, 0.000000000000000000e+00
1.927524913190932776e-01, 0.000000000000000000e+00, 0.000000000000000000e+00
2.027682719521279597e-01, 0.000000000000000000e+00, 0.000000000000000000e+00
2.133044913146575072e-01, 0.000000000000000000e+00, 0.000000000000000000e+00
2.243881923782766186e-01, 0.000000000000000000e+00, 0.000000000000000000e+00
2.360478233180573204e-01, 0.000000000000000000e+00, 0.000000000000000000e+00
2.483133105295562693e-01, 0.000000000000000000e+00, 0.000000000000000000e+00
2.612161354399200053e-01, 0.000000000000000000e+00, 0.000000000000000000e+00
2.747894153102391490e-01, 0.000000000000000000e+00, 0.000000000000000000e+00
2.890679882365471687e-01, 0.000000000000000000e+00, 0.000000000000000000e+00
3.040885025676277054e-01, 0.000000000000000000e+00, 0.000000000000000000e+00
3.198895109691397010e-01, 0.000000000000000000e+00, 0.000000000000000000e+00
3.365115693754908155e-01, 0.000000000000000000e+00, 0.000000000000000000e+00
3.539973410834342804e-01, 0.000000000000000000e+00, 0.000000000000000000e+00
3.723917062545675227e-01, 0.000000000000000000e+00, 0.000000000000000000e+00
3.917418771077822437e-01, 0.000000000000000000e+00, 0.000000000000000000e+00
4.120975190973295565e-01, 0.000000000000000000e+00, 0.000000000000000000e+00
4.335108783875284422e-01, 0.000000000000000000e+00, 0.000000000000000000e+00
4.560369159512959736e-01, 0.000000000000000000e+00, 0.000000000000000000e+00
4.797334486366891526e-01, 0.000000000000000000e+00, 0.000000000000000000e+00
5.046612975635276221e-01, 0.000000000000000000e+00, 0.000000000000000000e+00
5.308844442309867961e-01, 0.000000000000000000e+00, 0.000000000000000000e+00
5.584701947368295727e-01, 0.000000000000000000e+00, 0.000000000000000000e+00
5.874893525297757435e-01, 0.000000000000000000e+00, 0.000000000000000000e+00
6.180164001384151895e-01, 0.000000000000000000e+00, 0.000000000000000000e+00
6.501296903430903162e-01, 0.000000000000000000e+00, 0.000000000000000000e+00
6.839116472814292802e-01, 0.000000000000000000e+00, 0.000000000000000000e+00
7.194489780036983362e-01, 0.000000000000000000e+00, 0.000000000000000000e+00
7.568328950209720629e-01, 0.000000000000000000e+00, 0.000000000000000000e+00
7.961593504173167801e-01, 0.000000000000000000e+00, 0.000000000000000000e+00
8.375292821268809362e-01, 0.000000000000000000e+00, 0.000000000000000000e+00
8.810488730080129338e-01, 0.000000000000000000e+00, 0.000000000000000000e+00
9.268298233793484942e-01, 0.000000000000000000e+00, 0.000000000000000000e+00
9.749896377173866702e-01, 0.000000000000000000e+00, 0.000000000000000000e+00
