# M_f [M_sun], P(M_f) [M_sun^-1]
3.554939309087782630e-22, 3.111812234695124173e+19
4.164867986368243590e-22, 2.927361472283585741e+19
4.879443454781822347e-22, 2.617511162691878502e+19
5.716620192126315073e-22, 2.355483418100423475e+19
6.697433165046825470e-22, 1.994064988336523264e+19
7.846526355214260603e-22, 1.857913248764923904e+19
9.192771965891135454e-22, 1.654046213668641997e+19
1.076999586711594898e-21, 1.478326765556729651e+19
1.261782750709730719e-21, 1.367051664108891341e+19
1.478269564475659425e-21, 1.275227148471431373e+19
1.731899492227074708e-21, 1.089886921862155059e+19
2.029045258900605437e-21, 1.052834882461536870e+19
2.377172971725329711e-21, 9.611444960757948416e+18
2.785029714203261248e-21, 8.988338456819589120e+18
3.262863325997498860e-21, 8.396021735990637568e+18
3.822679890934355379e-21, 7.620204490307815424e+18
4.478545402782572019e-21, 6.878008299915297792e+18
5.246939188487060978e-21, 6.585199516347820032e+18
6.147167968996433368e-21, 6.389392020851643392e+18
7.201850961408169007e-21, 5.783530250164001792e+18
8.437488211144998925e-21, 5.385520842580839424e+18
9.885126434120334154e-21, 4.756511107190185984e+18
1.158113909889358002e-20, 4.434890384796624896e+18
1.356814034921921673e-20, 4.277445453614755840e+18
1.589605573027771623e-20, 3.921423027359760384e+18
1.862337662173687523e-20, 3.518809014012410880e+18
2.181862989662507000e-20, 3.137326397918520832e+18
2.556209973277687262e-20, 2.891611672672148480e+18
2.994784483921711958e-20, 2.687875752880894976e+18
3.508606178246820418e-20, 2.433223533443225088e+18
4.110585379389697468e-20, 2.331143797439805440e+18
4.815847462736724022e-20, 2.142943354253386240e+18
5.642112897261175748e-20, 1.965991641813125888e+18
6.610142491380065642e-20, 1.809652223415880704e+18
7.744259030612173168e-20, 1.691748653086300672e+18
9.072958413744709407e-20, 1.548637213318941952e+18
1.062962564296273862e-19, 1.391269721139912192e+18
1.245337365796392977e-19, 1.274954363459893248e+18
1.459002609066893339e-19, 1.146779420613785728e+18
1.709326863329692882e-19, 1.035291531630726784e+18
2.002599794916861493e-19, 9.341571920341583360e+17
2.346190201907295332e-19, 8.498600357003722240e+17
2.748731163110049905e-19, 7.738508360375243520e+17
3.220336953461912371e-19, 8.302360959190353920e+17
3.772857176071966462e-19, 8.348135704679553280e+17
4.420174496254335417e-19, 6.377964772948989440e+17
5.178553458437248030e-19, 4.872756754801664000e+17
6.067049150348568050e-19, 3.722779795236618240e+17
7.107985982605515872e-19, 2.844198900379157120e+17
8.327518613560927099e-19, 2.172964244425256640e+17
9.756289113246611492e-19, 1.660141844130933120e+17
1.143019687836545591e-18, 1.268346200221729280e+17
1.339130064327491740e-18, 9.690148400897862400e+16
1.568887525095887845e-18, 7.403260719747353600e+16
1.838064973649593682e-18, 5.656081518780053600e+16
2.153425783120427356e-18, 4.321238891634904800e+16
2.522893733294045941e-18, 3.301420868241920000e+16
2.955752104106024924e-18, 2.522281230589302000e+16
3.462876928042592619e-18, 1.927019565236750800e+16
4.057010262163551902e-18, 1.472240430516016600e+16
4.753080346001232680e-18, 1.124789765681331400e+16
5.568576689647165650e-18, 8.593379116331039000e+15
6.523989516518419787e-18, 6.565330419081718000e+15
7.643324602276253526e-18, 5.015903863685570000e+15
8.954706445778864130e-18, 3.832143999426455500e+15
1.049108492738794133e-17, 2.927753009514353000e+15
1.229106321017912490e-17, 2.236799474655245750e+15
1.439986768596596156e-17, 1.708911876636733250e+15
1.687048433707514473e-17, 1.305606441346369250e+15
1.976499006618515979e-17, 9.974816156348128750e+14
2.315611244532450716e-17, 7.620746513041122500e+14
2.712905707440121844e-17, 5.822240380748120000e+14
3.178364846361432647e-17, 4.448184045120081250e+14
3.723683823172148955e-17, 3.398406799672240000e+14
4.362564364134417995e-17, 2.596378355506363438e+14
5.111059030517391504e-17, 1.983629671878034688e+14
5.987974556477713349e-17, 1.515490478038436250e+14
7.015344388498441742e-17, 1.157832745489594531e+14
8.218982299448246298e-17, 8.845827050415568750e+13
9.629130987410051721e-17, 6.758200310941806250e+13
1.128122195602306520e-16, 5.163256209114807031e+13
1.321676576914936317e-16, 3.944720998843486719e+13
1.548439504847211017e-16, 3.013761690006179688e+13
1.814108642046238339e-16, 2.302509994186037500e+13
2.125359211544772699e-16, 1.759114627718582422e+13
2.490011718924986992e-16, 1.343961277591504883e+13
2.917228450939035525e-16, 1.026784660421995898e+13
3.417743687825801351e-16, 7.844621392420549805e+12
4.004133413656054675e-16, 5.993280496139368164e+12
4.691131301468769991e-16, 4.578858469844019531e+12
5.495998912665211303e-16, 3.498241889457313965e+12
6.438959412319121213e-16, 2.672652233684514648e+12
7.543705697967002551e-16, 2.041902815167231201e+12
8.837995709161229663e-16, 1.560011083387379395e+12
1.035434987557938712e-15, 1.191846429817552246e+12
1.213086822782425552e-15, 9.105691154349991455e+11
1.421218770170270965e-15, 6.956736146879239502e+11
1.665060368928408994e-15, 5.314937328417545166e+11
1.950738401691563623e-15, 4.060605175845070190e+11
2.285430836530691886e-15, 3.102297049852330322e+11
2.677547181126970641e-15, 2.370150893461224976e+11
3.136939780704104200e-15, 1.810792186403440552e+11
3.675151368806934184e-15, 1.383442864918753662e+11
4.305705090906085245e-15, 1.056948541564003448e+11
5.044444287983953543e-15, 8.075073050305435181e+10
5.909930577530328216e-15, 6.169345261717342377e+10
6.923910234161186932e-15, 4.713371720746778870e+10
8.111860588175597371e-15, 3.601009837428229523e+10
9.503630170902745736e-15, 2.751166811516623688e+10
1.113418869117993458e-14, 2.101887850064957809e+10
1.304450568692773882e-14, 1.605839571688948059e+10
1.528257992888903767e-14, 1.226859335012788010e+10
1.790464544140884680e-14, 9.373189292657253265e+09
2.097658444282498875e-14, 7.161104375104954720e+09
2.457558270711805719e-14, 5.471074387809494019e+09
2.879206893956380988e-14, 4.179893685253881931e+09
3.373198689528892016e-14, 3.193433315210416317e+09
3.951945733015404868e-14, 2.439778881140690327e+09
4.629989666834555381e-14, 1.863987878033372641e+09
5.424367074655676216e-14, 1.424084303832860231e+09
6.355037543901280041e-14, 1.087998547803224087e+09
7.445385171865133341e-14, 8.312294692357311249e+08
8.722806116326921614e-14, 6.350582286355011463e+08
1.021939695350504780e-13, 4.851836569178251624e+08
1.197276113908228647e-13, 3.706796800749000907e+08
1.402695383550534565e-13, 2.831987912268266082e+08
1.643358884536128603e-13, 2.163635064432208240e+08
1.925313546372367750e-13, 1.653014362803244591e+08
2.255643783427914986e-13, 1.262900813798223436e+08
2.642649498469248929e-13, 9.648545713628935814e+07
3.096054626651536335e-13, 7.371476321020787954e+07
3.627251459856035670e-13, 5.631798274971646816e+07
4.249586890286010331e-13, 4.302686521366204321e+07
4.978697765499685977e-13, 3.287246881592177227e+07
5.832903781036313840e-13, 2.511452320379437879e+07
6.833667782485480914e-13, 1.918746291982559487e+07
8.006135042584769108e-13, 1.465919660557440668e+07
9.379765063263084318e-13, 1.119960705689991079e+07
1.098907177733620883e-12, 8.556485161080725491e+06
1.287449074821890004e-12, 6.537143472254931927e+06
1.508339515697955710e-12, 4.994369050624548458e+06
1.767128610450621027e-12, 3.815691430379409343e+06
2.070318713640647402e-12, 2.915183236463882960e+06
2.425527802958077446e-12, 2.227196184464976192e+06
2.841680889111551975e-12, 1.701574975476435153e+06
3.329234266329045287e-12, 1.300001058444320224e+06
3.900438238005257590e-12, 9.931991104201350827e+05
4.569644918760408134e-12, 7.588028229144691722e+05
5.353668846768369621e-12, 5.797243654592105886e+05
6.272209467127062636e-12, 4.429086578990860726e+05
7.348346101620664173e-12, 3.383816338154328405e+05
8.609117841521512969e-12, 2.585231261966646416e+05
1.008620293386256217e-11, 1.975113289942215779e+05
1.181671473149198844e-11, 1.508983973364676349e+05
1.384413420601148128e-11, 1.152861772137653898e+05
1.621940245398964309e-11, 8.807848777222086210e+04
1.900220064684535723e-11, 6.729184876282489859e+04
2.226244958451911904e-11, 5.141088454938861832e+04
2.608206653083284003e-11, 3.927784863611481705e+04
3.055702347291745383e-11, 3.000822394709771470e+04
3.579975852069152363e-11, 2.292624248091494883e+04
4.194200103539933424e-11, 1.751561891616959110e+04
4.913808147160267494e-11, 1.338190962031852359e+04
5.756880909596944173e-11, 1.022376028904262057e+04
6.744601501471849372e-11, 7.810939505216369071e+03
7.901787465817365748e-11, 5.967547373713200614e+03
9.257514345558095331e-11, 4.559197488571561735e+03
1.084584623782321578e-10, 3.483220621878900602e+03
1.270669169105270310e-10, 2.661176004877349442e+03
1.488680645023350689e-10, 2.033134423494994735e+03
1.744096824531938844e-10, 1.553311949869053933e+03
2.043335314065755398e-10, 1.186728300560826938e+03
2.393914802768297581e-10, 9.066587987933187378e+02
2.804643977649551806e-10, 6.926860761408183862e+02
3.285842851328589352e-10, 5.292111548421165708e+02
3.849602063458864622e-10, 4.043165855636685251e+02
4.510086671063629299e-10, 3.088973431994631937e+02
5.283892060840569477e-10, 2.359971056160177625e+02
6.190460926115560205e-10, 1.803013704683406786e+02
7.252571785440163173e-10, 1.377499200941389859e+02
8.496911317388502362e-10, 1.052407018015635174e+02
9.954744892081493267e-10, 8.040362404399243701e+01
1.166270214726448448e-09, 6.142824880241273888e+01
1.366369734738289428e-09, 4.693104014278802083e+01
1.600800765066854691e-09, 3.585520098183156534e+01
1.875453637685745777e-09, 2.739329963737008455e+01
2.197229301650036782e-09, 2.092843745168882563e+01
2.574212716869338996e-09, 1.598925978351428334e+01
3.015875997428001928e-09, 1.221575659148901849e+01
3.533316408647045077e-09, 9.332803585110626798e+00
4.139535197820245990e-09, 7.130234078989990287e+00
4.849764264546636664e-09, 5.447471918424600545e+00
5.681848878603233730e-09, 4.161838100058488088e+00
6.656696061556467092e-09, 3.179623523363049209e+00
7.798799898182857864e-09, 2.429209014964059055e+00
9.136856976714022134e-09, 1.855905227671633906e+00
1.070448742150435761e-08, 1.417899808922528537e+00
1.254107963484337046e-08, 1.083266926103132466e+00
1.469277997296015627e-08, 8.276099024999031828e-01
1.721365222289457542e-08, 6.322899357819250499e-01
2.016703601333963015e-08, 4.830637110463847361e-01
2.362713829099000118e-08, 3.690556849315403953e-01
2.768089784995247636e-08, 2.819508140890495951e-01
3.243016976252675725e-08, 2.154084886220963280e-01
3.799428459753194850e-08, 1.645638734904739942e-01
4.451304672929294335e-08, 1.257210336030577524e-01
5.215024707302747141e-08, 9.604654108210518293e-02
6.109777850789253333e-08, 7.337557653213296061e-02
7.158045739212245458e-08, 5.605532049318152910e-02
8.386167231601665177e-08, 4.282440006704291147e-02
9.825000202377754192e-08, 3.271578190224987137e-02
1.151069687866058048e-07, 2.499291674361604071e-02
1.348561220388992395e-07, 1.909208992465350613e-02
1.579936805136920602e-07, 1.458507177618821593e-02
1.851010002724404292e-07, 1.114090729959802718e-02
2.168591819018276323e-07, 8.509627857632989442e-03
2.540661838991262367e-07, 6.500424614011645653e-03
2.976568722383458751e-07, 4.964894066214154897e-03
3.487265098841028302e-07, 3.791831729614684489e-03
4.085582764525233750e-07, 2.895681264501424445e-03
4.786555094802828620e-07, 2.211111977949531231e-03
5.607794773983806434e-07, 1.688392896070887127e-03
6.569936332972589126e-07, 1.289037446242349968e-03
7.697154614067526183e-07, 9.837743894748304015e-04
9.017772189895008571e-07, 7.507244744349138039e-04
1.056497099853249245e-06, 5.727979911742074864e-04
1.237762607541896761e-06, 4.368622655697566620e-04
1.450128233046472805e-06, 3.332480539631466326e-04
1.698929891293638432e-06, 2.539709034563740128e-04
1.990418991751685834e-06, 1.934276566718727520e-04
2.331919511822318867e-06, 1.472505133125663092e-04
2.732012019656224729e-06, 1.120422897613342257e-04
3.200749270163831329e-06, 8.527136823293092710e-05
3.749908791302991839e-06, 6.477659687671082165e-05
4.393288807145992575e-06, 4.912091693485827975e-05
5.147054933111502699e-06, 3.719021055661682112e-05
6.030146354452266775e-06, 2.811805209207705506e-05
7.064751693670376281e-06, 2.119494938202871857e-05
8.276866523540982274e-06, 1.592467961725454805e-05
9.696946533859272140e-06, 1.191301803276310076e-05
1.136067276342852149e-05, 8.878697160389244756e-06
1.330984812456625985e-05, 6.591152030432549598e-06
1.559344774627215830e-05, 4.866240734263911590e-06
1.826884952705988956e-05, 3.543412548329511932e-06
2.140327581641746703e-05, 2.577182128390629192e-06
2.507548244869502754e-05, 1.838942677027387326e-06
2.937773756821394599e-05, 1.298516052830731728e-06
3.441813996570822800e-05, 8.906248510560089269e-07
4.032333517679733450e-05, 5.895709643393900687e-07
4.724169758738698836e-05, 3.327396385500554774e-07
