# Columns: R_MC [pc], P(R_MC) [1/pc], Cross-section weighted P(R_MC) [1/pc]
1.025651926251407861e-11, 0.000000000000000000e+00, 0.000000000000000000e+00
1.078946722229829815e-11, 0.000000000000000000e+00, 0.000000000000000000e+00
1.135010815672316663e-11, 0.000000000000000000e+00, 0.000000000000000000e+00
1.193988104464273125e-11, 0.000000000000000000e+00, 0.000000000000000000e+00
1.256029963694872804e-11, 0.000000000000000000e+00, 0.000000000000000000e+00
1.321295634186573788e-11, 0.000000000000000000e+00, 0.000000000000000000e+00
1.389952631213352601e-11, 0.000000000000000000e+00, 0.000000000000000000e+00
1.462177174456718478e-11, 0.000000000000000000e+00, 0.000000000000000000e+00
1.538154640303035716e-11, 0.000000000000000000e+00, 0.000000000000000000e+00
1.618080037643067682e-11, 0.000000000000000000e+00, 0.000000000000000000e+00
1.702158508394953640e-11, 0.000000000000000000e+00, 0.000000000000000000e+00
1.790605854035294846e-11, 0.000000000000000000e+00, 0.000000000000000000e+00
1.883649089489798225e-11, 0.000000000000000000e+00, 0.000000000000000000e+00
1.981527025805096908e-11, 0.000000000000000000e+00, 0.000000000000000000e+00
2.084490883097288542e-11, 0.000000000000000000e+00, 0.000000000000000000e+00
2.192804935350449494e-11, 0.000000000000000000e+00, 0.000000000000000000e+00
2.306747188720071646e-11, 0.000000000000000000e+00, 0.000000000000000000e+00
2.426610095082419209e-11, 0.000000000000000000e+00, 0.000000000000000000e+00
2.552701302661247069e-11, 0.000000000000000000e+00, 0.000000000000000000e+00
2.685344445658503549e-11, 0.000000000000000000e+00, 0.000000000000000000e+00
2.824879974915704763e-11, 0.000000000000000000e+00, 0.000000000000000000e+00
2.971666031738025020e-11, 0.000000000000000000e+00, 0.000000000000000000e+00
3.126079367123955679e-11, 0.000000000000000000e+00, 0.000000000000000000e+00
3.288516308759833167e-11, 0.000000000000000000e+00, 0.000000000000000000e+00
3.459393778261224212e-11, 0.000000000000000000e+00, 0.000000000000000000e+00
3.639150361272071167e-11, 0.000000000000000000e+00, 0.000000000000000000e+00
3.828247433168220594e-11, 0.000000000000000000e+00, 0.000000000000000000e+00
4.027170343254586841e-11, 0.000000000000000000e+00, 0.000000000000000000e+00
4.236429660495408969e-11, 0.000000000000000000e+00, 0.000000000000000000e+00
4.456562483975033441e-11, 0.000000000000000000e+00, 0.000000000000000000e+00
4.688133821452655254e-11, 0.000000000000000000e+00, 0.000000000000000000e+00
4.931738039549364670e-11, 0.000000000000000000e+00, 0.000000000000000000e+00
5.188000389289609384e-11, 0.000000000000000000e+00, 0.000000000000000000e+00
5.457578610912699557e-11, 0.000000000000000000e+00, 0.000000000000000000e+00
5.741164622073268011e-11, 0.000000000000000000e+00, 0.000000000000000000e+00
6.039486293763794275e-11, 0.000000000000000000e+00, 0.000000000000000000e+00
6.353309318517436562e-11, 0.000000000000000000e+00, 0.000000000000000000e+00
6.683439175686149603e-11, 0.000000000000000000e+00, 0.000000000000000000e+00
7.030723198838341702e-11, 0.000000000000000000e+00, 0.000000000000000000e+00
7.396052750582374558e-11, 0.000000000000000000e+00, 0.000000000000000000e+00
7.780365510398024982e-11, 0.000000000000000000e+00, 0.000000000000000000e+00
8.184647881347885976e-11, 0.000000000000000000e+00, 0.000000000000000000e+00
8.609937521845998927e-11, 0.000000000000000000e+00, 0.000000000000000000e+00
9.057326008981998694e-11, 0.000000000000000000e+00, 0.000000000000000000e+00
9.527961640236521090e-11, 0.000000000000000000e+00, 0.000000000000000000e+00
1.002305238077900488e-10, 0.000000000000000000e+00, 0.000000000000000000e+00
1.054386896391260237e-10, 0.000000000000000000e+00, 0.000000000000000000e+00
1.109174815262403146e-10, 0.000000000000000000e+00, 0.000000000000000000e+00
1.166809617060962959e-10, 0.000000000000000000e+00, 0.000000000000000000e+00
1.227439231158405997e-10, 0.000000000000000000e+00, 0.000000000000000000e+00
1.291219273613533562e-10, 0.000000000000000000e+00, 0.000000000000000000e+00
1.358313446587154174e-10, 0.000000000000000000e+00, 0.000000000000000000e+00
1.428893958511103824e-10, 0.000000000000000000e+00, 0.000000000000000000e+00
1.503141966090024084e-10, 0.000000000000000000e+00, 0.000000000000000000e+00
1.581248039270385857e-10, 0.000000000000000000e+00, 0.000000000000000000e+00
1.663412650370169698e-10, 0.000000000000000000e+00, 0.000000000000000000e+00
1.749846688624654551e-10, 1.161175086327217054e+06, 1.474833837954392766e+04
1.840772001468954491e-10, 9.924250302823873935e+05, 1.326138494465301483e+04
1.936421963946606826e-10, 1.883863954535218887e+06, 2.648432273072659154e+04
2.037042077705718970e-10, 3.645573904603168834e+06, 5.392074711765823304e+04
2.142890601120060623e-10, 3.115773697932188865e+06, 4.848519943627485191e+04
2.254239212152432687e-10, 3.507086059575168882e+06, 5.741769441261554311e+04
2.371373705661655168e-10, 2.997411871697741095e+06, 5.163030624630653620e+04
2.494594726942950709e-10, 2.561807088840840384e+06, 4.642658155216212617e+04
2.624218543384439019e-10, 2.924486326904128771e+06, 5.576158345183718484e+04
2.760577856220344782e-10, 2.499479592451733071e+06, 5.014223577546222805e+04
2.904022654464451017e-10, 2.136237798620929476e+06, 4.508954410305972851e+04
3.054921113215515548e-10, 2.481349811398770195e+06, 5.510488855866619269e+04
3.213660538640321425e-10, 2.713295625275105704e+06, 6.339851183411526290e+04
3.380648362059815113e-10, 4.151309392086470034e+06, 1.020589267812573380e+05
3.556313185689847556e-10, 4.702288811137611978e+06, 1.216363795793754398e+05
3.741105882720528966e-10, 4.579342423525764607e+06, 1.246379116881373047e+05
3.935500754557772142e-10, 5.980117540926894173e+06, 1.712594035366733733e+05
4.139996748197304272e-10, 6.095768251132439822e+06, 1.836859201117139892e+05
4.355118736855688095e-10, 8.426009207408182323e+06, 2.671636537572975503e+05
4.581418867145339649e-10, 9.406598960510822013e+06, 3.138352213864522637e+05
4.819477976251271319e-10, 1.135933908695190400e+07, 3.987875555471095722e+05
5.069907082747033666e-10, 1.208037791729150899e+07, 4.462669320072467090e+05
5.333348954876202279e-10, 1.367193853074422106e+07, 5.314671504888318013e+05
5.610479760324701077e-10, 1.667776169151522405e+07, 6.822178194347468670e+05
5.902010801718442306e-10, 1.735155849572141469e+07, 7.469128350029130233e+05
6.208690342300637909e-10, 1.867110805555217713e+07, 8.457757042890378507e+05
6.531305526474729939e-10, 1.931651272910951450e+07, 9.208214849416080397e+05
6.870684400142317101e-10, 2.028784694504184648e+07, 1.017776965658256668e+06
7.227698036021688210e-10, 2.420271605411173776e+07, 1.277789928657943849e+06
7.603262769401807175e-10, 2.568719137121528015e+07, 1.427249434631753480e+06
7.998342550070276743e-10, 2.946877019938853011e+07, 1.723228425533612492e+06
8.413951416451946904e-10, 3.426789431088421494e+07, 2.108997212128717452e+06
8.851156098308355951e-10, 3.967287051272733510e+07, 2.569807832936456427e+06
9.311078754678309670e-10, 4.463331471900617331e+07, 3.042957128045300022e+06
9.794899854086980821e-10, 4.609806198794835061e+07, 3.307964436136588454e+06
1.030386120441616095e-09, 4.872029180557487905e+07, 3.679950011912663002e+06
1.083926914021204014e-09, 5.363827461913719773e+07, 4.264555236095416360e+06
1.140249787561167319e-09, 5.929914058542641997e+07, 4.962813348275569268e+06
1.199499303149378128e-09, 6.671527097107573599e+07, 5.877596653205947950e+06
1.261827534590670558e-09, 7.298798371064364910e+07, 6.769178810169988312e+06
1.327394457729740273e-09, 8.043321490468506515e+07, 7.853188400907164440e+06
1.396368361055936317e-09, 8.641814584676897526e+07, 8.882969597949633375e+06
1.468926277643866174e-09, 9.254029306550531089e+07, 1.001484559889889136e+07
1.545254439538414134e-09, 9.644842378298035264e+07, 1.098973120343961753e+07
1.625548755750481709e-09, 1.061230493539467752e+08, 1.273208468568315171e+07
1.710015315090286320e-09, 1.135882567332649976e+08, 1.434965221607657522e+07
1.798870915128787322e-09, 1.164574540611414462e+08, 1.549225615201964602e+07
1.892343618644975688e-09, 1.219160120538781285e+08, 1.707929409011882544e+07
1.990673338987188583e-09, 1.275365020990914106e+08, 1.881607031243798882e+07
2.094112455850895670e-09, 1.299538811645091772e+08, 2.019266162714038789e+07
2.202926463053456075e-09, 1.336190998433652967e+08, 2.186797616319822147e+07
2.317394649968475145e-09, 1.332907252813211381e+08, 2.297750364461445808e+07
2.437810818368750009e-09, 1.329442144214332402e+08, 2.414146816212400049e+07
2.564484036517716058e-09, 1.328293111181906164e+08, 2.541027343531269208e+07
2.697739432444920460e-09, 1.323243263121354580e+08, 2.666905407976003364e+07
2.837919028441557893e-09, 1.316606296346314251e+08, 2.795819948083465546e+07
2.985382618917963357e-09, 1.290510342846023738e+08, 2.887583549530492350e+07
3.140508693876216431e-09, 1.262139744443441331e+08, 2.976023982694781199e+07
3.303695410368142213e-09, 1.236426942769860625e+08, 3.072495247779194266e+07
3.475361614432053799e-09, 1.185084646916240305e+08, 3.103884773330115899e+07
3.655947916131246718e-09, 1.155073075398162156e+08, 3.188898699504111335e+07
3.845917820453534961e-09, 1.112921065839692056e+08, 3.239024551204695180e+07
4.045758916974428963e-09, 1.068771299516628832e+08, 3.279434145701190457e+07
4.255984131337434845e-09, 1.014999112206285000e+08, 3.283914545876106247e+07
4.477133041763623226e-09, 9.801383704302000999e+07, 3.344072456144201383e+07
4.709773263969519825e-09, 9.233675108727124333e+07, 3.322594731284691021e+07
4.954501908047895353e-09, 8.806333248794344068e+07, 3.342467752739724517e+07
5.211947111050799924e-09, 8.437611275447210670e+07, 3.378456432743605971e+07
5.482769649208535777e-09, 7.999802081536367536e+07, 3.379595819377329946e+07
5.767664633922509555e-09, 7.616822134414513409e+07, 3.395539650858101249e+07
6.067363295885059185e-09, 7.218549044644501805e+07, 3.396252598586147279e+07
6.382634861905482558e-09, 6.850182330261634290e+07, 3.402012100959163159e+07
6.714288529259509001e-09, 6.520480896545478702e+07, 3.418760224724969268e+07
7.063175542629608811e-09, 6.114859533250933141e+07, 3.385365938700802624e+07
7.430191378967006415e-09, 5.790284861127357930e+07, 3.385535019365219027e+07
7.816278045883292923e-09, 5.429345967845574766e+07, 3.353240349285667762e+07
8.222426499470713005e-09, 5.086228041661200672e+07, 3.318851760245331377e+07
8.649679187756937814e-09, 4.739398241890726984e+07, 3.267975667753591388e+07
9.099132726322508595e-09, 4.419728799344751984e+07, 3.221123015915514156e+07
9.571940712948442686e-09, 4.037155322962966561e+07, 3.110567354871074855e+07
1.006931668851804562e-08, 3.674536995591073483e+07, 2.993778242331797630e+07
1.059253725177287621e-08, 3.383610928270694613e+07, 2.915780259474954382e+07
1.114294533591729230e-08, 3.106560724695022032e+07, 2.832176718731058016e+07
1.172195365548130236e-08, 2.784225593046864867e+07, 2.686112326532780007e+07
1.233104833228909634e-08, 2.507961631657452136e+07, 2.561164508568084985e+07
1.297179270983955861e-08, 2.229268344825018570e+07, 2.410449004247556999e+07
1.364583136588923983e-08, 1.969474453362587094e+07, 2.255442844959182665e+07
1.435489433353654691e-08, 1.729290927166734263e+07, 2.098104279231086746e+07
1.510080154164146180e-08, 1.520444103888616711e+07, 1.954985523192732036e+07
1.588546748597777465e-08, 1.338120047942182608e+07, 1.823995559942049533e+07
1.671090614310706979e-08, 1.167493882614191808e+07, 1.687662218018425629e+07
1.757923613958693077e-08, 1.023022228716733493e+07, 1.568808563603341207e+07
1.849268618978079709e-08, 8.861692965512562543e+06, 1.442156922567632236e+07
1.945360081622663184e-08, 7.726821686338541098e+06, 1.334965077691368572e+07
2.046444636724671542e-08, 6.730563221575910226e+06, 1.234983650392706320e+07
2.152781734724369502e-08, 5.799587205448634923e+06, 1.130630342869075388e+07
2.264644307593057319e-08, 4.991882455212521367e+06, 1.034379804635957256e+07
2.382319469358689039e-08, 4.308256020386466756e+06, 9.492773446087690070e+06
2.506109253032113907e-08, 3.706017806351042353e+06, 8.686889080211170018e+06
2.636331385825381413e-08, 3.174738664156085346e+06, 7.919988857796496712e+06
2.773320104651840969e-08, 2.734864688476310577e+06, 7.264609899683917873e+06
2.917427014001165809e-08, 2.351059515721034724e+06, 6.652813515253380872e+06
3.069021988391154998e-08, 2.022349338908897946e+06, 6.099214196479010396e+06
3.228494121712631338e-08, 1.728447438754863571e+06, 5.558604881847240962e+06
3.396252725904081622e-08, 1.477257411002037348e+06, 5.068492401415878907e+06
3.572728381519288657e-08, 1.262572068684087368e+06, 4.624000812565001659e+06
3.758374042884442742e-08, 1.084457380668874364e+06, 4.241742750588173047e+06
3.953666200681278862e-08, 9.320441932665273780e+05, 3.895598828384461347e+06
4.159106104940218542e-08, 7.965930354678669246e+05, 3.559758029580573086e+06
4.375221051582515913e-08, 6.808265839111894602e+05, 3.254704116491052788e+06
4.602565735813553354e-08, 5.818841198981050402e+05, 2.977498469558202196e+06
4.841723675840988696e-08, 4.973206643084880779e+05, 2.725489903692816384e+06
5.093308710571952695e-08, 4.250465594275812618e+05, 2.496286155716313049e+06
5.357966575133417533e-08, 3.632758311630465323e+05, 2.287728222399586346e+06
5.636376558259543076e-08, 3.104820556245143525e+05, 2.097867262878295500e+06
5.929253245799994260e-08, 2.653606394793654326e+05, 1.924943808029971085e+06
6.237348354824184070e-08, 2.267965819900929928e+05, 1.767369045301269041e+06
6.561452663029043443e-08, 1.938369220970643219e+05, 1.623707970766623970e+06
6.902398038402412175e-08, 1.656671896832402563e+05, 1.492664221145755146e+06
7.261059574351543687e-08, 1.415912791052224638e+05, 1.373066417343352223e+06
7.638357835776907026e-08, 1.210142476430333481e+05, 1.263855868012758205e+06
8.035261221856177783e-08, 1.034276137990566785e+05, 1.164075496877827216e+06
8.452788451602899226e-08, 8.839679215063640731e+04, 1.072859871245318092e+06
8.892011178579481813e-08, 7.555035425746308465e+04, 9.894262214588698698e+05
9.354056741475511679e-08, 6.457085024874490773e+04, 9.130663521239466500e+05
9.840111057611325498e-08, 5.518696428129554261e+04, 8.431393558959400980e+05
1.035142166679343147e-07, 4.716681002112372516e+04, 7.790650495835903566e+05
1.088930093333433319e-07, 4.031220047236399114e+04, 7.203180603778592777e+05
1.145512941445534903e-07, 3.445375055460137810e+04, 6.664224972634096630e+05
1.205035940371795992e-07, 2.944669140779065492e+04, 6.169471491875866195e+05
1.267651865857844781e-07, 2.516729299155631088e+04, 5.715011574237380410e+05
1.333521432163324045e-07, 2.150980657729390805e+04, 5.297301148379273945e+05
1.402813704561957486e-07, 1.838385157862728374e+04, 4.913125495100109256e+05
1.475706533275893077e-07, 1.571218214587569128e+04, 4.559567544251024374e+05
1.552387009958081715e-07, 1.342877833457834276e+04, 4.233979287876182352e+05
1.633051947894334705e-07, 1.147721467871198183e+04, 3.933955999606352998e+05
1.717908387157587761e-07, 9.809265854218025197e+03, 3.657312981370044290e+05
1.807174126010925653e-07, 8.383714977223560709e+03, 3.402064586404900183e+05
1.901078279923299666e-07, 7.165335088670150981e+03, 3.166405292665408342e+05
1.999861869632742842e-07, 6.124018656694697711e+03, 2.948692623313743970e+05
2.103778439766472978e-07, 5.234033585790780307e+03, 2.747431731302788830e+05
2.213094709605636295e-07, 4.473387347903951195e+03, 2.561261483342475549e+05
2.328091257665007940e-07, 3.823283522427715070e+03, 2.388941894987493870e+05
2.449063241844743992e-07, 3.267657315594747161e+03, 2.229342783381213667e+05
2.576321157002572855e-07, 2.792778581427251993e+03, 2.081433517503110634e+05
2.710191631890842058e-07, 2.386912534449525083e+03, 1.944273757744534232e+05
2.851018267503907082e-07, 2.040029769993667060e+03, 1.817005087414339359e+05
2.999162518987646980e-07, 1.743558426375350564e+03, 1.698843448472763121e+05
3.155004623374623941e-07, 1.490172364589521067e+03, 1.589072302517365897e+05
3.318944575526103405e-07, 1.273610131208916982e+03, 1.487036445896444493e+05
3.491403154785858900e-07, 1.088520230855854834e+03, 1.392136414891071909e+05
3.672823004980842474e-07, 9.303288847567448556e+02, 1.303823423265619786e+05
3.863669770540689493e-07, 7.951270075451080857e+02, 1.221594780209426826e+05
4.064433291652127549e-07, 6.795736093832539382e+02, 1.144989741842891381e+05
4.275628861515860074e-07, 5.808132363608406195e+02, 1.073585754097297468e+05
4.497798548932875053e-07, 4.964054090300975304e+02, 1.006995048950731434e+05
4.731512589614802628e-07, 4.242643154248739279e+02, 9.448615597588944365e+04
4.977370849789355307e-07, 3.626072683104545717e+02, 8.868581248013675213e+04
5.236004365857494849e-07, 3.099106529850312768e+02, 8.326839512084401213e+04
5.508076964054029391e-07, 2.648722770536893449e+02, 7.820623141748517810e+04
5.794286964268809173e-07, 2.263791917956268378e+02, 7.347384688350069337e+04
6.095368972401687385e-07, 1.934801899545475408e+02, 6.904777543968815007e+04
6.412095765851608593e-07, 1.653623003418239819e+02, 6.490638721334540605e+04
6.745280276979215670e-07, 1.413306984077456718e+02, 6.102973206332371046e+04
7.095777679633887827e-07, 1.207915363485614364e+02, 5.739939733352175972e+04
7.464487584100661313e-07, 1.032372684620247298e+02, 5.399837848361935175e+04
7.852356346100710336e-07, 8.823410912454292543e+01, 5.081096137761747377e+04
8.260379495771783370e-07, 7.541131346249720480e+01, 4.782261512947286974e+04
8.689604292863010418e-07, 6.445201583111115440e+01, 4.501989451208804530e+04
9.141132414702490036e-07, 5.508539970941708219e+01, 4.239035103231979156e+04
9.616122783836638888e-07, 4.708000552065780653e+01, 3.992245186155316333e+04
1.011579454259898283e-06, 4.023801100686658572e+01, 3.760550588970217359e+04
1.064143018224315170e-06, 3.439034281927373371e+01, 3.542959624109703873e+04
1.119437883467150232e-06, 2.939249852646407746e+01, 3.338551865437223023e+04
1.177605973520806597e-06, 2.512097579742693654e+01, 3.146472518586661317e+04
1.238796586530369050e-06, 2.147022052061073794e+01, 2.965927274781146480e+04
1.303166778452298707e-06, 1.835001844358576406e+01, 2.796177603927347081e+04
1.370881766164852098e-06, 1.568326587780940784e+01, 2.636536446994231665e+04
1.442115351524868011e-06, 1.340406438011166657e+01, 2.486364271485789141e+04
1.517050367459335277e-06, 1.145609232834574343e+01, 2.345065457247016820e+04
1.595879147236730565e-06, 9.791213151013591798e+00, 2.212084982938183384e+04
1.678804018122558985e-06, 8.368285818662263509e+00, 2.086905386307154185e+04
1.766037820686164116e-06, 7.152148202960381340e+00, 1.969043973912980800e+04
1.857804455091697021e-06, 6.112748181118750956e+00, 1.858050258232954366e+04
1.954339455775392327e-06, 5.224401014272101129e+00, 1.753503602144033721e+04
2.055890595984140433e-06, 4.465154648810001348e+00, 1.655011052629579353e+04
2.162718523727020259e-06, 3.816247256541696053e+00, 1.562205347243248434e+04
2.275097430772069504e-06, 3.261643608904659875e+00, 1.474743078381416490e+04
2.393315756405384890e-06, 2.787638828504293453e+00, 1.392303001789344671e+04
2.517676927758854593e-06, 2.382519726241466795e+00, 1.314584476968837953e+04
2.648500138606698363e-06, 2.036275355288907019e+00, 1.241306028279145721e+04
2.786121168629766473e-06, 1.740349629380877783e+00, 1.172204016539988152e+04
2.930893245250318698e-06, 1.487429892337138293e+00, 1.107031411866280177e+04
3.083187950249353467e-06, 1.271266214137179107e+00, 1.045556659297684928e+04
3.243396173493490004e-06, 1.086516948148286366e+00, 9.875626295411280807e+03
3.411929116219281216e-06, 9.286167330535841646e-01, 9.328456478284435434e+03
3.589219346450049739e-06, 7.936636776598350318e-01, 8.812145945112681147e+03
3.775721909254159727e-06, 6.783229407951958390e-01, 8.324900715773339471e+03
3.971915494694400700e-06, 5.797443236482000550e-01, 7.865036297820786785e+03
4.178303666466213542e-06, 4.954918381623592549e-01, 7.430970515519895343e+03
4.395416154378242806e-06, 4.234835110425237414e-01, 7.021216852358673350e+03
4.623810213992598294e-06, 3.619399358625551844e-01, 6.634378266613574851e+03
4.864072056914609241e-06, 3.093403019392559350e-01, 6.269141443003072709e+03
5.116818355403072973e-06, 2.643848133967954261e-01, 5.924271446611711326e+03
5.382697825162881249e-06, 2.259625697546006340e-01, 5.598606748127086576e+03
5.662392890382528157e-06, 1.931241143320594489e-01, 5.291054592034000052e+03
5.956621435290097563e-06, 1.650579721103697384e-01, 5.000586681777597732e+03
6.266138646723349015e-06, 1.410705972758207749e-01, 4.726235158062651863e+03
6.591738952443213146e-06, 1.205692349258332269e-01, 4.467088848419188253e+03
6.934258060165687003e-06, 1.030472734313177957e-01, 4.222289767953823684e+03
7.294575102545679062e-06, 8.807172549581795962e-02, 3.991029852837166345e+03
7.673614893618186056e-06, 7.527252855438790191e-02, 3.772547909565707414e+03
8.072350302488374979e-06, 6.433340011307263351e-02, 3.566126764394590737e+03
8.491804750363126655e-06, 5.498402205418451150e-02, 3.371090598577770834e+03
8.933054837332944550e-06, 4.699336077280814872e-02, 3.186802456185373103e+03
9.397233105646374780e-06, 4.016395555473539769e-02, 3.012661723064457419e+03
9.885530946569380493e-06, 3.432704962155593703e-02, 2.848102711469651695e+03
1.039920165829057908e-05, 2.933840128715302017e-02, 2.692591242625255290e+03
1.093956366272093086e-05, 2.507473816638753489e-02, 2.545624137188877285e+03
1.150800388944435666e-05, 2.143070054737280725e-02, 2.406726629002435402e+03
1.210598133550481593e-05, 1.831623995426582760e-02, 2.275450824460759577e+03
1.273503081016660354e-05, 1.565439631396760636e-02, 2.151374425216686632e+03
1.339676687425934466e-05, 1.337939034248607391e-02, 2.034098506590321904e+03
1.409288798421873337e-05, 1.143500249693750297e-02, 1.923246582137254563e+03
1.482518085145951458e-05, 9.773188240885547981e-03, 1.818464147436567600e+03
1.559552502826952309e-05, 8.352880414093821759e-03, 1.719415799154727210e+03
1.640589773199538679e-05, 7.138980194800884256e-03, 1.625784880014710552e+03
1.725837891990201987e-05, 6.101492552235610566e-03, 1.537273104405129970e+03
1.815515662773133475e-05, 5.214777150718418082e-03, 1.453597747469481646e+03
1.909853258566236888e-05, 4.456926884280690282e-03, 1.374493767848112611e+03
2.009092812608727908e-05, 3.809213990463294376e-03, 1.299709796144191841e+03
2.113489039836645523e-05, 3.255627976666610086e-03, 1.229006794123809414e+03
2.223309890651400654e-05, 2.782495290358448503e-03, 1.162162726398478753e+03
2.338837238659353628e-05, 2.378117745401170813e-03, 1.098963155389052872e+03
2.460367604147624960e-05, 2.032508409816450885e-03, 1.039210379170999886e+03
2.588212915153087737e-05, 1.737122057318752841e-03, 9.827129450698269011e+02
2.722701308077910045e-05, 1.484667121550331927e-03, 9.292965671305713613e+02
2.864177969906579846e-05, 1.268897762330147743e-03, 8.787883162637907617e+02
3.013006024186119008e-05, 1.084481116434650753e-03, 8.310274457720912551e+02
3.169567463043487023e-05, 9.268700325957493361e-04, 7.858707230163472559e+02
3.334264127632347269e-05, 7.921624741081702671e-04, 7.431704632301153879e+02
3.507518739525679514e-05, 6.770333042121419757e-04, 7.027955073892819655e+02
3.689775985701500575e-05, 5.786332987041551074e-04, 6.646145680391767883e+02
3.881503659906478245e-05, 4.945279954741182071e-04, 6.285030571481444213e+02
4.083193863326918895e-05, 4.226489353039303569e-04, 5.943589820794612706e+02
4.295364267648868727e-05, 3.612103765002690507e-04, 5.620618998430404645e+02
4.518559443749217176e-05, 3.086976332319042791e-04, 5.315135391515751735e+02
4.753352259428048591e-05, 2.638130828342323693e-04, 5.026163113532347779e+02
5.000345349769783158e-05, 2.254497395978184433e-04, 4.752818351263381373e+02
5.260172663907057610e-05, 1.926685367077330855e-04, 4.494438247649011373e+02
5.533501092157360027e-05, 1.646487939100776119e-04, 4.249992178345383422e+02
5.821032177708709908e-05, 1.406948573003963547e-04, 4.018597288897321391e+02
6.123503917247733364e-05, 1.202193049938718146e-04, 3.799608112171796392e+02
6.441692655151768125e-05, 1.027138194848656446e-04, 3.592223621178291637e+02
6.776415076106743183e-05, 8.775142214617184040e-05, 3.395940137481370016e+02
7.128530301265190909e-05, 7.496234327869352114e-05, 3.210123978033085450e+02
7.498942093324550431e-05, 6.402822462503464146e-05, 3.034060547987709811e+02
7.888601176185532765e-05, 5.468239146570423587e-05, 2.867316878745178315e+02
8.298507675144217602e-05, 4.669791479226913374e-05, 2.709582018376729025e+02
8.729713683881113037e-05, 3.986143732584362600e-05, 2.559384542951298158e+02
9.183325964835800334e-05, 3.401868889426376249e-05, 2.417013253136746300e+02
9.660508789898121246e-05, 2.903316417828073678e-05, 2.282631177206836242e+02
1.016248692870694932e-04, 2.476588700426200274e-05, 2.154647192030886913e+02
1.069054879222656676e-04, 2.111600602172096275e-05, 2.032899485837671421e+02
1.124604973966924549e-04, 1.800193562039714961e-05, 1.917812200728897096e+02
1.183041555725163470e-04, 1.533735505918340172e-05, 1.808093731037078271e+02
1.244514611771384207e-04, 1.306734418160180027e-05, 1.704677404235089568e+02
1.309181922999405612e-04, 1.112736815241582039e-05, 1.606321627654903352e+02
1.377209468893944241e-04, 9.468392407971471338e-06, 1.512523759099426002e+02
1.448771853544760326e-04, 8.051707146163031618e-06, 1.423313374040707799e+02
1.524052753797290724e-04, 6.840593745777752280e-06, 1.338115566297784653e+02
1.603245390690039994e-04, 5.811106605782852699e-06, 1.257901281459938332e+02
1.686553025388738941e-04, 4.932129221807290777e-06, 1.181437234498414597e+02
1.774189480890164621e-04, 4.181341962311622213e-06, 1.108360278840679030e+02
1.866379690834667616e-04, 3.545256176862637010e-06, 1.039926122903571866e+02
1.963360276836043495e-04, 2.999937917855714263e-06, 9.737719164449977427e+01
2.065380155810527039e-04, 2.536535184011300188e-06, 9.111218663489219693e+01
2.172701178863743125e-04, 2.142676894607331599e-06, 8.516934947822953461e+01
2.285598803375427502e-04, 1.809010818239258035e-06, 7.957182406909799965e+01
2.404362800006929737e-04, 1.521505927386684271e-06, 7.406000273656520960e+01
2.529297996446142408e-04, 1.281533930434328614e-06, 6.902914727940812156e+01
2.660725059798808335e-04, 1.076179580894357106e-06, 6.414751694158083239e+01
2.798981319634359969e-04, 8.999001698446756900e-07, 5.935844287834732569e+01
2.944421633798757201e-04, 7.522245254829914198e-07, 5.490717012227194971e+01
3.097419299216577857e-04, 6.258095160079910227e-07, 5.054957008729627432e+01
3.258367010020083690e-04, 5.196696590074805991e-07, 4.645117520797655430e+01
3.427677865464497770e-04, 4.292804136399522969e-07, 4.246242121497102318e+01
3.605786430216419711e-04, 3.522036237348799657e-07, 3.855246179579831534e+01
3.793149849736817260e-04, 2.894570042335309379e-07, 3.506204474025732054e+01
3.990249023621416529e-04, 2.353573481489985742e-07, 3.154830803041593157e+01
4.197589839910068955e-04, 1.904148336207027836e-07, 2.824518751347453360e+01
4.415704473533120706e-04, 1.533491865715754426e-07, 2.517217625228796152e+01
4.645152752227491933e-04, 1.224758865942741876e-07, 2.224772968442870891e+01
4.886523593428331686e-04, 9.678881692062784320e-08, 1.945612351949701235e+01
5.140436515824254367e-04, 7.702235138972583042e-08, 1.713342267230441252e+01
5.407543229455804949e-04, 6.085149907589072787e-08, 1.497942167686142412e+01
5.688529308438407088e-04, 4.678289723555558745e-08, 1.274404995834169974e+01
5.984115950603185932e-04, 3.533622206192406831e-08, 1.065214873639975579e+01
6.295061828571967780e-04, 2.741101375349576121e-08, 9.144061097729904830e+00
6.622165037017614837e-04, 2.061641243503165800e-08, 7.610692637891368406e+00
6.966265141107679491e-04, 1.566148355851756963e-08, 6.397955287184043272e+00
7.328245331389029006e-04, 1.209153475654196444e-08, 5.466219667746635480e+00
7.709034690644293083e-04, 9.280094788598613757e-09, 4.642538832492205003e+00
8.109610578538404418e-04, 7.072321400126625912e-09, 3.915279109532126878e+00
8.531001140175886385e-04, 5.127468861510836047e-09, 3.141242709172122449e+00
8.974287945007472294e-04, 3.891774772090244922e-09, 2.638420402029769019e+00
9.440608762859225515e-04, 2.781338799381702616e-09, 2.086642915975417178e+00
9.931160484209324620e-04, 2.098088180145481113e-09, 1.741871136456579983e+00
1.044720219220798265e-03, 1.460817586956547697e-09, 1.342104756600928983e+00
1.099005839432519709e-03, 9.956465829162118445e-10, 1.012264175802094712e+00
1.156112242192098129e-03, 7.294251211367961857e-10, 8.206683717944535106e-01
1.216186000646367902e-03, 5.672803469049615017e-10, 7.062901038658759845e-01
1.279381304157525346e-03, 3.767012047883119633e-10, 5.190161532557094892e-01
1.345860354055946825e-03, 2.700992496885710972e-10, 4.118184504602028784e-01
1.415793779957078133e-03, 2.149745417541914227e-10, 3.627171434922879523e-01
1.489361077710912385e-03, 1.370173203251683820e-10, 2.558322064637469917e-01
1.566751070108147060e-03, 8.745975300805129193e-11, 1.807119007216397566e-01
1.648162391525506785e-03, 4.658655472062603527e-11, 1.065216592448636895e-01
1.733803997754137464e-03, 3.981627191606904426e-11, 1.007480856137871889e-01
1.823895702319638500e-03, 3.402989379234876137e-11, 9.528745721600935525e-02
1.918668740670287148e-03, 2.908443246418521299e-11, 9.012281024409247998e-02
2.018366363681555527e-03, 1.318791914541706330e-11, 4.522196667266643183e-02
2.123244462000214820e-03, 0.000000000000000000e+00, 0.000000000000000000e+00
2.233572222830528409e-03, 0.000000000000000000e+00, 0.000000000000000000e+00
2.349632820848305062e-03, 0.000000000000000000e+00, 0.000000000000000000e+00
2.471724145016129109e-03, 0.000000000000000000e+00, 0.000000000000000000e+00
2.600159563165272119e-03, 0.000000000000000000e+00, 0.000000000000000000e+00
2.735268726306713891e-03, 0.000000000000000000e+00, 0.000000000000000000e+00
2.877398414735666578e-03, 0.000000000000000000e+00, 0.000000000000000000e+00
3.026913428101298334e-03, 0.000000000000000000e+00, 0.000000000000000000e+00
3.184197521726119060e-03, 0.000000000000000000e+00, 0.000000000000000000e+00
3.349654391578272498e-03, 0.000000000000000000e+00, 0.000000000000000000e+00
3.523708710424869068e-03, 0.000000000000000000e+00, 0.000000000000000000e+00
3.706807217825759931e-03, 0.000000000000000000e+00, 0.000000000000000000e+00
3.899419866765435790e-03, 0.000000000000000000e+00, 0.000000000000000000e+00
4.102041029866064330e-03, 0.000000000000000000e+00, 0.000000000000000000e+00
4.315190768277641156e-03, 0.000000000000000000e+00, 0.000000000000000000e+00
4.539416166502023217e-03, 0.000000000000000000e+00, 0.000000000000000000e+00
4.775292736576902328e-03, 0.000000000000000000e+00, 0.000000000000000000e+00
5.023425895223866157e-03, 0.000000000000000000e+00, 0.000000000000000000e+00
5.284452517751802615e-03, 0.000000000000000000e+00, 0.000000000000000000e+00
5.559042572704037122e-03, 0.000000000000000000e+00, 0.000000000000000000e+00
5.847900841444799748e-03, 0.000000000000000000e+00, 0.000000000000000000e+00
6.151768727098664430e-03, 0.000000000000000000e+00, 0.000000000000000000e+00
6.471426157485817530e-03, 0.000000000000000000e+00, 0.000000000000000000e+00
6.807693586937403271e-03, 0.000000000000000000e+00, 0.000000000000000000e+00
7.161434102129013088e-03, 0.000000000000000000e+00, 0.000000000000000000e+00
7.533555637337169958e-03, 0.000000000000000000e+00, 0.000000000000000000e+00
7.925013304804717773e-03, 0.000000000000000000e+00, 0.000000000000000000e+00
8.336811846196331283e-03, 0.000000000000000000e+00, 0.000000000000000000e+00
8.770008211436322587e-03, 0.000000000000000000e+00, 0.000000000000000000e+00
9.225714271547610229e-03, 0.000000000000000000e+00, 0.000000000000000000e+00
9.705099672454878257e-03, 0.000000000000000000e+00, 0.000000000000000000e+00
1.020939483707678647e-02, 0.000000000000000000e+00, 0.000000000000000000e+00
1.073989412341243982e-02, 0.000000000000000000e+00, 0.000000000000000000e+00
1.129795914672797677e-02, 0.000000000000000000e+00, 0.000000000000000000e+00
1.188502227437018832e-02, 0.000000000000000000e+00, 0.000000000000000000e+00
1.250259030217718698e-02, 0.000000000000000000e+00, 0.000000000000000000e+00
1.315224832192234822e-02, 0.000000000000000000e+00, 0.000000000000000000e+00
1.383566378971778053e-02, 0.000000000000000000e+00, 0.000000000000000000e+00
1.455459080581963938e-02, 0.000000000000000000e+00, 0.000000000000000000e+00
1.531087461682028965e-02, 0.000000000000000000e+00, 0.000000000000000000e+00
1.610645635178269836e-02, 0.000000000000000000e+00, 0.000000000000000000e+00
1.694337800447328832e-02, 0.000000000000000000e+00, 0.000000000000000000e+00
1.782378767448087112e-02, 0.000000000000000000e+00, 0.000000000000000000e+00
1.874994508067413454e-02, 0.000000000000000000e+00, 0.000000000000000000e+00
1.972422736114849348e-02, 0.000000000000000000e+00, 0.000000000000000000e+00
2.074913517454906459e-02, 0.000000000000000000e+00, 0.000000000000000000e+00
2.182729911842998943e-02, 0.000000000000000000e+00, 0.000000000000000000e+00
2.296148648112360593e-02, 0.000000000000000000e+00, 0.000000000000000000e+00
2.415460834444940405e-02, 0.000000000000000000e+00, 0.000000000000000000e+00
2.540972705549301297e-02, 0.000000000000000000e+00, 0.000000000000000000e+00
2.673006408663303191e-02, 0.000000000000000000e+00, 0.000000000000000000e+00
2.811900830398933807e-02, 0.000000000000000000e+00, 0.000000000000000000e+00
2.958012466551540251e-02, 0.000000000000000000e+00, 0.000000000000000000e+00
3.111716337106013724e-02, 0.000000000000000000e+00, 0.000000000000000000e+00
3.273406948788379345e-02, 0.000000000000000000e+00, 0.000000000000000000e+00
3.443499307633384604e-02, 0.000000000000000000e+00, 0.000000000000000000e+00
3.622429984166987416e-02, 0.000000000000000000e+00, 0.000000000000000000e+00
3.810658233937726236e-02, 0.000000000000000000e+00, 0.000000000000000000e+00
4.008667176273017496e-02, 0.000000000000000000e+00, 0.000000000000000000e+00
4.216965034285814068e-02, 0.000000000000000000e+00, 0.000000000000000000e+00
4.436086439314318453e-02, 0.000000000000000000e+00, 0.000000000000000000e+00
4.666593803142881497e-02, 0.000000000000000000e+00, 0.000000000000000000e+00
4.909078761526029094e-02, 0.000000000000000000e+00, 0.000000000000000000e+00
5.164163692720710741e-02, 0.000000000000000000e+00, 0.000000000000000000e+00
5.432503314924325144e-02, 0.000000000000000000e+00, 0.000000000000000000e+00
5.714786366718654226e-02, 0.000000000000000000e+00, 0.000000000000000000e+00
6.011737374832767239e-02, 0.000000000000000000e+00, 0.000000000000000000e+00
6.324118513762183591e-02, 0.000000000000000000e+00, 0.000000000000000000e+00
6.652731562017405453e-02, 0.000000000000000000e+00, 0.000000000000000000e+00
6.998419960022730923e-02, 0.000000000000000000e+00, 0.000000000000000000e+00
7.362070974947361457e-02, 0.000000000000000000e+00, 0.000000000000000000e+00
7.744617978025175598e-02, 0.000000000000000000e+00, 0.000000000000000000e+00
8.147042840208371106e-02, 0.000000000000000000e+00, 0.000000000000000000e+00
8.570378452303674399e-02, 0.000000000000000000e+00, 0.000000000000000000e+00
9.015711376059551418e-02, 0.000000000000000000e+00, 0.000000000000000000e+00
9.484184633008958809e-02, 0.000000000000000000e+00, 0.000000000000000000e+00
9.977000638225524964e-02, 0.000000000000000000e+00, 0.000000000000000000e+00
1.049542428652322085e-01, 0.000000000000000000e+00, 0.000000000000000000e+00
1.104078619902073566e-01, 0.000000000000000000e+00, 0.000000000000000000e+00
1.161448613840341398e-01, 0.000000000000000000e+00, 0.000000000000000000e+00
1.221799660164868684e-01, 0.000000000000000000e+00, 0.000000000000000000e+00
1.285286659943612741e-01, 0.000000000000000000e+00, 0.000000000000000000e+00
1.352072563194275101e-01, 0.000000000000000000e+00, 0.000000000000000000e+00
1.422328787122818239e-01, 0.000000000000000000e+00, 0.000000000000000000e+00
1.496235656094432875e-01, 0.000000000000000000e+00, 0.000000000000000000e+00
1.573982864466219878e-01, 0.000000000000000000e+00, 0.000000000000000000e+00
1.655769963469526096e-01, 0.000000000000000000e+00, 0.000000000000000000e+00
1.741806873391609223e-01, 0.000000000000000000e+00, 0.000000000000000000e+00
1.832314422371207341e-01, 0.000000000000000000e+00, 0.000000000000000000e+00
1.927524913190932776e-01, 0.000000000000000000e+00, 0.000000000000000000e+00
2.027682719521279597e-01, 0.000000000000000000e+00, 0.000000000000000000e+00
2.133044913146575072e-01, 0.000000000000000000e+00, 0.000000000000000000e+00
2.243881923782766186e-01, 0.000000000000000000e+00, 0.000000000000000000e+00
2.360478233180573204e-01, 0.000000000000000000e+00, 0.000000000000000000e+00
2.483133105295562693e-01, 0.000000000000000000e+00, 0.000000000000000000e+00
2.612161354399200053e-01, 0.000000000000000000e+00, 0.000000000000000000e+00
2.747894153102391490e-01, 0.000000000000000000e+00, 0.000000000000000000e+00
2.890679882365471687e-01, 0.000000000000000000e+00, 0.000000000000000000e+00
3.040885025676277054e-01, 0.000000000000000000e+00, 0.000000000000000000e+00
3.198895109691397010e-01, 0.000000000000000000e+00, 0.000000000000000000e+00
3.365115693754908155e-01, 0.000000000000000000e+00, 0.000000000000000000e+00
3.539973410834342804e-01, 0.000000000000000000e+00, 0.000000000000000000e+00
3.723917062545675227e-01, 0.000000000000000000e+00, 0.000000000000000000e+00
3.917418771077822437e-01, 0.000000000000000000e+00, 0.000000000000000000e+00
4.120975190973295565e-01, 0.000000000000000000e+00, 0.000000000000000000e+00
4.335108783875284422e-01, 0.000000000000000000e+00, 0.000000000000000000e+00
4.560369159512959736e-01, 0.000000000000000000e+00, 0.000000000000000000e+00
4.797334486366891526e-01, 0.000000000000000000e+00, 0.000000000000000000e+00
5.046612975635276221e-01, 0.000000000000000000e+00, 0.000000000000000000e+00
5.308844442309867961e-01, 0.000000000000000000e+00, 0.000000000000000000e+00
5.584701947368295727e-01, 0.000000000000000000e+00, 0.000000000000000000e+00
5.874893525297757435e-01, 0.000000000000000000e+00, 0.000000000000000000e+00
6.180164001384151895e-01, 0.000000000000000000e+00, 0.000000000000000000e+00
6.501296903430903162e-01, 0.000000000000000000e+00, 0.000000000000000000e+00
6.839116472814292802e-01, 0.000000000000000000e+00, 0.000000000000000000e+00
7.194489780036983362e-01, 0.000000000000000000e+00, 0.000000000000000000e+00
7.568328950209720629e-01, 0.000000000000000000e+00, 0.000000000000000000e+00
7.961593504173167801e-01, 0.000000000000000000e+00, 0.000000000000000000e+00
8.375292821268809362e-01, 0.000000000000000000e+00, 0.000000000000000000e+00
8.810488730080129338e-01, 0.000000000000000000e+00, 0.000000000000000000e+00
9.268298233793484942e-01, 0.000000000000000000e+00, 0.000000000000000000e+00
9.749896377173866702e-01, 0.000000000000000000e+00, 0.000000000000000000e+00
