# Columns: R_MC [pc], P(R_MC) [1/pc], Cross-section weighted P(R_MC) [1/pc]
1.025651926251407861e-11, 1.690367585559813678e+08, 3.935199689169139601e+05
1.078946722229829815e-11, 1.645861188576356769e+08, 4.034879862588118995e+05
1.135010815672316663e-11, 1.566188550936319530e+08, 4.042142858605135698e+05
1.193988104464273125e-11, 1.482910682071078420e+08, 4.024923279404655332e+05
1.256029963694872804e-11, 1.459607408077828288e+08, 4.171366686635324731e+05
1.321295634186573788e-11, 1.413031763112800121e+08, 4.251114305075992597e+05
1.389952631213352601e-11, 1.395731810804236829e+08, 4.410711578916220460e+05
1.462177174456718478e-11, 1.347879744188828468e+08, 4.484350027399710380e+05
1.538154640303035716e-11, 1.315432407687928826e+08, 4.607267119646102656e+05
1.618080037643067682e-11, 1.269143480335289836e+08, 4.673589680746067897e+05
1.702158508394953640e-11, 1.263784046256432980e+08, 4.899729140978777432e+05
1.790605854035294846e-11, 1.256483275863284767e+08, 5.128155790250258869e+05
1.883649089489798225e-11, 1.240301767512093633e+08, 5.328225598588002613e+05
1.981527025805096908e-11, 1.169595623247476965e+08, 5.287404064363315701e+05
2.084490883097288542e-11, 1.164532887111248076e+08, 5.540717966404033359e+05
2.192804935350449494e-11, 1.125635790445828438e+08, 5.629830833287002752e+05
2.306747188720071646e-11, 1.099520810439461172e+08, 5.787591892100863624e+05
2.426610095082419209e-11, 1.090377589553081542e+08, 6.040345211067758501e+05
2.552701302661247069e-11, 1.078468649279927760e+08, 6.287148629475650378e+05
2.685344445658503549e-11, 1.055555766959502101e+08, 6.467849835714872461e+05
2.824879974915704763e-11, 1.033402040745159686e+08, 6.662296434201131342e+05
2.971666031738025020e-11, 1.009905194939936250e+08, 6.851736847804683493e+05
3.126079367123955679e-11, 1.010019982525761276e+08, 7.211368744944859063e+05
3.288516308759833167e-11, 1.018225771452373266e+08, 7.650358273611089680e+05
3.459393778261224212e-11, 9.925675217177665234e+07, 7.841998393581822747e+05
3.639150361272071167e-11, 9.850137559662337601e+07, 8.185098504426177824e+05
3.828247433168220594e-11, 9.525082686258153617e+07, 8.328701869883764302e+05
4.027170343254586841e-11, 9.321707065200860798e+07, 8.576821301749943523e+05
4.236429660495408969e-11, 9.517591801705318689e+07, 9.215000011422910029e+05
4.456562483975033441e-11, 9.324328112998756766e+07, 9.498957719009342836e+05
4.688133821452655254e-11, 9.227926760252894461e+07, 9.891146055408455431e+05
4.931738039549364670e-11, 9.237706232970225811e+07, 1.041800306971206446e+06
5.188000389289609384e-11, 8.963078603871287405e+07, 1.063486048234961927e+06
5.457578610912699557e-11, 8.751089125593018532e+07, 1.092412667987888912e+06
5.741164622073268011e-11, 8.878817535044801235e+07, 1.165577458775976673e+06
6.039486293763794275e-11, 8.810876466697801650e+07, 1.216951330461012898e+06
6.353309318517436562e-11, 8.680338061093109846e+07, 1.261382524450647645e+06
6.683439175686149603e-11, 8.937481244753363729e+07, 1.366380058765934780e+06
7.030723198838341702e-11, 8.888773662036931515e+07, 1.429695289570968831e+06
7.396052750582374558e-11, 9.069502272511497140e+07, 1.534197426043191925e+06
7.780365510398024982e-11, 8.970454899146173894e+07, 1.596482444418157218e+06
8.184647881347885976e-11, 8.761277067864681780e+07, 1.640432743098749546e+06
8.609937521845998927e-11, 8.764637836098763347e+07, 1.726502358177847695e+06
9.057326008981998694e-11, 8.775116909166605771e+07, 1.818538183900391450e+06
9.527961640236521090e-11, 8.872298747827963531e+07, 1.934365404341813177e+06
1.002305238077900488e-10, 8.750077104431347549e+07, 2.006958397398190340e+06
1.054386896391260237e-10, 8.861572864138726890e+07, 2.138266314733400010e+06
1.109174815262403146e-10, 8.969995368168005347e+07, 2.277004815274547320e+06
1.166809617060962959e-10, 9.067357548734863102e+07, 2.421419338562320918e+06
1.227439231158405997e-10, 9.155733889060077071e+07, 2.572156061455101240e+06
1.291219273613533562e-10, 9.150694524680988491e+07, 2.704051000758774113e+06
1.358313446587154174e-10, 9.352989190877240896e+07, 2.907582723505844828e+06
1.428893958511103824e-10, 9.499525035332566500e+07, 3.105496500417485833e+06
1.503141966090024084e-10, 9.603657164603276551e+07, 3.302982100985105149e+06
1.581248039270385857e-10, 9.805243455545067787e+07, 3.547239493630810175e+06
1.663412650370169698e-10, 1.014379199112443477e+08, 3.860803655814172700e+06
1.749846688624654551e-10, 1.057315805826780647e+08, 4.232284445720604621e+06
1.840772001468954491e-10, 1.077845585648946613e+08, 4.538682802913687192e+06
1.936421963946606826e-10, 1.111772012943960130e+08, 4.925433591558516026e+06
2.037042077705718970e-10, 1.143267079740190506e+08, 5.328253685948075727e+06
2.142890601120060623e-10, 1.176836129269013405e+08, 5.770291965872263536e+06
2.254239212152432687e-10, 1.216036493728363216e+08, 6.271897927024682052e+06
2.371373705661655168e-10, 1.256921475241151005e+08, 6.819868870642546564e+06
2.494594726942950709e-10, 1.295187719181827605e+08, 7.393347365540930070e+06
2.624218543384439019e-10, 1.326979454540339261e+08, 7.969033124730232172e+06
2.760577856220344782e-10, 1.370111584489517212e+08, 8.655867272461168468e+06
2.904022654464451017e-10, 1.423145183574920297e+08, 9.457881799395732582e+06
3.054921113215515548e-10, 1.460388690840849876e+08, 1.021037002891116962e+07
3.213660538640321425e-10, 1.513217220192109048e+08, 1.113001768590825051e+07
3.380648362059815113e-10, 1.563179035319086611e+08, 1.209537214442752488e+07
3.556313185689847556e-10, 1.612270692286790311e+08, 1.312403964058007486e+07
3.741105882720528966e-10, 1.653532107846201658e+08, 1.415983222714897618e+07
3.935500754557772142e-10, 1.695844361710629165e+08, 1.527725130552026629e+07
4.139996748197304272e-10, 1.761618408486013710e+08, 1.669489393745731190e+07
4.355118736855688095e-10, 1.800930946559052169e+08, 1.795474388901533931e+07
4.581418867145339649e-10, 1.851284993682511151e+08, 1.941622647845116258e+07
4.819477976251271319e-10, 1.907668158464626670e+08, 2.104761440347715467e+07
5.069907082747033666e-10, 1.957605808418933451e+08, 2.272087478568336368e+07
5.333348954876202279e-10, 2.016686607978862822e+08, 2.462332292293307558e+07
5.610479760324701077e-10, 2.073696372471701801e+08, 2.663531390467858687e+07
5.902010801718442306e-10, 2.120505996071921289e+08, 2.865165906141892076e+07
6.208690342300637909e-10, 2.164245492793089151e+08, 3.076277638181694597e+07
6.531305526474729939e-10, 2.224134644944731593e+08, 3.325736668507564440e+07
6.870684400142317101e-10, 2.275981753279228508e+08, 3.580167498959117383e+07
7.227698036021688210e-10, 2.313224184220689833e+08, 3.827891444781608135e+07
7.603262769401807175e-10, 2.344850324508212209e+08, 4.081861673266364634e+07
7.998342550070276743e-10, 2.387838101403218210e+08, 4.372744588548467308e+07
8.413951416451946904e-10, 2.429191771367348433e+08, 4.679686444640830159e+07
8.851156098308355951e-10, 2.452480694721126854e+08, 4.970139759885208309e+07
9.311078754678309670e-10, 2.477826462762519419e+08, 5.282416340754728764e+07
9.794899854086980821e-10, 2.493112974213737547e+08, 5.591301989600700140e+07
1.030386120441616095e-09, 2.507962841176766455e+08, 5.916942472587166727e+07
1.083926914021204014e-09, 2.521428762186543047e+08, 6.257945972802859545e+07
1.140249787561167319e-09, 2.512894339382938743e+08, 6.560981212364847213e+07
1.199499303149378128e-09, 2.511303328876155317e+08, 6.897651151196719706e+07
1.261827534590670558e-09, 2.492682433676541746e+08, 7.202426056521004438e+07
1.327394457729740273e-09, 2.465944833668243289e+08, 7.495577546160712838e+07
1.396368361055936317e-09, 2.439678666891222000e+08, 7.801254717927889526e+07
1.468926277643866174e-09, 2.405834385224802792e+08, 8.092968747397580743e+07
1.545254439538414134e-09, 2.363673313754324615e+08, 8.364290879941530526e+07
1.625548755750481709e-09, 2.314960385517296791e+08, 8.617823002444954216e+07
1.710015315090286320e-09, 2.261927390097168684e+08, 8.858156955887775123e+07
1.798870915128787322e-09, 2.197042658282510042e+08, 9.051408687701264024e+07
1.892343618644975688e-09, 2.133680012182240784e+08, 9.247413908713974059e+07
1.990673338987188583e-09, 2.059193631429137588e+08, 9.388578120559345186e+07
2.094112455850895670e-09, 1.981748721161698997e+08, 9.505264191207765043e+07
2.202926463053456075e-09, 1.901749875149463713e+08, 9.595861699241952598e+07
2.317394649968475145e-09, 1.816101717231415808e+08, 9.640174044564238191e+07
2.437810818368750009e-09, 1.723869172639175057e+08, 9.626288514059284329e+07
2.564484036517716058e-09, 1.636613268368794322e+08, 9.614309926328943670e+07
2.697739432444920460e-09, 1.546753905083360076e+08, 9.558800494415453076e+07
2.837919028441557893e-09, 1.457250589590630531e+08, 9.474055310809847713e+07
2.985382618917963357e-09, 1.366677148561888933e+08, 9.347295210289750993e+07
3.140508693876216431e-09, 1.277781752078336626e+08, 9.193782889209131896e+07
3.303695410368142213e-09, 1.192462088451996297e+08, 9.026185179241779447e+07
3.475361614432053799e-09, 1.107232450909503847e+08, 8.817012590444494784e+07
3.655947916131246718e-09, 1.023923483626087606e+08, 8.577763650939933956e+07
3.845917820453534961e-09, 9.454698157068094611e+07, 8.332574402170413733e+07
4.045758916974428963e-09, 8.701222259139081836e+07, 8.067479004733407497e+07
4.255984131337434845e-09, 7.978929607406237721e+07, 7.782684636773400009e+07
4.477133041763623226e-09, 7.309516541115388274e+07, 7.500668910795515776e+07
4.709773263969519825e-09, 6.672346340186473727e+07, 7.203107210706299543e+07
4.954501908047895353e-09, 6.081793313221009076e+07, 6.907236705646532774e+07
5.211947111050799924e-09, 5.545466261145512760e+07, 6.625881592599914968e+07
5.482769649208535777e-09, 5.023386060796786845e+07, 6.314456791474144161e+07
5.767664633922509555e-09, 4.552147676455680281e+07, 6.019937758726184070e+07
6.067363295885059185e-09, 4.110743576981167495e+07, 5.719055734610317647e+07
6.382634861905482558e-09, 3.716534381482134759e+07, 5.439795003748790175e+07
6.714288529259509001e-09, 3.344546883327852935e+07, 5.150186588373265415e+07
7.063175542629608811e-09, 3.009432987101554498e+07, 4.875451388148708642e+07
7.430191378967006415e-09, 2.697443021138507873e+07, 4.597535851904859394e+07
7.816278045883292923e-09, 2.418645117179171741e+07, 4.336903119177544862e+07
8.222426499470713005e-09, 2.158031600243365392e+07, 4.070828281693378091e+07
8.649679187756937814e-09, 1.925132878523395211e+07, 3.820657032763623446e+07
9.099132726322508595e-09, 1.715139178066572919e+07, 3.581136531912803650e+07
9.571940712948442686e-09, 1.522988503601360135e+07, 3.345646805218716338e+07
1.006931668851804562e-08, 1.352947616677044518e+07, 3.126894675711574405e+07
1.059253725177287621e-08, 1.196096495548317395e+07, 2.908484156388140470e+07
1.114294533591729230e-08, 1.058104087132373825e+07, 2.707075823433467746e+07
1.172195365548130236e-08, 9.354743155837846920e+06, 2.518132533228461072e+07
1.233104833228909634e-08, 8.248784558566388674e+06, 2.336227119017386064e+07
1.297179270983955861e-08, 7.250359169579997659e+06, 2.160561371137270331e+07
1.364583136588923983e-08, 6.376707285411486402e+06, 1.999353873475153372e+07
1.435489433353654691e-08, 5.591956561996683478e+06, 1.844762481653057411e+07
1.510080154164146180e-08, 4.884289931635099463e+06, 1.695401826947627589e+07
1.588546748597777465e-08, 4.253431320041759871e+06, 1.553494474604450352e+07
1.671090614310706979e-08, 3.705761179920451250e+06, 1.424137261545429192e+07
1.757923613958693077e-08, 3.221995924976799637e+06, 1.302892762135010026e+07
1.849268618978079709e-08, 2.801402640600350685e+06, 1.191993923225037940e+07
1.945360081622663184e-08, 2.433946538756113965e+06, 1.089758237900215946e+07
2.046444636724671542e-08, 2.107443913532816339e+06, 9.928912365327689797e+06
2.152781734724369502e-08, 1.826886941099670948e+06, 9.056825035696946084e+06
2.264644307593057319e-08, 1.584145571864890400e+06, 8.264175121818405576e+06
2.382319469358689039e-08, 1.372867928380805999e+06, 7.536685728784942068e+06
2.506109253032113907e-08, 1.187218495289694984e+06, 6.858622041869613342e+06
2.636331385825381413e-08, 1.022114571219619829e+06, 6.213765707651272416e+06
2.773320104651840969e-08, 8.818269687448525801e+05, 5.641471436737434007e+06
2.917427014001165809e-08, 7.605401498006051406e+05, 5.120481167223639786e+06
3.069021988391154998e-08, 6.544336997626363300e+05, 4.636501258175674826e+06
3.228494121712631338e-08, 5.636581674611141207e+05, 4.202805176053595729e+06
3.396252725904081622e-08, 4.851887251257624594e+05, 3.807526585342155769e+06
3.572728381519288657e-08, 4.171274510454333504e+05, 3.445246397607105784e+06
3.758374042884442742e-08, 3.581100508939019055e+05, 3.113137475860710256e+06
3.953666200681278862e-08, 3.091424621326514753e+05, 2.828677102403624449e+06
4.159106104940218542e-08, 2.650129301520308945e+05, 2.552383973723234143e+06
4.375221051582515913e-08, 2.274027883251762250e+05, 2.305377954959799070e+06
4.602565735813553354e-08, 1.949548896467242448e+05, 2.080469886221817462e+06
4.841723675840988696e-08, 1.680331067891960556e+05, 1.887310892211357132e+06
5.093308710571952695e-08, 1.440512747400764492e+05, 1.703241958674367284e+06
5.357966575133417533e-08, 1.236994017286816670e+05, 1.539762492123226402e+06
5.636376558259543076e-08, 1.059027917481918994e+05, 1.387830496247775620e+06
5.929253245799994260e-08, 9.133875794492525165e+04, 1.260219384430116275e+06
6.237348354824184070e-08, 7.806477307912961987e+04, 1.134029998534310609e+06
6.561452663029043443e-08, 6.701439314290405309e+04, 1.025029119332392118e+06
6.902398038402412175e-08, 5.727539449231931212e+04, 9.224740738590150140e+05
7.261059574351543687e-08, 4.902042789153053309e+04, 8.313860614905143157e+05
7.638357835776907026e-08, 4.220587807258237444e+04, 7.538098366423641564e+05
8.035261221856177783e-08, 3.607222572831775324e+04, 6.784953142217490822e+05
8.452788451602899226e-08, 3.088551475433556334e+04, 6.118413500092957402e+05
8.892011178579481813e-08, 2.645655271637114129e+04, 5.520180017343134386e+05
9.354056741475511679e-08, 2.261170209362454625e+04, 4.969536289747970877e+05
9.840111057611325498e-08, 1.932561195904361011e+04, 4.474112927167670568e+05
1.035142166679343147e-07, 1.651707934425023632e+04, 4.028356179700749344e+05
1.088930093333433319e-07, 1.411670226246462880e+04, 3.627271738529303693e+05
1.145512941445534903e-07, 1.206516470698231569e+04, 3.266368334412955446e+05
1.205035940371795992e-07, 1.031177088671494494e+04, 2.941607025286305579e+05
1.267651865857844781e-07, 8.813192476163121682e+03, 2.649355598561493098e+05
1.333521432163324045e-07, 7.532397924254022655e+03, 2.386347572444342368e+05
1.402813704561957486e-07, 6.437737362725888488e+03, 2.149645331919264863e+05
1.475706533275893077e-07, 5.502160502981582795e+03, 1.936606982825321029e+05
1.552387009958081715e-07, 4.715930716678962199e+03, 1.744919212201562186e+05
1.633051947894334705e-07, 4.030578798402379107e+03, 1.572313636387722509e+05
1.717908387157587761e-07, 3.444826997287421818e+03, 1.416937903299554018e+05
1.807174126010925653e-07, 2.944200730135974482e+03, 1.277063475572467869e+05
1.901078279923299666e-07, 2.516328961118429561e+03, 1.151135698965109041e+05
1.999861869632742842e-07, 2.150638499521051472e+03, 1.037756284714229114e+05
2.103778439766472978e-07, 1.838092724418422449e+03, 9.356675581400134251e+04
2.213094709605636295e-07, 1.570968279556810558e+03, 8.437382952188934723e+04
2.328091257665007940e-07, 1.342664220658024533e+03, 7.609509871032564843e+04
2.449063241844743992e-07, 1.147538898696227079e+03, 6.863903884509764612e+04
2.576321157002572855e-07, 9.807705484206184110e+02, 6.192332201085663837e+04
2.710191631890842058e-07, 8.382381370401930099e+02, 5.587389096710617014e+04
2.851018267503907082e-07, 7.164195290120183017e+02, 5.042412654339731671e+04
2.999162518987646980e-07, 6.123044501061330038e+02, 4.551409894046033878e+04
3.155004623374623941e-07, 5.233201000502858733e+02, 4.108989447588850453e+04
3.318944575526103405e-07, 4.472675759064410954e+02, 3.710301019159652787e+04
3.491403154785858900e-07, 3.822675345915182561e+02, 3.350980944289507170e+04
3.672823004980842474e-07, 3.267137523082578241e+02, 3.027103235607188253e+04
3.863669770540689493e-07, 2.792334328155916978e+02, 2.735135558550299538e+04
4.064433291652127549e-07, 2.386532842634563281e+02, 2.471899644558093132e+04
4.275628861515860074e-07, 2.039705257181170737e+02, 2.234535689331731191e+04
4.497798548932875053e-07, 1.743281073475094445e+02, 2.020470338024612647e+04
4.731512589614802628e-07, 1.489935317970425501e+02, 1.827387894735545706e+04
4.977370849789355307e-07, 1.273407533506278213e+02, 1.653204430859408967e+04
5.236004365857494849e-07, 1.088347075764702083e+02, 1.496044499296999493e+04
5.508076964054029391e-07, 9.301808933006178393e+01, 1.354220194571988395e+04
5.794286964268809173e-07, 7.950005227690419929e+01, 1.226212320601740430e+04
6.095368972401687385e-07, 6.794655059118449003e+01, 1.110653452864659084e+04
6.412095765851608593e-07, 5.807208429248581893e+01, 1.006312705315503081e+04
6.745280276979215670e-07, 4.963264424474176906e+01, 9.120820306064277247e+03
7.095777679633887827e-07, 4.241968244482438166e+01, 8.269638988622426041e+03
7.464487584100661313e-07, 3.625495851843630390e+01, 7.500602144475396017e+03
7.852356346100710336e-07, 3.098613524323504365e+01, 6.805623489218597570e+03
8.260379495771783370e-07, 2.648301408499394682e+01, 6.177421748172146181e+03
8.689604292863010418e-07, 2.263431788145412682e+01, 5.609440021697188968e+03
9.141132414702490036e-07, 1.934494102500147861e+01, 5.095773241285947734e+03
9.616122783836638888e-07, 1.653359933683535488e+01, 4.631102933316653434e+03
1.011579454259898283e-06, 1.413082141909769440e+01, 4.210638522137262953e+03
1.064143018224315170e-06, 1.207723194494506203e+01, 3.830064536406693605e+03
1.119437883467150232e-06, 1.032208439378737452e+01, 3.485493104533590667e+03
1.177605973520806597e-06, 8.822007124840549608e+00, 3.173421253891225660e+03
1.238796586530369050e-06, 7.539931536421814684e+00, 2.890692448674981733e+03
1.303166778452298707e-06, 6.444176105642605457e+00, 2.634462025869216177e+03
1.370881766164852098e-06, 5.507663492294351038e+00, 2.402166081226298502e+03
1.442115351524868011e-06, 4.707251420010769571e+00, 2.191493475736181153e+03
1.517050367459335277e-06, 4.023160808971602442e+00, 2.000360652059765016e+03
1.595879147236730565e-06, 3.438487013969587114e+00, 1.826888975217435018e+03
1.678804018122558985e-06, 2.938782088399489290e+00, 1.669384340161376713e+03
1.766037820686164116e-06, 2.511697758479110032e+00, 1.526318822479060827e+03
1.857804455091697021e-06, 2.146680308641374157e+00, 1.396314182514351387e+03
1.954339455775392327e-06, 1.834709736392222679e+00, 1.278126975292931775e+03
2.055890595984140433e-06, 1.568076908573344586e+00, 1.170635208817806415e+03
2.162718523727020259e-06, 1.340193016545227822e+00, 1.072826278750370193e+03
2.275097430772069504e-06, 1.145426794010302451e+00, 9.837861585373376556e+02
2.393315756405384890e-06, 9.789653650848796351e-01, 9.026896544029182223e+02
2.517676927758854593e-06, 8.366952686951951712e-01, 8.287915894565724102e+02
2.648500138606698363e-06, 7.151008516118363412e-01, 7.614189358084616970e+02
2.786121168629766473e-06, 6.111773884286374470e-01, 6.999636999913998352e+02
2.930893245250318698e-06, 5.223568077114641994e-01, 6.438764924877807516e+02
3.083187950249353467e-06, 4.464442468356326077e-01, 5.926607735578978691e+02
3.243396173493490004e-06, 3.815638299259249133e-01, 5.458676807815148777e+02
3.411929116219281216e-06, 3.261122917698203172e-01, 5.030913284556913823e+02
3.589219346450049739e-06, 2.787193469424002479e-01, 4.639645716325486546e+02
3.775721909254159727e-06, 2.382138823600470912e-01, 4.281552969369769812e+02
3.971915494694400700e-06, 2.035949486439345979e-01, 3.953628953783315296e+02
4.178303666466213542e-06, 1.740070857515126634e-01, 3.653152852625395894e+02
4.395416154378242806e-06, 1.487191386925936498e-01, 3.377660586058429431e+02
4.623810213992598294e-06, 1.271062096712386735e-01, 3.124920146627401891e+02
4.864072056914609241e-06, 1.086342220940716002e-01, 2.892909241429896952e+02
5.116818355403072973e-06, 9.284670962031141284e-02, 2.679794685438004080e+02
5.382697825162881249e-06, 7.935355474224289885e-02, 2.483914614593205670e+02
5.662392890382528157e-06, 6.782131255989229390e-02, 2.303760934132046714e+02
5.956621435290097563e-06, 5.796501626122421702e-02, 2.137965793564080172e+02
6.266138646723349015e-06, 4.954110620368303713e-02, 1.985287326493492230e+02
6.591738952443213146e-06, 4.234141638796948270e-02, 1.844597676029806053e+02
6.934258060165687003e-06, 3.618803856014388837e-02, 1.714872432952837471e+02
7.294575102545679062e-06, 3.092890705975463728e-02, 1.595179939701114904e+02
7.673614893618186056e-06, 2.643407103710176953e-02, 1.484673815249742290e+02
8.072350302488374979e-06, 2.259245515302753943e-02, 1.382583620018043291e+02
8.491804750363126655e-06, 1.930912762198939633e-02, 1.288208198548177563e+02
8.933054837332944550e-06, 1.650295218591142643e-02, 1.200909047630719897e+02
9.397233105646374780e-06, 1.410458734331200385e-02, 1.120104735294647895e+02
9.885530946569380493e-06, 1.205477270069089252e-02, 1.045265666313190849e+02
1.039920165829057908e-05, 1.030284800239577615e-02, 9.759079018105389025e+01
1.093956366272093086e-05, 8.805524652433727173e-03, 9.115906957181660175e+01
1.150800388944435666e-05, 7.525801341891322042e-03, 8.519113467438552334e+01
1.210598133550481593e-05, 6.432054161369233497e-03, 7.965020278747951465e+01
1.273503081016660354e-05, 5.497256198620611121e-03, 7.450266975868032659e+01
1.339676687425934466e-05, 4.698309396594638546e-03, 6.971782584571052155e+01
1.409288798421873337e-05, 4.015470392009452827e-03, 6.526754602567275754e+01
1.482518085145951458e-05, 3.431862732815680467e-03, 6.112603784447125577e+01
1.559552502826952309e-05, 2.933066669800601066e-03, 5.726973865027877508e+01
1.640589773199538679e-05, 2.506760490597733683e-03, 5.367710843511501650e+01
1.725837891990201987e-05, 2.142402910895483022e-03, 5.032817473179576240e+01
1.815515662773133475e-05, 1.830996107837506168e-03, 4.720485843705639439e+01
1.909853258566236888e-05, 1.564842871109890484e-03, 4.429039420748154043e+01
2.009092812608727908e-05, 1.337370131405654205e-03, 4.156953048368414017e+01
2.113489039836645523e-05, 1.142952681422235292e-03, 3.902802242109289210e+01
2.223309890651400654e-05, 9.767838230385257354e-04, 3.665276043427370212e+01
2.338837238659353628e-05, 8.347667877982309706e-04, 3.443210798656775751e+01
2.460367604147624960e-05, 7.133855346039693571e-04, 3.235478185100179616e+01
2.588212915153087737e-05, 6.096408741979275321e-04, 3.041058835760047430e+01
2.722701308077910045e-05, 5.209728871235248934e-04, 2.859030136940786804e+01
2.864177969906579846e-05, 4.451873472845221491e-04, 2.688506672578218115e+01
3.013006024186119008e-05, 3.804143566248740344e-04, 2.528700597617622137e+01
3.169567463043487023e-05, 3.250546077379714064e-04, 2.378878987789358490e+01
3.334264127632347269e-05, 2.777398037566789889e-04, 2.238354330265679337e+01
3.507518739525679514e-05, 2.372953033280232864e-04, 2.106443026764790716e+01
3.689775985701500575e-05, 2.027290013475729490e-04, 1.982611665294372827e+01
3.881503659906478245e-05, 1.731876530236500409e-04, 1.866325986378475221e+01
4.083193863326918895e-05, 1.479391287970692633e-04, 1.757059238380503885e+01
4.295364267648868727e-05, 1.263569556135809094e-04, 1.654305293093182527e+01
4.518559443749217176e-05, 1.079100585676572905e-04, 1.557645421666290098e+01
4.753352259428048591e-05, 9.214607159821372158e-05, 1.466720680449998149e+01
5.000345349769783158e-05, 7.867238937616201832e-05, 1.381107371065647804e+01
5.260172663907057610e-05, 6.715826185757966995e-05, 1.300488435820936495e+01
5.533501092157360027e-05, 5.731682741867585688e-05, 1.224491146745211445e+01
5.821032177708709908e-05, 4.890519521070887168e-05, 1.152806817954381913e+01
6.123503917247733364e-05, 4.172065452969751797e-05, 1.085274691181402851e+01
6.441692655151768125e-05, 3.557865233458396448e-05, 1.021459660923286883e+01
6.776415076106743183e-05, 3.033285949345998893e-05, 9.612624009771661093e+00
7.128530301265190909e-05, 2.585234867720876829e-05, 9.044336914805692018e+00
7.498942093324550431e-05, 2.202353609894396020e-05, 8.506690266276704548e+00
7.888601176185532765e-05, 1.875354776909985254e-05, 7.998349326222589539e+00
8.298507675144217602e-05, 1.596169448005057325e-05, 7.517682500389505584e+00
8.729713683881113037e-05, 1.357827621477700067e-05, 7.062842377830370388e+00
9.183325964835800334e-05, 1.154345490351826229e-05, 6.631941903584643860e+00
9.660508789898121246e-05, 9.808893113883172579e-06, 6.224912555379634505e+00
1.016248692870694932e-04, 8.327903960800465079e-06, 5.838393124238216103e+00
1.069054879222656676e-04, 7.066797593042106743e-06, 5.473429738902503061e+00
1.124604973966924549e-04, 5.991587941855891782e-06, 5.127323015269628748e+00
1.183041555725163470e-04, 5.075763724046683248e-06, 4.799465871679924334e+00
1.244514611771384207e-04, 4.296696695145756857e-06, 4.489507525367172569e+00
1.309181922999405612e-04, 3.635164808302476496e-06, 4.197488921684354501e+00
1.377209468893944241e-04, 3.071458903283876574e-06, 3.919555126152173496e+00
1.448771853544760326e-04, 2.592935757964938442e-06, 3.657098228562499553e+00
1.524052753797290724e-04, 2.186867198501339314e-06, 3.409123498954061748e+00
1.603245390690039994e-04, 1.842763311037635115e-06, 3.175324820659797709e+00
1.686553025388738941e-04, 1.551196588668964153e-06, 2.954643736810722121e+00
1.774189480890164621e-04, 1.304064513240972037e-06, 2.745843942990745745e+00
1.866379690834667616e-04, 1.095337406567382135e-06, 2.549659332546950541e+00
1.963360276836043495e-04, 9.192956361605779435e-07, 2.365728863003876192e+00
2.065380155810527039e-04, 7.705526495679311990e-07, 2.192318925499704196e+00
2.172701178863743125e-04, 6.450486880477711505e-07, 2.029086786193505798e+00
2.285598803375427502e-04, 5.395599351214246326e-07, 1.876590451014775729e+00
2.404362800006929737e-04, 4.505387711704231862e-07, 1.732592934400830176e+00
2.529297996446142408e-04, 3.758024936307438327e-07, 1.597976461205442344e+00
2.660725059798808335e-04, 3.129472725121967042e-07, 1.471426569169641541e+00
2.798981319634359969e-04, 2.599349331500175550e-07, 1.351438122835641575e+00
2.944421633798757201e-04, 2.159743028331852382e-07, 1.241682342940978234e+00
3.097419299216577857e-04, 1.789673381261958114e-07, 1.137794778470221591e+00
3.258367010020083690e-04, 1.481797181390623258e-07, 1.041776913342842947e+00
3.427677865464497770e-04, 1.222726789407161104e-07, 9.506195601746099122e-01
3.605786430216419711e-04, 1.008438761936397651e-07, 8.670134219551595134e-01
3.793149849736817260e-04, 8.291417395377335530e-08, 7.883204554036064016e-01
3.990249023621416529e-04, 6.812380643888868509e-08, 7.162725509361571596e-01
4.197589839910068955e-04, 5.578484964641639100e-08, 6.486456769307947789e-01
4.415704473533120706e-04, 4.570229856202159080e-08, 5.877183211372164484e-01
4.645152752227491933e-04, 3.730237605068297031e-08, 5.304810317383629181e-01
4.886523593428331686e-04, 3.038048392257920355e-08, 4.777925278726083413e-01
5.140436515824254367e-04, 2.470875318866022450e-08, 4.297199694101050405e-01
5.407543229455804949e-04, 2.000235238283502874e-08, 3.846917854396652015e-01
5.688529308438407088e-04, 1.622716255446532776e-08, 3.451068648956828189e-01
5.984115950603185932e-04, 1.308897196599308627e-08, 3.078013472581310750e-01
6.295061828571967780e-04, 1.051223920603969588e-08, 2.733320280826993520e-01
6.622165037017614837e-04, 8.433794394193946744e-09, 2.424563910452582349e-01
6.966265141107679491e-04, 6.766614428878952876e-09, 2.150729531660368343e-01
7.328245331389029006e-04, 5.394670075286969600e-09, 1.895563162236115484e-01
7.709034690644293083e-04, 4.304906169728658987e-09, 1.672249217903156726e-01
8.109610578538404418e-04, 3.446521087834347997e-09, 1.480002966385746133e-01
8.531001140175886385e-04, 2.776423839162826588e-09, 1.318042275902584493e-01
8.974287945007472294e-04, 2.216928938467973357e-09, 1.163277874081288382e-01
9.440608762859225515e-04, 1.779658210480923555e-09, 1.032208025162779375e-01
9.931160484209324620e-04, 1.415775832278296199e-09, 9.074734599072867280e-02
1.044720219220798265e-03, 1.124187055448215916e-09, 7.962271348483460076e-02
1.099005839432519709e-03, 9.001641525002171989e-10, 7.045478849993680459e-02
1.156112242192098129e-03, 7.138001441189820072e-10, 6.173265892984852038e-02
1.216186000646367902e-03, 5.602176993967517024e-10, 5.350787351123899999e-02
1.279381304157525346e-03, 4.375528430308246500e-10, 4.614133003149663986e-02
1.345860354055946825e-03, 3.446270507726053746e-10, 4.012544663401073491e-02
1.415793779957078133e-03, 2.775588429817986726e-10, 3.570673753165869851e-02
1.489361077710912385e-03, 2.189037531358489349e-10, 3.109571827296476673e-02
1.566751070108147060e-03, 1.724660968506912005e-10, 2.703709590089612910e-02
1.648162391525506785e-03, 1.380550479620785740e-10, 2.392376497773569116e-02
1.733803997754137464e-03, 1.085500041520964183e-10, 2.075150977597982338e-02
1.823895702319638500e-03, 8.494447956075049373e-11, 1.790587430276492989e-02
1.918668740670287148e-03, 6.756544926243019232e-11, 1.571089707418922218e-02
2.018366363681555527e-03, 5.401833978970287053e-11, 1.385599572373575478e-02
2.123244462000214820e-03, 3.948596351437834129e-11, 1.111648312205826966e-02
2.233572222830528409e-03, 3.201549964333770766e-11, 9.943083898526104344e-03
2.349632820848305062e-03, 2.573957242854756857e-11, 8.812325693365381796e-03
2.471724145016129109e-03, 2.040538019280136313e-11, 7.691942777396779986e-03
2.600159563165272119e-03, 1.437550608441610969e-11, 5.936126940987053804e-03
2.735268726306713891e-03, 1.154956499680971541e-11, 5.250475073568127392e-03
2.877398414735666578e-03, 8.421690761621298183e-12, 4.174213553884009373e-03
3.026913428101298334e-03, 6.806164385451567850e-12, 3.711127222080023037e-03
3.184197521726119060e-03, 4.021312062126781133e-12, 2.309224571823084021e-03
3.349654391578272498e-03, 3.436906967797695204e-12, 2.183950453785208235e-03
3.523708710424869068e-03, 2.297490939192232883e-12, 1.541589800025229551e-03
3.706807217825759931e-03, 1.963603544159092168e-12, 1.457966989142873071e-03
3.899419866765435790e-03, 1.528989863689943792e-12, 1.229270575526203273e-03
4.102041029866064330e-03, 6.344648850858894359e-13, 4.168067732199225855e-04
4.315190768277641156e-03, 5.422600262515821937e-13, 3.941999892866419972e-04
4.539416166502023217e-03, 3.427478582167589819e-13, 2.088608341236530992e-04
4.775292736576902328e-03, 1.635829470969783203e-13, 3.101404185623080723e-06
5.023425895223866157e-03, 1.398099331771684584e-13, 2.933207369793427280e-06
5.284452517751802615e-03, 1.194917793198589570e-13, 2.774137202251545809e-06
5.559042572704037122e-03, 1.021264011830425265e-13, 2.623697959261352310e-06
5.847900841444799748e-03, 8.728468082043564807e-14, 2.481420892863548449e-06
6.151768727098664430e-03, 7.459986269633036578e-14, 2.346862757900236603e-06
6.471426157485817530e-03, 6.375849074547295431e-14, 2.219604419975530743e-06
6.807693586937403271e-03, 5.449266252256156724e-14, 2.099249539854186540e-06
7.161434102129013088e-03, 4.657340903271971214e-14, 1.985423330055369918e-06
7.533555637337169958e-03, 3.980503665114463584e-14, 1.877771379638733872e-06
7.925013304804717773e-03, 3.402029131442435106e-14, 1.775958543406003734e-06
8.336811846196331283e-03, 0.000000000000000000e+00, 0.000000000000000000e+00
8.770008211436322587e-03, 0.000000000000000000e+00, 0.000000000000000000e+00
9.225714271547610229e-03, 0.000000000000000000e+00, 0.000000000000000000e+00
9.705099672454878257e-03, 0.000000000000000000e+00, 0.000000000000000000e+00
1.020939483707678647e-02, 0.000000000000000000e+00, 0.000000000000000000e+00
1.073989412341243982e-02, 0.000000000000000000e+00, 0.000000000000000000e+00
1.129795914672797677e-02, 0.000000000000000000e+00, 0.000000000000000000e+00
1.188502227437018832e-02, 0.000000000000000000e+00, 0.000000000000000000e+00
1.250259030217718698e-02, 0.000000000000000000e+00, 0.000000000000000000e+00
1.315224832192234822e-02, 0.000000000000000000e+00, 0.000000000000000000e+00
1.383566378971778053e-02, 0.000000000000000000e+00, 0.000000000000000000e+00
1.455459080581963938e-02, 0.000000000000000000e+00, 0.000000000000000000e+00
1.531087461682028965e-02, 0.000000000000000000e+00, 0.000000000000000000e+00
1.610645635178269836e-02, 0.000000000000000000e+00, 0.000000000000000000e+00
1.694337800447328832e-02, 0.000000000000000000e+00, 0.000000000000000000e+00
1.782378767448087112e-02, 0.000000000000000000e+00, 0.000000000000000000e+00
1.874994508067413454e-02, 0.000000000000000000e+00, 0.000000000000000000e+00
1.972422736114849348e-02, 0.000000000000000000e+00, 0.000000000000000000e+00
2.074913517454906459e-02, 0.000000000000000000e+00, 0.000000000000000000e+00
2.182729911842998943e-02, 0.000000000000000000e+00, 0.000000000000000000e+00
2.296148648112360593e-02, 0.000000000000000000e+00, 0.000000000000000000e+00
2.415460834444940405e-02, 0.000000000000000000e+00, 0.000000000000000000e+00
2.540972705549301297e-02, 0.000000000000000000e+00, 0.000000000000000000e+00
2.673006408663303191e-02, 0.000000000000000000e+00, 0.000000000000000000e+00
2.811900830398933807e-02, 0.000000000000000000e+00, 0.000000000000000000e+00
2.958012466551540251e-02, 0.000000000000000000e+00, 0.000000000000000000e+00
3.111716337106013724e-02, 0.000000000000000000e+00, 0.000000000000000000e+00
3.273406948788379345e-02, 0.000000000000000000e+00, 0.000000000000000000e+00
3.443499307633384604e-02, 0.000000000000000000e+00, 0.000000000000000000e+00
3.622429984166987416e-02, 0.000000000000000000e+00, 0.000000000000000000e+00
3.810658233937726236e-02, 0.000000000000000000e+00, 0.000000000000000000e+00
4.008667176273017496e-02, 0.000000000000000000e+00, 0.000000000000000000e+00
4.216965034285814068e-02, 0.000000000000000000e+00, 0.000000000000000000e+00
4.436086439314318453e-02, 0.000000000000000000e+00, 0.000000000000000000e+00
4.666593803142881497e-02, 0.000000000000000000e+00, 0.000000000000000000e+00
4.909078761526029094e-02, 0.000000000000000000e+00, 0.000000000000000000e+00
5.164163692720710741e-02, 0.000000000000000000e+00, 0.000000000000000000e+00
5.432503314924325144e-02, 0.000000000000000000e+00, 0.000000000000000000e+00
5.714786366718654226e-02, 0.000000000000000000e+00, 0.000000000000000000e+00
6.011737374832767239e-02, 0.000000000000000000e+00, 0.000000000000000000e+00
6.324118513762183591e-02, 0.000000000000000000e+00, 0.000000000000000000e+00
6.652731562017405453e-02, 0.000000000000000000e+00, 0.000000000000000000e+00
6.998419960022730923e-02, 0.000000000000000000e+00, 0.000000000000000000e+00
7.362070974947361457e-02, 0.000000000000000000e+00, 0.000000000000000000e+00
7.744617978025175598e-02, 0.000000000000000000e+00, 0.000000000000000000e+00
8.147042840208371106e-02, 0.000000000000000000e+00, 0.000000000000000000e+00
8.570378452303674399e-02, 0.000000000000000000e+00, 0.000000000000000000e+00
9.015711376059551418e-02, 0.000000000000000000e+00, 0.000000000000000000e+00
9.484184633008958809e-02, 0.000000000000000000e+00, 0.000000000000000000e+00
9.977000638225524964e-02, 0.000000000000000000e+00, 0.000000000000000000e+00
1.049542428652322085e-01, 0.000000000000000000e+00, 0.000000000000000000e+00
1.104078619902073566e-01, 0.000000000000000000e+00, 0.000000000000000000e+00
1.161448613840341398e-01, 0.000000000000000000e+00, 0.000000000000000000e+00
1.221799660164868684e-01, 0.000000000000000000e+00, 0.000000000000000000e+00
1.285286659943612741e-01, 0.000000000000000000e+00, 0.000000000000000000e+00
1.352072563194275101e-01, 0.000000000000000000e+00, 0.000000000000000000e+00
1.422328787122818239e-01, 0.000000000000000000e+00, 0.000000000000000000e+00
1.496235656094432875e-01, 0.000000000000000000e+00, 0.000000000000000000e+00
1.573982864466219878e-01, 0.000000000000000000e+00, 0.000000000000000000e+00
1.655769963469526096e-01, 0.000000000000000000e+00, 0.000000000000000000e+00
1.741806873391609223e-01, 0.000000000000000000e+00, 0.000000000000000000e+00
1.832314422371207341e-01, 0.000000000000000000e+00, 0.000000000000000000e+00
1.927524913190932776e-01, 0.000000000000000000e+00, 0.000000000000000000e+00
2.027682719521279597e-01, 0.000000000000000000e+00, 0.000000000000000000e+00
2.133044913146575072e-01, 0.000000000000000000e+00, 0.000000000000000000e+00
2.243881923782766186e-01, 0.000000000000000000e+00, 0.000000000000000000e+00
2.360478233180573204e-01, 0.000000000000000000e+00, 0.000000000000000000e+00
2.483133105295562693e-01, 0.000000000000000000e+00, 0.000000000000000000e+00
2.612161354399200053e-01, 0.000000000000000000e+00, 0.000000000000000000e+00
2.747894153102391490e-01, 0.000000000000000000e+00, 0.000000000000000000e+00
2.890679882365471687e-01, 0.000000000000000000e+00, 0.000000000000000000e+00
3.040885025676277054e-01, 0.000000000000000000e+00, 0.000000000000000000e+00
3.198895109691397010e-01, 0.000000000000000000e+00, 0.000000000000000000e+00
3.365115693754908155e-01, 0.000000000000000000e+00, 0.000000000000000000e+00
3.539973410834342804e-01, 0.000000000000000000e+00, 0.000000000000000000e+00
3.723917062545675227e-01, 0.000000000000000000e+00, 0.000000000000000000e+00
3.917418771077822437e-01, 0.000000000000000000e+00, 0.000000000000000000e+00
4.120975190973295565e-01, 0.000000000000000000e+00, 0.000000000000000000e+00
4.335108783875284422e-01, 0.000000000000000000e+00, 0.000000000000000000e+00
4.560369159512959736e-01, 0.000000000000000000e+00, 0.000000000000000000e+00
4.797334486366891526e-01, 0.000000000000000000e+00, 0.000000000000000000e+00
5.046612975635276221e-01, 0.000000000000000000e+00, 0.000000000000000000e+00
5.308844442309867961e-01, 0.000000000000000000e+00, 0.000000000000000000e+00
5.584701947368295727e-01, 0.000000000000000000e+00, 0.000000000000000000e+00
5.874893525297757435e-01, 0.000000000000000000e+00, 0.000000000000000000e+00
6.180164001384151895e-01, 0.000000000000000000e+00, 0.000000000000000000e+00
6.501296903430903162e-01, 0.000000000000000000e+00, 0.000000000000000000e+00
6.839116472814292802e-01, 0.000000000000000000e+00, 0.000000000000000000e+00
7.194489780036983362e-01, 0.000000000000000000e+00, 0.000000000000000000e+00
7.568328950209720629e-01, 0.000000000000000000e+00, 0.000000000000000000e+00
7.961593504173167801e-01, 0.000000000000000000e+00, 0.000000000000000000e+00
8.375292821268809362e-01, 0.000000000000000000e+00, 0.000000000000000000e+00
8.810488730080129338e-01, 0.000000000000000000e+00, 0.000000000000000000e+00
9.268298233793484942e-01, 0.000000000000000000e+00, 0.000000000000000000e+00
9.749896377173866702e-01, 0.000000000000000000e+00, 0.000000000000000000e+00
