# Columns: R_MC [pc], P(R_MC) [1/pc], Cross-section weighted P(R_MC) [1/pc]
1.025651926251407861e-11, 9.923014862184433937e+08, 1.610071564937568083e+07
1.078946722229829815e-11, 1.028609201385479212e+09, 1.755707217120958120e+07
1.135010815672316663e-11, 1.075130019185858250e+09, 1.930469020199046284e+07
1.193988104464273125e-11, 1.104614600046573400e+09, 2.086473123238443956e+07
1.256029963694872804e-11, 1.091023924113123894e+09, 2.167886123521811888e+07
1.321295634186573788e-11, 1.112722440488941193e+09, 2.325890277207622677e+07
1.389952631213352601e-11, 1.104840984915109396e+09, 2.429418574491805956e+07
1.462177174456718478e-11, 1.145243537594469070e+09, 2.649113866263062879e+07
1.538154640303035716e-11, 1.177564777495351791e+09, 2.865416770571278036e+07
1.618080037643067682e-11, 1.172049188821808100e+09, 3.000192055909786746e+07
1.702158508394953640e-11, 1.178003904117359161e+09, 3.172124223144023120e+07
1.790605854035294846e-11, 1.209386692260312319e+09, 3.425854332391678542e+07
1.883649089489798225e-11, 1.185495057653053045e+09, 3.532675276341732591e+07
1.981527025805096908e-11, 1.183111115107079506e+09, 3.708768991249579936e+07
2.084490883097288542e-11, 1.226829151369789839e+09, 4.045652976458390802e+07
2.192804935350449494e-11, 1.272287191430895090e+09, 4.413569835570538044e+07
2.306747188720071646e-11, 1.280105142508159399e+09, 4.671440408541207761e+07
2.426610095082419209e-11, 1.287846393688912630e+09, 4.943898852373655885e+07
2.552701302661247069e-11, 1.313808925197072029e+09, 5.305643633025147021e+07
2.685344445658503549e-11, 1.329132416751080275e+09, 5.646437101767403632e+07
2.824879974915704763e-11, 1.323203070763144016e+09, 5.913343944771493226e+07
2.971666031738025020e-11, 1.337415388095606804e+09, 6.287433027442929894e+07
3.126079367123955679e-11, 1.335421584912967443e+09, 6.604286205143574625e+07
3.288516308759833167e-11, 1.365777604743527889e+09, 7.105390349535886943e+07
3.459393778261224212e-11, 1.392752423458324909e+09, 7.622235486355657876e+07
3.639150361272071167e-11, 1.406220965064594746e+09, 8.095851200385354459e+07
3.828247433168220594e-11, 1.428741338722181559e+09, 8.652928113619250059e+07
4.027170343254586841e-11, 1.415091475821891308e+09, 9.015598528519794345e+07
4.236429660495408969e-11, 1.430503756245834112e+09, 9.587373461749908328e+07
4.456562483975033441e-11, 1.431438262951844692e+09, 1.009215445542577952e+08
4.688133821452655254e-11, 1.478755142804500103e+09, 1.096751384431350380e+08
4.931738039549364670e-11, 1.505750857586679935e+09, 1.174804856528788805e+08
5.188000389289609384e-11, 1.500865520518227100e+09, 1.231842322951946408e+08
5.457578610912699557e-11, 1.508796142762549639e+09, 1.302700770798918456e+08
5.741164622073268011e-11, 1.524259709874952793e+09, 1.384439173295479119e+08
6.039486293763794275e-11, 1.533265237908572674e+09, 1.464984549622995257e+08
6.353309318517436562e-11, 1.566132714522608519e+09, 1.574146711017460227e+08
6.683439175686149603e-11, 1.570994893696828604e+09, 1.661086904029181898e+08
7.030723198838341702e-11, 1.613467652048509836e+09, 1.794646136468156874e+08
7.396052750582374558e-11, 1.613265560006421566e+09, 1.887667349461801946e+08
7.780365510398024982e-11, 1.629624602614657402e+09, 2.005895313623614609e+08
8.184647881347885976e-11, 1.647639138612272501e+09, 2.133457211988821328e+08
8.609937521845998927e-11, 1.666258471233281136e+09, 2.269684091510495245e+08
9.057326008981998694e-11, 1.664198841774037123e+09, 2.384676803519636095e+08
9.527961640236521090e-11, 1.669039861294494390e+09, 2.515894091394063830e+08
1.002305238077900488e-10, 1.678493165358122587e+09, 2.661623529576695561e+08
1.054386896391260237e-10, 1.677367080958846092e+09, 2.798057546757916212e+08
1.109174815262403146e-10, 1.677109265709687710e+09, 2.943007971665230989e+08
1.166809617060962959e-10, 1.669509738075484037e+09, 3.081915101232014298e+08
1.227439231158405997e-10, 1.668867217129642248e+09, 3.240822287487875819e+08
1.291219273613533562e-10, 1.658569363389869928e+09, 3.388198771460322738e+08
1.358313446587154174e-10, 1.655225267192081451e+09, 3.557085066164753437e+08
1.428893958511103824e-10, 1.662181886313286543e+09, 3.757661805446258783e+08
1.503141966090024084e-10, 1.647972155883198500e+09, 3.919143088398039937e+08
1.581248039270385857e-10, 1.626670232358074665e+09, 4.069518096935239434e+08
1.663412650370169698e-10, 1.616119725386141539e+09, 4.253234475164803267e+08
1.749846688624654551e-10, 1.589919842087448597e+09, 4.401730757607139349e+08
1.840772001468954491e-10, 1.560515547905044317e+09, 4.544843394832604527e+08
1.936421963946606826e-10, 1.535334682109818459e+09, 4.703883913057805300e+08
2.037042077705718970e-10, 1.497078889194130898e+09, 4.825041731419784427e+08
2.142890601120060623e-10, 1.464082905517284870e+09, 4.963923255268490314e+08
2.254239212152432687e-10, 1.430774913457811832e+09, 5.103097455906527042e+08
2.371373705661655168e-10, 1.389854144154935598e+09, 5.214769211590770483e+08
2.494594726942950709e-10, 1.354091584052726984e+09, 5.344626967934608459e+08
2.624218543384439019e-10, 1.316985685914969921e+09, 5.468322120677369833e+08
2.760577856220344782e-10, 1.272735490364453077e+09, 5.559235285980889797e+08
2.904022654464451017e-10, 1.239927757717602730e+09, 5.697408377258284092e+08
3.054921113215515548e-10, 1.195427787881871462e+09, 5.778413176407686472e+08
3.213660538640321425e-10, 1.155668814174618244e+09, 5.876559523940378428e+08
3.380648362059815113e-10, 1.110342099042140961e+09, 5.939519139189410210e+08
3.556313185689847556e-10, 1.062566684210458994e+09, 5.979373114818929434e+08
3.741105882720528966e-10, 1.022154178870203018e+09, 6.050915758012111187e+08
3.935500754557772142e-10, 9.707913939608740807e+08, 6.045554304615386724e+08
4.139996748197304272e-10, 9.191525107647663355e+08, 6.021484653813083172e+08
4.355118736855688095e-10, 8.708416238881320953e+08, 6.001520351911246777e+08
4.581418867145339649e-10, 8.214461834324787855e+08, 5.955354730919617414e+08
4.819477976251271319e-10, 7.749944878496719599e+08, 5.910631459759142399e+08
5.069907082747033666e-10, 7.332297880167421103e+08, 5.882778091737291813e+08
5.333348954876202279e-10, 6.888857102440344095e+08, 5.814294290942426920e+08
5.610479760324701077e-10, 6.404973697887554169e+08, 5.686892773878954649e+08
5.902010801718442306e-10, 5.960409345275089741e+08, 5.567266863741607666e+08
6.208690342300637909e-10, 5.525084412410484552e+08, 5.428921508923763037e+08
6.531305526474729939e-10, 5.128649166234342456e+08, 5.301353698651363850e+08
6.870684400142317101e-10, 4.711425641994283199e+08, 5.123252369320273399e+08
7.227698036021688210e-10, 4.349989501120330691e+08, 4.976130207208858132e+08
7.603262769401807175e-10, 3.980492795062453747e+08, 4.790170957360214591e+08
7.998342550070276743e-10, 3.660830962197031975e+08, 4.634523024352869987e+08
8.413951416451946904e-10, 3.335205320114018321e+08, 4.441807382025097609e+08
8.851156098308355951e-10, 3.028342410640819669e+08, 4.242819102906177044e+08
9.311078754678309670e-10, 2.758445649449438453e+08, 4.065622037782409787e+08
9.794899854086980821e-10, 2.494009183182917535e+08, 3.867001399069914222e+08
1.030386120441616095e-09, 2.244401648412907422e+08, 3.660928798455865383e+08
1.083926914021204014e-09, 2.021765561414340138e+08, 3.469258565299609303e+08
1.140249787561167319e-09, 1.814853375671260357e+08, 3.276146978047886491e+08
1.199499303149378128e-09, 1.623393382567468584e+08, 3.082920976580026150e+08
1.261827534590670558e-09, 1.445624578113620281e+08, 2.888097190913078785e+08
1.327394457729740273e-09, 1.288516629428403676e+08, 2.708101169787080288e+08
1.396368361055936317e-09, 1.143188073255500495e+08, 2.527621741495568454e+08
1.468926277643866174e-09, 1.007602018362884820e+08, 2.343710583626301885e+08
1.545254439538414134e-09, 8.888605579628756642e+07, 2.175054832065455914e+08
1.625548755750481709e-09, 7.881872174300593138e+07, 2.029031110989434719e+08
1.710015315090286320e-09, 6.939083847340591252e+07, 1.879253548196563721e+08
1.798870915128787322e-09, 6.089375961658196896e+07, 1.734926971872179508e+08
1.892343618644975688e-09, 5.340619540248904377e+07, 1.600761105647582412e+08
1.990673338987188583e-09, 4.676272469402332604e+07, 1.474560302132018805e+08
2.094112455850895670e-09, 4.078831659554859996e+07, 1.353093485094183087e+08
2.202926463053456075e-09, 3.534022007097391784e+07, 1.233366313720214814e+08
2.317394649968475145e-09, 3.065446525254320353e+07, 1.125509040506491065e+08
2.437810818368750009e-09, 2.651254399202094972e+07, 1.024096158619358540e+08
2.564484036517716058e-09, 2.283833109823345393e+07, 9.280888606871087849e+07
2.697739432444920460e-09, 1.970537593719299510e+07, 8.424568007230381668e+07
2.837919028441557893e-09, 1.701983531439768150e+07, 7.655224759834416211e+07
2.985382618917963357e-09, 1.465302825674625859e+07, 6.933806450051099062e+07
3.140508693876216431e-09, 1.256461620854389668e+07, 6.255146044204577804e+07
3.303695410368142213e-09, 1.080325526992945559e+07, 5.658340001728431135e+07
3.475361614432053799e-09, 9.292806390483878553e+06, 5.120706216007339209e+07
3.655947916131246718e-09, 7.978953651204410940e+06, 4.625727029831827432e+07
3.845917820453534961e-09, 6.845307501159698702e+06, 4.175233380929482728e+07
4.045758916974428963e-09, 5.857241958283065818e+06, 3.758698400859332085e+07
4.255984131337434845e-09, 5.011965260043807328e+06, 3.383855551954311877e+07
4.477133041763623226e-09, 4.281355103785920888e+06, 3.041217942344472557e+07
4.709773263969519825e-09, 3.657228106599564198e+06, 2.733279923590414226e+07
4.954501908047895353e-09, 3.131663184702134691e+06, 2.462500262003942207e+07
5.211947111050799924e-09, 2.675106023074026220e+06, 2.213171129298640788e+07
5.482769649208535777e-09, 2.285096138861042447e+06, 1.989092590176980570e+07
5.767664633922509555e-09, 1.951935175062560709e+06, 1.787707249766652659e+07
6.067363295885059185e-09, 1.673422989070412936e+06, 1.612580470966124535e+07
6.382634861905482558e-09, 1.429426452954893932e+06, 1.449327441069837287e+07
6.714288529259509001e-09, 1.220998808607963379e+06, 1.302607523428136669e+07
7.063175542629608811e-09, 1.042955977264436078e+06, 1.170746330603770725e+07
7.430191378967006415e-09, 8.908695790332183242e+05, 1.052239343684185669e+07
7.816278045883292923e-09, 7.609559399881107965e+05, 9.457336749789075926e+06
8.222426499470713005e-09, 6.499832203197013587e+05, 8.500139493278734386e+06
8.649679187756937814e-09, 5.551904613513174700e+05, 7.639877407343397848e+06
9.099132726322508595e-09, 4.742192024933056673e+05, 6.866734255960430950e+06
9.571940712948442686e-09, 4.050544170286895824e+05, 6.171883675007218495e+06
1.006931668851804562e-08, 3.459751087780084345e+05, 5.547398302860640921e+06
1.059253725177287621e-08, 2.955107383440349367e+05, 4.986147593549910001e+06
1.114294533591729230e-08, 2.524055654313538398e+05, 4.481730742416606285e+06
1.172195365548130236e-08, 2.155865025966430840e+05, 4.028388671731948387e+06
1.233104833228909634e-08, 1.841370943918164703e+05, 3.620949361092983279e+06
1.297179270983955861e-08, 1.572743386540545616e+05, 3.254761956558805425e+06
1.364583136588923983e-08, 1.343295166193436016e+05, 2.925649505952313542e+06
1.435489433353654691e-08, 1.172797974745161773e+05, 2.688272497839303222e+06
1.510080154164146180e-08, 1.001690024557131546e+05, 2.416534067850413732e+06
1.588546748597777465e-08, 8.555402914178789069e+04, 2.172302533806170337e+06
1.671090614310706979e-08, 7.307089681600723998e+04, 1.952791482680318877e+06
1.757923613958693077e-08, 6.240871809853297600e+04, 1.755497400330364937e+06
1.849268618978079709e-08, 5.330191080351343408e+04, 1.578169718124257401e+06
1.945360081622663184e-08, 4.552365353551619046e+04, 1.418786918927540770e+06
2.046444636724671542e-08, 3.888016358553986356e+04, 1.275531221334787551e+06
2.152781734724369502e-08, 3.320593792784757534e+04, 1.146769697726835031e+06
2.264644307593057319e-08, 2.835960390577611543e+04, 1.031034745128834504e+06
2.382319469358689039e-08, 2.422039071523640814e+04, 9.270069131656818790e+05
2.506109253032113907e-08, 2.068513763320512589e+04, 8.335002647029724903e+05
2.636331385825381413e-08, 1.766576583404358826e+04, 7.494504970395220444e+05
2.773320104651840969e-08, 1.508700451739756681e+04, 6.738996038618042367e+05
2.917427014001165809e-08, 1.288457759099727809e+04, 6.059873188605259638e+05
3.069021988391154998e-08, 1.100356813648656680e+04, 5.449397699144778308e+05
3.228494121712631338e-08, 9.397085769748120583e+03, 4.900622397628800245e+05
3.396252725904081622e-08, 8.025078573701243840e+03, 4.407303535849844338e+05
3.572728381519288657e-08, 6.853329155406710925e+03, 3.963825566310716677e+05
3.758374042884442742e-08, 5.852620613191505072e+03, 3.565146828296996537e+05
3.953666200681278862e-08, 4.997989381524341297e+03, 3.206731068600164144e+05
4.159106104940218542e-08, 4.268116789898248499e+03, 2.884503106281817891e+05
4.375221051582515913e-08, 3.644797873787464141e+03, 2.594802816623219405e+05
4.602565735813553354e-08, 3.112481546682334738e+03, 2.334339342042718781e+05
4.841723675840988696e-08, 2.657885186607318246e+03, 2.100154685483823123e+05
5.093308710571952695e-08, 2.269663232873702327e+03, 1.889589477700715070e+05
5.357966575133417533e-08, 1.938128818600948307e+03, 1.700256214708125044e+05
5.636376558259543076e-08, 1.655007237632426722e+03, 1.530008075590773369e+05
5.929253245799994260e-08, 1.413230881097780184e+03, 1.376915211020072165e+05
6.237348354824184070e-08, 1.206762879348958450e+03, 1.239242413161588192e+05
6.561452663029043443e-08, 1.030449670561397170e+03, 1.115432432575489511e+05
6.902398038402412175e-08, 8.798877270390941021e+02, 1.004083450538559700e+05
7.261059574351543687e-08, 7.513174862345969132e+02, 9.039368785485740227e+04
7.638357835776907026e-08, 6.415273697030193034e+02, 8.138605999282385164e+04
8.035261221856177783e-08, 5.477754567057955910e+02, 7.328381389771493559e+04
8.452788451602899226e-08, 4.677195979253702944e+02, 6.599552864138777659e+04
8.892011178579481813e-08, 3.993595689224235912e+02, 5.943903341369280679e+04
9.354056741475511679e-08, 3.409871824810435896e+02, 5.354047273343957932e+04
9.840111057611325498e-08, 2.911435816632010756e+02, 4.823345073785480054e+04
1.035142166679343147e-07, 2.485833218827787903e+02, 4.345835585463512689e+04
1.088930093333433319e-07, 2.122423128886754000e+02, 3.916152185845310305e+04
1.145512941445534903e-07, 1.812120961205282015e+02, 3.529475206381254247e+04
1.205035940371795992e-07, 1.547168282272146200e+02, 3.181471447426730811e+04
1.267651865857844781e-07, 1.320940445907524747e+02, 2.868247390941076810e+04
1.333521432163324045e-07, 1.127779085017425160e+02, 2.586300503564748578e+04
1.402813704561957486e-07, 9.628526253713884842e+01, 2.332482891962190843e+04
1.475706533275893077e-07, 8.220355181433278347e+01, 2.103965450500790394e+04
1.552387009958081715e-07, 7.018042108860178985e+01, 1.898203228420334199e+04
1.633051947894334705e-07, 5.991513350989366415e+01, 1.712912266669501332e+04
1.717908387157587761e-07, 5.115074397333498268e+01, 1.546035403429645521e+04
1.807174126010925653e-07, 4.366788217196342003e+01, 1.395724079278432509e+04
1.901078279923299666e-07, 3.727923591617410182e+01, 1.260316493627838099e+04
1.999861869632742842e-07, 3.182484998107646845e+01, 1.138318086411300283e+04
2.103778439766472978e-07, 2.716817927392087739e+01, 1.028386376062884847e+04
2.213094709605636295e-07, 2.319258966598017579e+01, 9.293127158322855394e+03
2.328091257665007940e-07, 1.979850550701050338e+01, 8.400107544496353512e+03
2.449063241844743992e-07, 1.690090832660998998e+01, 7.595037811477903233e+03
2.576321157002572855e-07, 1.442719783220834806e+01, 6.869131055338578335e+03
2.710191631890842058e-07, 1.231538467806688431e+01, 6.214484218922304535e+03
2.851018267503907082e-07, 1.051256055245617205e+01, 5.623999595801619762e+03
2.999162518987646980e-07, 8.973526912095115549e+00, 5.091280879474422363e+03
3.155004623374623941e-07, 7.659702580307628850e+00, 4.610579634048612206e+03
3.318944575526103405e-07, 6.538146879436890657e+00, 4.176724933285487168e+03
3.491403154785858900e-07, 5.580734473774997539e+00, 3.785064487248311252e+03
3.672823004980842474e-07, 4.763451028667914144e+00, 3.431411739803305863e+03
3.863669770540689493e-07, 4.065802245219840572e+00, 3.112006177159466461e+03
4.064433291652127549e-07, 3.470280340151220333e+00, 2.823456543542967665e+03
4.275628861515860074e-07, 2.961941575070689225e+00, 2.562713695629867289e+03
4.497798548932875053e-07, 2.528029056546043485e+00, 2.327034665093598960e+03
4.731512589614802628e-07, 2.157650700023032275e+00, 2.113949814967309976e+03
4.977370849789355307e-07, 1.841508787080055498e+00, 1.921237336186263974e+03
5.236004365857494849e-07, 1.571664326284955671e+00, 1.746895798216065259e+03
5.508076964054029391e-07, 1.341340258964923704e+00, 1.589123797546577634e+03
5.794286964268809173e-07, 1.144752661658742676e+00, 1.446301379943392476e+03
6.095368972401687385e-07, 9.769611120479486654e-01, 1.316966427914428778e+03
6.412095765851608593e-07, 8.337509842083113965e-01, 1.199805939748525361e+03
6.745280276979215670e-07, 7.115220102612258568e-01, 1.093634046566497091e+03
7.095777679633887827e-07, 6.072020504246340433e-01, 9.973842255541842405e+02
7.464487584100661313e-07, 5.181683926454411226e-01, 9.100953234424343918e+02
7.852356346100710336e-07, 4.421824278080084825e-01, 8.309016899303725268e+02
8.260379495771783370e-07, 3.773326962085226666e-01, 7.590222012478172928e+02
8.689604292863010418e-07, 3.219883904322062840e-01, 6.937544332521915749e+02
9.141132414702490036e-07, 2.747568846540726084e-01, 6.344640542885036893e+02
9.616122783836638888e-07, 2.344493584908092232e-01, 5.805788324821062361e+02
1.011579454259898283e-06, 2.000514402203076580e-01, 5.315835935845874474e+02
1.064143018224315170e-06, 1.706971413548807881e-01, 4.870132876819812964e+02
1.119437883467150232e-06, 1.456475974317750499e-01, 4.464492675063506795e+02
1.177605973520806597e-06, 1.242716328643305307e-01, 4.095122267222179175e+02
1.238796586530369050e-06, 1.060309493869116965e-01, 3.758611383996187101e+02
1.303166778452298707e-06, 9.046600747218551397e-02, 3.451879108644291136e+02
1.370881766164852098e-06, 7.718429004365998103e-02, 3.172131776231379945e+02
1.442115351524868011e-06, 6.585126948753101950e-02, 2.916865076151818812e+02
1.517050367459335277e-06, 5.618102331849805092e-02, 2.683799375282540609e+02
1.595879147236730565e-06, 4.792989453977909015e-02, 2.470891441799598454e+02
1.678804018122558985e-06, 4.088969163986224536e-02, 2.276283143449312831e+02
1.766037820686164116e-06, 3.488283566762609422e-02, 2.098299521374889309e+02
1.857804455091697021e-06, 2.975775919205219180e-02, 1.935425027537245342e+02
1.954339455775392327e-06, 2.538504967601878937e-02, 1.786284282879435921e+02
2.055890595984140433e-06, 2.165438090144140848e-02, 1.649640271622877208e+02
2.162718523727020259e-06, 1.847142443255521405e-02, 1.524359564508004894e+02
2.275097430772069504e-06, 1.575594339306654948e-02, 1.409436303799589894e+02
2.393315756405384890e-06, 1.343934245020542498e-02, 1.303950276977917611e+02
2.517676927758854593e-06, 1.146297804656757832e-02, 1.207056499071129991e+02
2.648500138606698363e-06, 9.776965681224526750e-03, 1.118004171683661667e+02
2.786121168629766473e-06, 8.338659762354410504e-03, 1.036104315833285483e+02
2.930893245250318698e-06, 7.111637349788184174e-03, 9.607265626918129442e+01
3.083187950249353467e-06, 6.065000892385995039e-03, 8.913232445038046592e+01
3.243396173493490004e-06, 5.172101900714043410e-03, 8.273565378443149143e+01
3.411929116219281216e-06, 4.410536417208540776e-03, 7.683889316336495767e+01
3.589219346450049739e-06, 3.760907426444580134e-03, 7.139777527555965264e+01
3.775721909254159727e-06, 3.206759421490428495e-03, 6.637344814495283174e+01
3.971915494694400700e-06, 2.734122024479689397e-03, 6.173204262878015669e+01
4.178303666466213542e-06, 2.331010551438259751e-03, 5.744147339743200575e+01
4.395416154378242806e-06, 1.987180960335678450e-03, 5.347195581076101689e+01
4.623810213992598294e-06, 1.693918393460552970e-03, 4.979686659422530681e+01
4.864072056914609241e-06, 1.443833281744683842e-03, 4.639335258148774699e+01
5.116818355403072973e-06, 1.230544455825241567e-03, 4.323825527221039522e+01
5.382697825162881249e-06, 1.048666523440459344e-03, 4.031233840997447260e+01
5.662392890382528157e-06, 8.935450707301653608e-04, 3.759576823876794549e+01
5.956621435290097563e-06, 7.612741244845232106e-04, 3.507294504938174384e+01
6.266138646723349015e-06, 6.484493977883244676e-04, 3.272632553713798131e+01
6.591738952443213146e-06, 5.522302916970923872e-04, 3.054268916842889681e+01
6.934258060165687003e-06, 4.702373337685304775e-04, 2.851284502436991986e+01
7.294575102545679062e-06, 4.003190537652707190e-04, 2.662142249042986819e+01
7.673614893618186056e-06, 3.407050570437735793e-04, 2.485793004205319789e+01
8.072350302488374979e-06, 2.899234584704873594e-04, 2.321590960549343308e+01
8.491804750363126655e-06, 2.466373603861192931e-04, 2.168335940113025373e+01
8.933054837332944550e-06, 2.097292387823200858e-04, 2.025052651078784294e+01
9.397233105646374780e-06, 1.783007993611622477e-04, 1.891383118436329980e+01
9.885530946569380493e-06, 1.514899252924908880e-04, 1.766009973636857211e+01
1.039920165829057908e-05, 1.286823382067615320e-04, 1.649077180983664803e+01
1.093956366272093086e-05, 1.092425364154471447e-04, 1.539398861288426446e+01
1.150800388944435666e-05, 9.268341224054530932e-05, 1.436543611726759195e+01
1.210598133550481593e-05, 7.858934058235294499e-05, 1.340149952744771333e+01
1.273503081016660354e-05, 6.659360314239590856e-05, 1.249701607329066988e+01
1.339676687425934466e-05, 5.636805312261186602e-05, 1.164388002638536612e+01
1.409288798421873337e-05, 4.767926849628420185e-05, 1.084395635392869295e+01
1.482518085145951458e-05, 4.029054897660824726e-05, 1.009144594757168001e+01
1.559552502826952309e-05, 3.401465792580641553e-05, 9.384323059409267032e+00
1.640589773199538679e-05, 2.869236605424909612e-05, 8.721287278479282534e+00
1.725837891990201987e-05, 2.416565528918269447e-05, 8.094261585605543985e+00
1.815515662773133475e-05, 2.033600610727560081e-05, 7.507445686554336639e+00
1.909853258566236888e-05, 1.709876960288692326e-05, 6.958557798276337358e+00
2.009092812608727908e-05, 1.434280507695331728e-05, 6.435657494641594312e+00
2.113489039836645523e-05, 1.202326764395976306e-05, 5.949207930861724059e+00
2.223309890651400654e-05, 1.005343195497907759e-05, 5.486545797642617295e+00
2.338837238659353628e-05, 8.384388979868702247e-06, 5.047441822877708262e+00
2.460367604147624960e-05, 6.984591572660720780e-06, 4.638958111616100943e+00
2.588212915153087737e-05, 5.818382806003410737e-06, 4.264054530418002642e+00
2.722701308077910045e-05, 4.829119125064522611e-06, 3.905603895005947290e+00
2.864177969906579846e-05, 4.003380143501408923e-06, 3.573576839910944880e+00
3.013006024186119008e-05, 3.308250651664820887e-06, 3.259750981255625124e+00
3.169567463043487023e-05, 2.729746308412656819e-06, 2.969404346534393557e+00
3.334264127632347269e-05, 2.244387877950687357e-06, 2.695597293650701776e+00
3.507518739525679514e-05, 1.841894476333441688e-06, 2.442748131667993761e+00
3.689775985701500575e-05, 1.503168252125246201e-06, 2.201522205031092749e+00
3.881503659906478245e-05, 1.227309817803926403e-06, 1.985243892100846841e+00
4.083193863326918895e-05, 9.983233027810989190e-07, 1.783675142101763811e+00
4.295364267648868727e-05, 8.068688883301878037e-07, 1.592469980213953917e+00
4.518559443749217176e-05, 6.530443866336917167e-07, 1.423874698349177237e+00
4.753352259428048591e-05, 5.265805644054941292e-07, 1.268498712774170256e+00
5.000345349769783158e-05, 4.221122754915321140e-07, 1.123525745570050027e+00
5.260172663907057610e-05, 3.361805727117893609e-07, 9.887571640047101429e-01
5.533501092157360027e-05, 2.680218742568658207e-07, 8.711238393462629181e-01
5.821032177708709908e-05, 2.135677706477827498e-07, 7.671269045008698440e-01
6.123503917247733364e-05, 1.685589692910577401e-07, 6.691647452086103565e-01
6.441692655151768125e-05, 1.323686379531565859e-07, 5.808212616976474729e-01
6.776415076106743183e-05, 1.045361985757562669e-07, 5.070206121888011230e-01
7.128530301265190909e-05, 8.230632376980154491e-08, 4.412835263803166486e-01
7.498942093324550431e-05, 6.244888015280832407e-08, 3.701329225823175584e-01
7.888601176185532765e-05, 4.813310933373289692e-08, 3.153896183484025117e-01
8.298507675144217602e-05, 3.663396532323173100e-08, 2.653863894325368955e-01
8.729713683881113037e-05, 2.780169940521239909e-08, 2.226779081630592405e-01
9.183325964835800334e-05, 2.066656009140227753e-08, 1.830222736189746346e-01
9.660508789898121246e-05, 1.564952952930236539e-08, 1.532445308463048494e-01
1.016248692870694932e-04, 1.199337556825993760e-08, 1.298644269996789835e-01
1.069054879222656676e-04, 9.003931485058794184e-09, 1.078108146499021508e-01
1.124604973966924549e-04, 6.813668909416576288e-09, 9.022109013194828941e-02
1.183041555725163470e-04, 5.417276632107600586e-09, 7.932676256429396777e-02
1.244514611771384207e-04, 4.106283025264313304e-09, 6.649872746635240861e-02
1.309181922999405612e-04, 3.012565973034997330e-09, 5.395604963571443841e-02
1.377209468893944241e-04, 2.267721058038594986e-09, 4.492055122660972011e-02
1.448771853544760326e-04, 1.869627884923396740e-09, 4.096138293535193237e-02
1.524052753797290724e-04, 1.351213410631787132e-09, 3.274303329982182487e-02
1.603245390690039994e-04, 1.009929476229024214e-09, 2.706901917872791413e-02
1.686553025388738941e-04, 7.815862083850573000e-10, 2.317156230458358029e-02
1.774189480890164621e-04, 5.906146069934833872e-10, 1.936821114980969566e-02
1.866379690834667616e-04, 4.782248067581669432e-10, 1.734737572058723046e-02
1.963360276836043495e-04, 3.856524088078611387e-10, 1.547473030831094006e-02
2.065380155810527039e-04, 3.286343257033464686e-10, 1.458726529613301424e-02
2.172701178863743125e-04, 2.800295401864414249e-10, 1.375013201173251251e-02
2.285598803375427502e-04, 2.191115794061849915e-10, 1.190195106255468108e-02
2.404362800006929737e-04, 1.867029181733754828e-10, 1.121918004982469345e-02
2.529297996446142408e-04, 1.590822186619209985e-10, 1.057537662404978325e-02
2.660725059798808335e-04, 1.355452373983346369e-10, 9.968488840415888966e-03
2.798981319634359969e-04, 9.987853084431191050e-11, 8.126329242531243197e-03
2.944421633798757201e-04, 8.510109946081419283e-11, 7.660210020200995153e-03
3.097419299216577857e-04, 7.250745140701301736e-11, 7.220663758586727717e-03
3.258367010020083690e-04, 6.177522708435017563e-11, 6.806177417447281663e-03
3.427677865464497770e-04, 5.262960329402907805e-11, 6.415324604533779833e-03
3.605786430216419711e-04, 4.483629000828546853e-11, 6.046760532326385211e-03
3.793149849736817260e-04, 3.819555796962399822e-11, 5.699217277823359282e-03
3.990249023621416529e-04, 3.253714551109533058e-11, 5.371499326091759563e-03
4.197589839910068955e-04, 2.771591527237272958e-11, 5.062479379806267971e-03
4.415704473533120706e-04, 2.360815049313042820e-11, 4.771094418057754243e-03
4.645152752227491933e-04, 2.011082102711560521e-11, 4.496884062680246881e-03
4.886523593428331686e-04, 1.712885392328319947e-11, 4.237792521682004661e-03
5.140436515824254367e-04, 1.458844811801051752e-11, 3.993497773138017515e-03
5.407543229455804949e-04, 1.242430021903507540e-11, 3.763158899469452000e-03
5.688529308438407088e-04, 1.058075346976295325e-11, 3.545982785505237284e-03
5.984115950603185932e-04, 9.011519696469214881e-12, 3.341646122206707193e-03
6.295061828571967780e-04, 7.673722908440783413e-12, 3.148572983679056268e-03
6.622165037017614837e-04, 0.000000000000000000e+00, 0.000000000000000000e+00
6.966265141107679491e-04, 0.000000000000000000e+00, 0.000000000000000000e+00
7.328245331389029006e-04, 0.000000000000000000e+00, 0.000000000000000000e+00
7.709034690644293083e-04, 0.000000000000000000e+00, 0.000000000000000000e+00
8.109610578538404418e-04, 0.000000000000000000e+00, 0.000000000000000000e+00
8.531001140175886385e-04, 0.000000000000000000e+00, 0.000000000000000000e+00
8.974287945007472294e-04, 0.000000000000000000e+00, 0.000000000000000000e+00
9.440608762859225515e-04, 0.000000000000000000e+00, 0.000000000000000000e+00
9.931160484209324620e-04, 0.000000000000000000e+00, 0.000000000000000000e+00
1.044720219220798265e-03, 0.000000000000000000e+00, 0.000000000000000000e+00
1.099005839432519709e-03, 0.000000000000000000e+00, 0.000000000000000000e+00
1.156112242192098129e-03, 0.000000000000000000e+00, 0.000000000000000000e+00
1.216186000646367902e-03, 0.000000000000000000e+00, 0.000000000000000000e+00
1.279381304157525346e-03, 0.000000000000000000e+00, 0.000000000000000000e+00
1.345860354055946825e-03, 0.000000000000000000e+00, 0.000000000000000000e+00
1.415793779957078133e-03, 0.000000000000000000e+00, 0.000000000000000000e+00
1.489361077710912385e-03, 0.000000000000000000e+00, 0.000000000000000000e+00
1.566751070108147060e-03, 0.000000000000000000e+00, 0.000000000000000000e+00
1.648162391525506785e-03, 0.000000000000000000e+00, 0.000000000000000000e+00
1.733803997754137464e-03, 0.000000000000000000e+00, 0.000000000000000000e+00
1.823895702319638500e-03, 0.000000000000000000e+00, 0.000000000000000000e+00
1.918668740670287148e-03, 0.000000000000000000e+00, 0.000000000000000000e+00
2.018366363681555527e-03, 0.000000000000000000e+00, 0.000000000000000000e+00
2.123244462000214820e-03, 0.000000000000000000e+00, 0.000000000000000000e+00
2.233572222830528409e-03, 0.000000000000000000e+00, 0.000000000000000000e+00
2.349632820848305062e-03, 0.000000000000000000e+00, 0.000000000000000000e+00
2.471724145016129109e-03, 0.000000000000000000e+00, 0.000000000000000000e+00
2.600159563165272119e-03, 0.000000000000000000e+00, 0.000000000000000000e+00
2.735268726306713891e-03, 0.000000000000000000e+00, 0.000000000000000000e+00
2.877398414735666578e-03, 0.000000000000000000e+00, 0.000000000000000000e+00
3.026913428101298334e-03, 0.000000000000000000e+00, 0.000000000000000000e+00
3.184197521726119060e-03, 0.000000000000000000e+00, 0.000000000000000000e+00
3.349654391578272498e-03, 0.000000000000000000e+00, 0.000000000000000000e+00
3.523708710424869068e-03, 0.000000000000000000e+00, 0.000000000000000000e+00
3.706807217825759931e-03, 0.000000000000000000e+00, 0.000000000000000000e+00
3.899419866765435790e-03, 0.000000000000000000e+00, 0.000000000000000000e+00
4.102041029866064330e-03, 0.000000000000000000e+00, 0.000000000000000000e+00
4.315190768277641156e-03, 0.000000000000000000e+00, 0.000000000000000000e+00
4.539416166502023217e-03, 0.000000000000000000e+00, 0.000000000000000000e+00
4.775292736576902328e-03, 0.000000000000000000e+00, 0.000000000000000000e+00
5.023425895223866157e-03, 0.000000000000000000e+00, 0.000000000000000000e+00
5.284452517751802615e-03, 0.000000000000000000e+00, 0.000000000000000000e+00
5.559042572704037122e-03, 0.000000000000000000e+00, 0.000000000000000000e+00
5.847900841444799748e-03, 0.000000000000000000e+00, 0.000000000000000000e+00
6.151768727098664430e-03, 0.000000000000000000e+00, 0.000000000000000000e+00
6.471426157485817530e-03, 0.000000000000000000e+00, 0.000000000000000000e+00
6.807693586937403271e-03, 0.000000000000000000e+00, 0.000000000000000000e+00
7.161434102129013088e-03, 0.000000000000000000e+00, 0.000000000000000000e+00
7.533555637337169958e-03, 0.000000000000000000e+00, 0.000000000000000000e+00
7.925013304804717773e-03, 0.000000000000000000e+00, 0.000000000000000000e+00
8.336811846196331283e-03, 0.000000000000000000e+00, 0.000000000000000000e+00
8.770008211436322587e-03, 0.000000000000000000e+00, 0.000000000000000000e+00
9.225714271547610229e-03, 0.000000000000000000e+00, 0.000000000000000000e+00
9.705099672454878257e-03, 0.000000000000000000e+00, 0.000000000000000000e+00
1.020939483707678647e-02, 0.000000000000000000e+00, 0.000000000000000000e+00
1.073989412341243982e-02, 0.000000000000000000e+00, 0.000000000000000000e+00
1.129795914672797677e-02, 0.000000000000000000e+00, 0.000000000000000000e+00
1.188502227437018832e-02, 0.000000000000000000e+00, 0.000000000000000000e+00
1.250259030217718698e-02, 0.000000000000000000e+00, 0.000000000000000000e+00
1.315224832192234822e-02, 0.000000000000000000e+00, 0.000000000000000000e+00
1.383566378971778053e-02, 0.000000000000000000e+00, 0.000000000000000000e+00
1.455459080581963938e-02, 0.000000000000000000e+00, 0.000000000000000000e+00
1.531087461682028965e-02, 0.000000000000000000e+00, 0.000000000000000000e+00
1.610645635178269836e-02, 0.000000000000000000e+00, 0.000000000000000000e+00
1.694337800447328832e-02, 0.000000000000000000e+00, 0.000000000000000000e+00
1.782378767448087112e-02, 0.000000000000000000e+00, 0.000000000000000000e+00
1.874994508067413454e-02, 0.000000000000000000e+00, 0.000000000000000000e+00
1.972422736114849348e-02, 0.000000000000000000e+00, 0.000000000000000000e+00
2.074913517454906459e-02, 0.000000000000000000e+00, 0.000000000000000000e+00
2.182729911842998943e-02, 0.000000000000000000e+00, 0.000000000000000000e+00
2.296148648112360593e-02, 0.000000000000000000e+00, 0.000000000000000000e+00
2.415460834444940405e-02, 0.000000000000000000e+00, 0.000000000000000000e+00
2.540972705549301297e-02, 0.000000000000000000e+00, 0.000000000000000000e+00
2.673006408663303191e-02, 0.000000000000000000e+00, 0.000000000000000000e+00
2.811900830398933807e-02, 0.000000000000000000e+00, 0.000000000000000000e+00
2.958012466551540251e-02, 0.000000000000000000e+00, 0.000000000000000000e+00
3.111716337106013724e-02, 0.000000000000000000e+00, 0.000000000000000000e+00
3.273406948788379345e-02, 0.000000000000000000e+00, 0.000000000000000000e+00
3.443499307633384604e-02, 0.000000000000000000e+00, 0.000000000000000000e+00
3.622429984166987416e-02, 0.000000000000000000e+00, 0.000000000000000000e+00
3.810658233937726236e-02, 0.000000000000000000e+00, 0.000000000000000000e+00
4.008667176273017496e-02, 0.000000000000000000e+00, 0.000000000000000000e+00
4.216965034285814068e-02, 0.000000000000000000e+00, 0.000000000000000000e+00
4.436086439314318453e-02, 0.000000000000000000e+00, 0.000000000000000000e+00
4.666593803142881497e-02, 0.000000000000000000e+00, 0.000000000000000000e+00
4.909078761526029094e-02, 0.000000000000000000e+00, 0.000000000000000000e+00
5.164163692720710741e-02, 0.000000000000000000e+00, 0.000000000000000000e+00
5.432503314924325144e-02, 0.000000000000000000e+00, 0.000000000000000000e+00
5.714786366718654226e-02, 0.000000000000000000e+00, 0.000000000000000000e+00
6.011737374832767239e-02, 0.000000000000000000e+00, 0.000000000000000000e+00
6.324118513762183591e-02, 0.000000000000000000e+00, 0.000000000000000000e+00
6.652731562017405453e-02, 0.000000000000000000e+00, 0.000000000000000000e+00
6.998419960022730923e-02, 0.000000000000000000e+00, 0.000000000000000000e+00
7.362070974947361457e-02, 0.000000000000000000e+00, 0.000000000000000000e+00
7.744617978025175598e-02, 0.000000000000000000e+00, 0.000000000000000000e+00
8.147042840208371106e-02, 0.000000000000000000e+00, 0.000000000000000000e+00
8.570378452303674399e-02, 0.000000000000000000e+00, 0.000000000000000000e+00
9.015711376059551418e-02, 0.000000000000000000e+00, 0.000000000000000000e+00
9.484184633008958809e-02, 0.000000000000000000e+00, 0.000000000000000000e+00
9.977000638225524964e-02, 0.000000000000000000e+00, 0.000000000000000000e+00
1.049542428652322085e-01, 0.000000000000000000e+00, 0.000000000000000000e+00
1.104078619902073566e-01, 0.000000000000000000e+00, 0.000000000000000000e+00
1.161448613840341398e-01, 0.000000000000000000e+00, 0.000000000000000000e+00
1.221799660164868684e-01, 0.000000000000000000e+00, 0.000000000000000000e+00
1.285286659943612741e-01, 0.000000000000000000e+00, 0.000000000000000000e+00
1.352072563194275101e-01, 0.000000000000000000e+00, 0.000000000000000000e+00
1.422328787122818239e-01, 0.000000000000000000e+00, 0.000000000000000000e+00
1.496235656094432875e-01, 0.000000000000000000e+00, 0.000000000000000000e+00
1.573982864466219878e-01, 0.000000000000000000e+00, 0.000000000000000000e+00
1.655769963469526096e-01, 0.000000000000000000e+00, 0.000000000000000000e+00
1.741806873391609223e-01, 0.000000000000000000e+00, 0.000000000000000000e+00
1.832314422371207341e-01, 0.000000000000000000e+00, 0.000000000000000000e+00
1.927524913190932776e-01, 0.000000000000000000e+00, 0.000000000000000000e+00
2.027682719521279597e-01, 0.000000000000000000e+00, 0.000000000000000000e+00
2.133044913146575072e-01, 0.000000000000000000e+00, 0.000000000000000000e+00
2.243881923782766186e-01, 0.000000000000000000e+00, 0.000000000000000000e+00
2.360478233180573204e-01, 0.000000000000000000e+00, 0.000000000000000000e+00
2.483133105295562693e-01, 0.000000000000000000e+00, 0.000000000000000000e+00
2.612161354399200053e-01, 0.000000000000000000e+00, 0.000000000000000000e+00
2.747894153102391490e-01, 0.000000000000000000e+00, 0.000000000000000000e+00
2.890679882365471687e-01, 0.000000000000000000e+00, 0.000000000000000000e+00
3.040885025676277054e-01, 0.000000000000000000e+00, 0.000000000000000000e+00
3.198895109691397010e-01, 0.000000000000000000e+00, 0.000000000000000000e+00
3.365115693754908155e-01, 0.000000000000000000e+00, 0.000000000000000000e+00
3.539973410834342804e-01, 0.000000000000000000e+00, 0.000000000000000000e+00
3.723917062545675227e-01, 0.000000000000000000e+00, 0.000000000000000000e+00
3.917418771077822437e-01, 0.000000000000000000e+00, 0.000000000000000000e+00
4.120975190973295565e-01, 0.000000000000000000e+00, 0.000000000000000000e+00
4.335108783875284422e-01, 0.000000000000000000e+00, 0.000000000000000000e+00
4.560369159512959736e-01, 0.000000000000000000e+00, 0.000000000000000000e+00
4.797334486366891526e-01, 0.000000000000000000e+00, 0.000000000000000000e+00
5.046612975635276221e-01, 0.000000000000000000e+00, 0.000000000000000000e+00
5.308844442309867961e-01, 0.000000000000000000e+00, 0.000000000000000000e+00
5.584701947368295727e-01, 0.000000000000000000e+00, 0.000000000000000000e+00
5.874893525297757435e-01, 0.000000000000000000e+00, 0.000000000000000000e+00
6.180164001384151895e-01, 0.000000000000000000e+00, 0.000000000000000000e+00
6.501296903430903162e-01, 0.000000000000000000e+00, 0.000000000000000000e+00
6.839116472814292802e-01, 0.000000000000000000e+00, 0.000000000000000000e+00
7.194489780036983362e-01, 0.000000000000000000e+00, 0.000000000000000000e+00
7.568328950209720629e-01, 0.000000000000000000e+00, 0.000000000000000000e+00
7.961593504173167801e-01, 0.000000000000000000e+00, 0.000000000000000000e+00
8.375292821268809362e-01, 0.000000000000000000e+00, 0.000000000000000000e+00
8.810488730080129338e-01, 0.000000000000000000e+00, 0.000000000000000000e+00
9.268298233793484942e-01, 0.000000000000000000e+00, 0.000000000000000000e+00
9.749896377173866702e-01, 0.000000000000000000e+00, 0.000000000000000000e+00
