# Columns: R_MC [pc], P(R_MC) [1/pc], Cross-section weighted P(R_MC) [1/pc]
1.025651926251407861e-11, 0.000000000000000000e+00, 0.000000000000000000e+00
1.078946722229829815e-11, 0.000000000000000000e+00, 0.000000000000000000e+00
1.135010815672316663e-11, 0.000000000000000000e+00, 0.000000000000000000e+00
1.193988104464273125e-11, 0.000000000000000000e+00, 0.000000000000000000e+00
1.256029963694872804e-11, 0.000000000000000000e+00, 0.000000000000000000e+00
1.321295634186573788e-11, 0.000000000000000000e+00, 0.000000000000000000e+00
1.389952631213352601e-11, 0.000000000000000000e+00, 0.000000000000000000e+00
1.462177174456718478e-11, 0.000000000000000000e+00, 0.000000000000000000e+00
1.538154640303035716e-11, 0.000000000000000000e+00, 0.000000000000000000e+00
1.618080037643067682e-11, 0.000000000000000000e+00, 0.000000000000000000e+00
1.702158508394953640e-11, 0.000000000000000000e+00, 0.000000000000000000e+00
1.790605854035294846e-11, 0.000000000000000000e+00, 0.000000000000000000e+00
1.883649089489798225e-11, 0.000000000000000000e+00, 0.000000000000000000e+00
1.981527025805096908e-11, 0.000000000000000000e+00, 0.000000000000000000e+00
2.084490883097288542e-11, 0.000000000000000000e+00, 0.000000000000000000e+00
2.192804935350449494e-11, 0.000000000000000000e+00, 0.000000000000000000e+00
2.306747188720071646e-11, 0.000000000000000000e+00, 0.000000000000000000e+00
2.426610095082419209e-11, 0.000000000000000000e+00, 0.000000000000000000e+00
2.552701302661247069e-11, 0.000000000000000000e+00, 0.000000000000000000e+00
2.685344445658503549e-11, 0.000000000000000000e+00, 0.000000000000000000e+00
2.824879974915704763e-11, 0.000000000000000000e+00, 0.000000000000000000e+00
2.971666031738025020e-11, 0.000000000000000000e+00, 0.000000000000000000e+00
3.126079367123955679e-11, 0.000000000000000000e+00, 0.000000000000000000e+00
3.288516308759833167e-11, 0.000000000000000000e+00, 0.000000000000000000e+00
3.459393778261224212e-11, 0.000000000000000000e+00, 0.000000000000000000e+00
3.639150361272071167e-11, 0.000000000000000000e+00, 0.000000000000000000e+00
3.828247433168220594e-11, 0.000000000000000000e+00, 0.000000000000000000e+00
4.027170343254586841e-11, 0.000000000000000000e+00, 0.000000000000000000e+00
4.236429660495408969e-11, 0.000000000000000000e+00, 0.000000000000000000e+00
4.456562483975033441e-11, 0.000000000000000000e+00, 0.000000000000000000e+00
4.688133821452655254e-11, 0.000000000000000000e+00, 0.000000000000000000e+00
4.931738039549364670e-11, 0.000000000000000000e+00, 0.000000000000000000e+00
5.188000389289609384e-11, 0.000000000000000000e+00, 0.000000000000000000e+00
5.457578610912699557e-11, 0.000000000000000000e+00, 0.000000000000000000e+00
5.741164622073268011e-11, 0.000000000000000000e+00, 0.000000000000000000e+00
6.039486293763794275e-11, 0.000000000000000000e+00, 0.000000000000000000e+00
6.353309318517436562e-11, 0.000000000000000000e+00, 0.000000000000000000e+00
6.683439175686149603e-11, 0.000000000000000000e+00, 0.000000000000000000e+00
7.030723198838341702e-11, 0.000000000000000000e+00, 0.000000000000000000e+00
7.396052750582374558e-11, 0.000000000000000000e+00, 0.000000000000000000e+00
7.780365510398024982e-11, 0.000000000000000000e+00, 0.000000000000000000e+00
8.184647881347885976e-11, 0.000000000000000000e+00, 0.000000000000000000e+00
8.609937521845998927e-11, 0.000000000000000000e+00, 0.000000000000000000e+00
9.057326008981998694e-11, 0.000000000000000000e+00, 0.000000000000000000e+00
9.527961640236521090e-11, 0.000000000000000000e+00, 0.000000000000000000e+00
1.002305238077900488e-10, 0.000000000000000000e+00, 0.000000000000000000e+00
1.054386896391260237e-10, 0.000000000000000000e+00, 0.000000000000000000e+00
1.109174815262403146e-10, 0.000000000000000000e+00, 0.000000000000000000e+00
1.166809617060962959e-10, 0.000000000000000000e+00, 0.000000000000000000e+00
1.227439231158405997e-10, 0.000000000000000000e+00, 0.000000000000000000e+00
1.291219273613533562e-10, 0.000000000000000000e+00, 0.000000000000000000e+00
1.358313446587154174e-10, 0.000000000000000000e+00, 0.000000000000000000e+00
1.428893958511103824e-10, 0.000000000000000000e+00, 0.000000000000000000e+00
1.503141966090024084e-10, 0.000000000000000000e+00, 0.000000000000000000e+00
1.581248039270385857e-10, 0.000000000000000000e+00, 0.000000000000000000e+00
1.663412650370169698e-10, 0.000000000000000000e+00, 0.000000000000000000e+00
1.749846688624654551e-10, 0.000000000000000000e+00, 0.000000000000000000e+00
1.840772001468954491e-10, 0.000000000000000000e+00, 0.000000000000000000e+00
1.936421963946606826e-10, 0.000000000000000000e+00, 0.000000000000000000e+00
2.037042077705718970e-10, 0.000000000000000000e+00, 0.000000000000000000e+00
2.142890601120060623e-10, 0.000000000000000000e+00, 0.000000000000000000e+00
2.254239212152432687e-10, 0.000000000000000000e+00, 0.000000000000000000e+00
2.371373705661655168e-10, 0.000000000000000000e+00, 0.000000000000000000e+00
2.494594726942950709e-10, 0.000000000000000000e+00, 0.000000000000000000e+00
2.624218543384439019e-10, 0.000000000000000000e+00, 0.000000000000000000e+00
2.760577856220344782e-10, 0.000000000000000000e+00, 0.000000000000000000e+00
2.904022654464451017e-10, 0.000000000000000000e+00, 0.000000000000000000e+00
3.054921113215515548e-10, 0.000000000000000000e+00, 0.000000000000000000e+00
3.213660538640321425e-10, 0.000000000000000000e+00, 0.000000000000000000e+00
3.380648362059815113e-10, 0.000000000000000000e+00, 0.000000000000000000e+00
3.556313185689847556e-10, 0.000000000000000000e+00, 0.000000000000000000e+00
3.741105882720528966e-10, 0.000000000000000000e+00, 0.000000000000000000e+00
3.935500754557772142e-10, 0.000000000000000000e+00, 0.000000000000000000e+00
4.139996748197304272e-10, 0.000000000000000000e+00, 0.000000000000000000e+00
4.355118736855688095e-10, 0.000000000000000000e+00, 0.000000000000000000e+00
4.581418867145339649e-10, 0.000000000000000000e+00, 0.000000000000000000e+00
4.819477976251271319e-10, 0.000000000000000000e+00, 0.000000000000000000e+00
5.069907082747033666e-10, 0.000000000000000000e+00, 0.000000000000000000e+00
5.333348954876202279e-10, 0.000000000000000000e+00, 0.000000000000000000e+00
5.610479760324701077e-10, 0.000000000000000000e+00, 0.000000000000000000e+00
5.902010801718442306e-10, 0.000000000000000000e+00, 0.000000000000000000e+00
6.208690342300637909e-10, 0.000000000000000000e+00, 0.000000000000000000e+00
6.531305526474729939e-10, 0.000000000000000000e+00, 0.000000000000000000e+00
6.870684400142317101e-10, 0.000000000000000000e+00, 0.000000000000000000e+00
7.227698036021688210e-10, 0.000000000000000000e+00, 0.000000000000000000e+00
7.603262769401807175e-10, 0.000000000000000000e+00, 0.000000000000000000e+00
7.998342550070276743e-10, 0.000000000000000000e+00, 0.000000000000000000e+00
8.413951416451946904e-10, 0.000000000000000000e+00, 0.000000000000000000e+00
8.851156098308355951e-10, 0.000000000000000000e+00, 0.000000000000000000e+00
9.311078754678309670e-10, 0.000000000000000000e+00, 0.000000000000000000e+00
9.794899854086980821e-10, 0.000000000000000000e+00, 0.000000000000000000e+00
1.030386120441616095e-09, 0.000000000000000000e+00, 0.000000000000000000e+00
1.083926914021204014e-09, 0.000000000000000000e+00, 0.000000000000000000e+00
1.140249787561167319e-09, 0.000000000000000000e+00, 0.000000000000000000e+00
1.199499303149378128e-09, 0.000000000000000000e+00, 0.000000000000000000e+00
1.261827534590670558e-09, 0.000000000000000000e+00, 0.000000000000000000e+00
1.327394457729740273e-09, 0.000000000000000000e+00, 0.000000000000000000e+00
1.396368361055936317e-09, 0.000000000000000000e+00, 0.000000000000000000e+00
1.468926277643866174e-09, 0.000000000000000000e+00, 0.000000000000000000e+00
1.545254439538414134e-09, 0.000000000000000000e+00, 0.000000000000000000e+00
1.625548755750481709e-09, 0.000000000000000000e+00, 0.000000000000000000e+00
1.710015315090286320e-09, 0.000000000000000000e+00, 0.000000000000000000e+00
1.798870915128787322e-09, 0.000000000000000000e+00, 0.000000000000000000e+00
1.892343618644975688e-09, 0.000000000000000000e+00, 0.000000000000000000e+00
1.990673338987188583e-09, 0.000000000000000000e+00, 0.000000000000000000e+00
2.094112455850895670e-09, 0.000000000000000000e+00, 0.000000000000000000e+00
2.202926463053456075e-09, 0.000000000000000000e+00, 0.000000000000000000e+00
2.317394649968475145e-09, 0.000000000000000000e+00, 0.000000000000000000e+00
2.437810818368750009e-09, 0.000000000000000000e+00, 0.000000000000000000e+00
2.564484036517716058e-09, 0.000000000000000000e+00, 0.000000000000000000e+00
2.697739432444920460e-09, 0.000000000000000000e+00, 0.000000000000000000e+00
2.837919028441557893e-09, 0.000000000000000000e+00, 0.000000000000000000e+00
2.985382618917963357e-09, 0.000000000000000000e+00, 0.000000000000000000e+00
3.140508693876216431e-09, 0.000000000000000000e+00, 0.000000000000000000e+00
3.303695410368142213e-09, 0.000000000000000000e+00, 0.000000000000000000e+00
3.475361614432053799e-09, 0.000000000000000000e+00, 0.000000000000000000e+00
3.655947916131246718e-09, 0.000000000000000000e+00, 0.000000000000000000e+00
3.845917820453534961e-09, 0.000000000000000000e+00, 0.000000000000000000e+00
4.045758916974428963e-09, 0.000000000000000000e+00, 0.000000000000000000e+00
4.255984131337434845e-09, 0.000000000000000000e+00, 0.000000000000000000e+00
4.477133041763623226e-09, 0.000000000000000000e+00, 0.000000000000000000e+00
4.709773263969519825e-09, 0.000000000000000000e+00, 0.000000000000000000e+00
4.954501908047895353e-09, 0.000000000000000000e+00, 0.000000000000000000e+00
5.211947111050799924e-09, 0.000000000000000000e+00, 0.000000000000000000e+00
5.482769649208535777e-09, 0.000000000000000000e+00, 0.000000000000000000e+00
5.767664633922509555e-09, 0.000000000000000000e+00, 0.000000000000000000e+00
6.067363295885059185e-09, 0.000000000000000000e+00, 0.000000000000000000e+00
6.382634861905482558e-09, 0.000000000000000000e+00, 0.000000000000000000e+00
6.714288529259509001e-09, 0.000000000000000000e+00, 0.000000000000000000e+00
7.063175542629608811e-09, 0.000000000000000000e+00, 0.000000000000000000e+00
7.430191378967006415e-09, 0.000000000000000000e+00, 0.000000000000000000e+00
7.816278045883292923e-09, 0.000000000000000000e+00, 0.000000000000000000e+00
8.222426499470713005e-09, 0.000000000000000000e+00, 0.000000000000000000e+00
8.649679187756937814e-09, 0.000000000000000000e+00, 0.000000000000000000e+00
9.099132726322508595e-09, 0.000000000000000000e+00, 0.000000000000000000e+00
9.571940712948442686e-09, 0.000000000000000000e+00, 0.000000000000000000e+00
1.006931668851804562e-08, 0.000000000000000000e+00, 0.000000000000000000e+00
1.059253725177287621e-08, 0.000000000000000000e+00, 0.000000000000000000e+00
1.114294533591729230e-08, 0.000000000000000000e+00, 0.000000000000000000e+00
1.172195365548130236e-08, 0.000000000000000000e+00, 0.000000000000000000e+00
1.233104833228909634e-08, 0.000000000000000000e+00, 0.000000000000000000e+00
1.297179270983955861e-08, 0.000000000000000000e+00, 0.000000000000000000e+00
1.364583136588923983e-08, 0.000000000000000000e+00, 0.000000000000000000e+00
1.435489433353654691e-08, 0.000000000000000000e+00, 0.000000000000000000e+00
1.510080154164146180e-08, 0.000000000000000000e+00, 0.000000000000000000e+00
1.588546748597777465e-08, 0.000000000000000000e+00, 0.000000000000000000e+00
1.671090614310706979e-08, 0.000000000000000000e+00, 0.000000000000000000e+00
1.757923613958693077e-08, 0.000000000000000000e+00, 0.000000000000000000e+00
1.849268618978079709e-08, 0.000000000000000000e+00, 0.000000000000000000e+00
1.945360081622663184e-08, 0.000000000000000000e+00, 0.000000000000000000e+00
2.046444636724671542e-08, 0.000000000000000000e+00, 0.000000000000000000e+00
2.152781734724369502e-08, 0.000000000000000000e+00, 0.000000000000000000e+00
2.264644307593057319e-08, 0.000000000000000000e+00, 0.000000000000000000e+00
2.382319469358689039e-08, 0.000000000000000000e+00, 0.000000000000000000e+00
2.506109253032113907e-08, 0.000000000000000000e+00, 0.000000000000000000e+00
2.636331385825381413e-08, 0.000000000000000000e+00, 0.000000000000000000e+00
2.773320104651840969e-08, 0.000000000000000000e+00, 0.000000000000000000e+00
2.917427014001165809e-08, 0.000000000000000000e+00, 0.000000000000000000e+00
3.069021988391154998e-08, 0.000000000000000000e+00, 0.000000000000000000e+00
3.228494121712631338e-08, 0.000000000000000000e+00, 0.000000000000000000e+00
3.396252725904081622e-08, 0.000000000000000000e+00, 0.000000000000000000e+00
3.572728381519288657e-08, 0.000000000000000000e+00, 0.000000000000000000e+00
3.758374042884442742e-08, 0.000000000000000000e+00, 0.000000000000000000e+00
3.953666200681278862e-08, 0.000000000000000000e+00, 0.000000000000000000e+00
4.159106104940218542e-08, 0.000000000000000000e+00, 0.000000000000000000e+00
4.375221051582515913e-08, 0.000000000000000000e+00, 0.000000000000000000e+00
4.602565735813553354e-08, 0.000000000000000000e+00, 0.000000000000000000e+00
4.841723675840988696e-08, 0.000000000000000000e+00, 0.000000000000000000e+00
5.093308710571952695e-08, 0.000000000000000000e+00, 0.000000000000000000e+00
5.357966575133417533e-08, 0.000000000000000000e+00, 0.000000000000000000e+00
5.636376558259543076e-08, 0.000000000000000000e+00, 0.000000000000000000e+00
5.929253245799994260e-08, 0.000000000000000000e+00, 0.000000000000000000e+00
6.237348354824184070e-08, 0.000000000000000000e+00, 0.000000000000000000e+00
6.561452663029043443e-08, 0.000000000000000000e+00, 0.000000000000000000e+00
6.902398038402412175e-08, 0.000000000000000000e+00, 0.000000000000000000e+00
7.261059574351543687e-08, 0.000000000000000000e+00, 0.000000000000000000e+00
7.638357835776907026e-08, 0.000000000000000000e+00, 0.000000000000000000e+00
8.035261221856177783e-08, 0.000000000000000000e+00, 0.000000000000000000e+00
8.452788451602899226e-08, 0.000000000000000000e+00, 0.000000000000000000e+00
8.892011178579481813e-08, 0.000000000000000000e+00, 0.000000000000000000e+00
9.354056741475511679e-08, 0.000000000000000000e+00, 0.000000000000000000e+00
9.840111057611325498e-08, 0.000000000000000000e+00, 0.000000000000000000e+00
1.035142166679343147e-07, 0.000000000000000000e+00, 0.000000000000000000e+00
1.088930093333433319e-07, 0.000000000000000000e+00, 0.000000000000000000e+00
1.145512941445534903e-07, 0.000000000000000000e+00, 0.000000000000000000e+00
1.205035940371795992e-07, 0.000000000000000000e+00, 0.000000000000000000e+00
1.267651865857844781e-07, 0.000000000000000000e+00, 0.000000000000000000e+00
1.333521432163324045e-07, 0.000000000000000000e+00, 0.000000000000000000e+00
1.402813704561957486e-07, 0.000000000000000000e+00, 0.000000000000000000e+00
1.475706533275893077e-07, 0.000000000000000000e+00, 0.000000000000000000e+00
1.552387009958081715e-07, 0.000000000000000000e+00, 0.000000000000000000e+00
1.633051947894334705e-07, 0.000000000000000000e+00, 0.000000000000000000e+00
1.717908387157587761e-07, 0.000000000000000000e+00, 0.000000000000000000e+00
1.807174126010925653e-07, 0.000000000000000000e+00, 0.000000000000000000e+00
1.901078279923299666e-07, 0.000000000000000000e+00, 0.000000000000000000e+00
1.999861869632742842e-07, 0.000000000000000000e+00, 0.000000000000000000e+00
2.103778439766472978e-07, 0.000000000000000000e+00, 0.000000000000000000e+00
2.213094709605636295e-07, 0.000000000000000000e+00, 0.000000000000000000e+00
2.328091257665007940e-07, 0.000000000000000000e+00, 0.000000000000000000e+00
2.449063241844743992e-07, 0.000000000000000000e+00, 0.000000000000000000e+00
2.576321157002572855e-07, 0.000000000000000000e+00, 0.000000000000000000e+00
2.710191631890842058e-07, 0.000000000000000000e+00, 0.000000000000000000e+00
2.851018267503907082e-07, 0.000000000000000000e+00, 0.000000000000000000e+00
2.999162518987646980e-07, 4.170814285104134989e+00, 1.044643545126612560e-02
3.155004623374623941e-07, 1.606045139506947095e+01, 4.409534196172356507e-02
3.318944575526103405e-07, 3.202728930420322229e+01, 9.642941628420714784e-02
3.491403154785858900e-07, 5.338122744606726400e+01, 1.763167872397017055e-01
3.672823004980842474e-07, 9.048438410726133441e+01, 3.279824366658479207e-01
3.863669770540689493e-07, 1.541857756074373640e+02, 6.135415675634147137e-01
4.064433291652127549e-07, 2.063327107253565487e+02, 9.016463739359097396e-01
4.275628861515860074e-07, 2.816273802912910469e+02, 1.351923747680285670e+00
4.497798548932875053e-07, 4.219476112105182324e+02, 2.225772334542617692e+00
4.731512589614802628e-07, 5.911564699215347218e+02, 3.427680915384537119e+00
4.977370849789355307e-07, 8.763542628177282268e+02, 5.587009946602651489e+00
5.236004365857494849e-07, 1.256350420155644088e+03, 8.809144410254791779e+00
5.508076964054029391e-07, 1.886884746736927127e+03, 1.455487051448250746e+01
5.794286964268809173e-07, 2.719036298790401815e+03, 2.307971224208739969e+01
6.095368972401687385e-07, 3.920854425236683710e+03, 3.663165618477972885e+01
6.412095765851608593e-07, 5.789241232379035864e+03, 5.954725572782147935e+01
6.745280276979215670e-07, 8.149641816939062664e+03, 9.230869375189286075e+01
7.095777679633887827e-07, 1.144637281919968700e+04, 1.428011392766200345e+02
7.464487584100661313e-07, 1.632957962439649236e+04, 2.244348759557805408e+02
7.852356346100710336e-07, 2.337636425811700974e+04, 3.540233969400529759e+02
8.260379495771783370e-07, 3.282616115957617149e+04, 5.478973856393270125e+02
8.689604292863010418e-07, 4.447744131859645859e+04, 8.183216064687463813e+02
9.141132414702490036e-07, 5.860151113965980767e+04, 1.188709392983442058e+03
9.616122783836638888e-07, 7.617296886795945466e+04, 1.703823888758768135e+03
1.011579454259898283e-06, 9.674472173140176164e+04, 2.386597384894735569e+03
1.064143018224315170e-06, 1.196540705638976797e+05, 3.255933190323216422e+03
1.119437883467150232e-06, 1.434431569491941482e+05, 4.306149392060943683e+03
1.177605973520806597e-06, 1.669495540968301357e+05, 5.529909987627696864e+03
1.238796586530369050e-06, 1.903397134131739440e+05, 6.957373416657663256e+03
1.303166778452298707e-06, 2.126697745832353539e+05, 8.579494808120234666e+03
1.370881766164852098e-06, 2.354400351718959573e+05, 1.048408946111127989e+04
1.442115351524868011e-06, 2.551626326435858500e+05, 1.254336125833824917e+04
1.517050367459335277e-06, 2.759785423535780865e+05, 1.497849882446078300e+04
1.595879147236730565e-06, 2.955054757626567734e+05, 1.770932686426502187e+04
1.678804018122558985e-06, 3.135649101085773436e+05, 2.075165852714068023e+04
1.766037820686164116e-06, 3.287662646668466623e+05, 2.402949641884301309e+04
1.857804455091697021e-06, 3.432218900068867952e+05, 2.770803498148948347e+04
1.954339455775392327e-06, 3.585737483118271921e+05, 3.197583826835409491e+04
2.055890595984140433e-06, 3.704190563687224058e+05, 3.649110635556144553e+04
2.162718523727020259e-06, 3.735293448999262182e+05, 4.065411669375147176e+04
2.275097430772069504e-06, 3.713525983289454016e+05, 4.465669083042605780e+04
2.393315756405384890e-06, 3.599266059392506722e+05, 4.782631025296531152e+04
2.517676927758854593e-06, 3.426658816152258078e+05, 5.031618628190834715e+04
2.648500138606698363e-06, 3.197781956289244117e+05, 5.189186079181320383e+04
2.786121168629766473e-06, 2.927009831828182214e+05, 5.249480854880312108e+04
2.930893245250318698e-06, 2.652379290155456983e+05, 5.257708315447347559e+04
3.083187950249353467e-06, 2.369707664935478242e+05, 5.192182637448650348e+04
3.243396173493490004e-06, 2.092401615182728856e+05, 5.067794454028122709e+04
3.411929116219281216e-06, 1.827553242409041850e+05, 4.893121701391989336e+04
3.589219346450049739e-06, 1.588526956619892735e+05, 4.701915020984633884e+04
3.775721909254159727e-06, 1.373446136742541858e+05, 4.494456136903663719e+04
3.971915494694400700e-06, 1.182493162951602426e+05, 4.278283853349295532e+04
4.178303666466213542e-06, 1.013683195783363917e+05, 4.055064848021888611e+04
4.395416154378242806e-06, 8.677548008425373700e+04, 3.838269130488613155e+04
4.623810213992598294e-06, 7.419284901870902104e+04, 3.628780150583128125e+04
4.864072056914609241e-06, 6.337053537201320432e+04, 3.427383749002451077e+04
5.116818355403072973e-06, 5.421578563669559662e+04, 3.242601688010388170e+04
5.382697825162881249e-06, 4.630685152373065648e+04, 3.062813706633777838e+04
5.662392890382528157e-06, 3.965631769082678511e+04, 2.900744377582822926e+04
5.956621435290097563e-06, 3.387084546193732240e+04, 2.740049673937733678e+04
6.266138646723349015e-06, 2.892921885195454888e+04, 2.588316343107086504e+04
6.591738952443213146e-06, 2.470837540118345350e+04, 2.445036728812620640e+04
6.934258060165687003e-06, 2.110321046443094747e+04, 2.309734070168005201e+04
7.294575102545679062e-06, 1.802393970661568892e+04, 2.181958915987703222e+04
7.673614893618186056e-06, 1.539386540086388231e+04, 2.061287264073379993e+04
8.072350302488374979e-06, 1.314747619515008955e+04, 1.947319914637084003e+04
8.491804750363126655e-06, 1.122881202734243016e+04, 1.839680464410432251e+04
8.933054837332944550e-06, 9.590072520501518738e+03, 1.738014032298578968e+04
9.397233105646374780e-06, 8.190428820889577764e+03, 1.641986248278617131e+04
9.885530946569380493e-06, 6.995004707650793534e+03, 1.551281585553647528e+04
1.039920165829057908e-05, 5.974009891173473989e+03, 1.465602425815533388e+04
1.093956366272093086e-05, 5.101998956651904336e+03, 1.384668117850721319e+04
1.150800388944435666e-05, 4.357238031233932816e+03, 1.308214068461745774e+04
1.210598133550481593e-05, 3.721162990817866557e+03, 1.235990665751456800e+04
1.273503081016660354e-05, 3.177916838291117983e+03, 1.167762245600302595e+04
1.339676687425934466e-05, 2.713955477269677431e+03, 1.103306422105060119e+04
1.409288798421873337e-05, 2.317710754244392319e+03, 1.042413460614393807e+04
1.482518085145951458e-05, 1.979301945978585536e+03, 9.848854268947578021e+03
1.559552502826952309e-05, 1.690289840321891234e+03, 9.305355985320358741e+03
1.640589773199538679e-05, 1.443465861034515001e+03, 8.791874660480070816e+03
1.725837891990201987e-05, 1.232673293368848363e+03, 8.306745049470815502e+03
1.815515662773133475e-05, 1.052653979356208310e+03, 7.848397387107816030e+03
1.909853258566236888e-05, 8.989166227055002309e+02, 7.415347722112311203e+03
2.009092812608727908e-05, 7.676250992010498067e+02, 7.006193605449633651e+03
2.113489039836645523e-05, 6.555032930552956714e+02, 6.619612991318491368e+03
2.223309890651400654e-05, 5.597532483937602592e+02, 6.254358958239310596e+03
2.338837238659353628e-05, 4.779850731908012449e+02, 5.909251807597805964e+03
2.460367604147624960e-05, 4.081576357058901294e+02, 5.583177298610524304e+03
2.588212915153087737e-05, 3.485276731039163565e+02, 5.275082760419109036e+03
2.722701308077910045e-05, 2.976065240542473589e+02, 4.983976709610492435e+03
2.864177969906579846e-05, 2.541226556119989652e+02, 4.708920601482536767e+03
3.013006024186119008e-05, 2.169901169481400416e+02, 4.449027609939376816e+03
3.169567463043487023e-05, 1.852815815055871553e+02, 4.203462374599840587e+03
3.334264127632347269e-05, 1.582049782527805064e+02, 3.971433590657822151e+03
3.507518739525679514e-05, 1.350838830908307386e+02, 3.752194079291316029e+03
3.689775985701500575e-05, 1.153406694029801258e+02, 3.545039360662054605e+03
3.881503659906478245e-05, 9.848198588015686994e+01, 3.349302363511486419e+03
4.083193863326918895e-05, 8.408656628010798784e+01, 3.164354742157000146e+03
4.295364267648868727e-05, 7.179460083639378354e+01, 2.989601089416439663e+03
4.518559443749217176e-05, 6.129883336445973896e+01, 2.824479374104144881e+03
4.753352259428048591e-05, 5.233688615098450470e+01, 2.668459146940661867e+03
5.000345349769783158e-05, 4.468469701463222776e+01, 2.521039374319527269e+03
5.260172663907057610e-05, 3.815090940399411323e+01, 2.381745814669287938e+03
5.533501092157360027e-05, 3.257212378124583552e+01, 2.250130942847642473e+03
5.821032177708709908e-05, 2.780880223593200995e+01, 2.125771690846731872e+03
6.123503917247733364e-05, 2.374179072213279795e+01, 2.008268512878328920e+03
6.441692655151768125e-05, 2.026933962970231917e+01, 1.897243884732576134e+03
6.776415076106743183e-05, 1.730456251111260002e+01, 1.792341094275979913e+03
7.128530301265190909e-05, 1.477326471634620475e+01, 1.693222984419316845e+03
7.498942093324550431e-05, 1.261209009107424528e+01, 1.599570846704704763e+03
7.888601176185532765e-05, 1.076694303304879874e+01, 1.511084047822792172e+03
8.298507675144217602e-05, 9.191627176759087803e+00, 1.427477900077878530e+03
8.729713683881113037e-05, 7.846698941028930285e+00, 1.348483752912374712e+03
9.183325964835800334e-05, 6.698477473453001707e+00, 1.273847579647232351e+03
9.660508789898121246e-05, 5.718204271182979248e+00, 1.203329391397699055e+03
1.016248692870694932e-04, 4.881324179685385012e+00, 1.136702509073034662e+03
1.069054879222656676e-04, 4.166870727710709765e+00, 1.073752722277136627e+03
1.124604973966924549e-04, 3.556941208271393595e+00, 1.014277419724069659e+03
1.183041555725163470e-04, 3.036250038387574346e+00, 9.580851815039003441e+02
1.244514611771384207e-04, 2.591746972542401828e+00, 9.049954061725625252e+02
1.309181922999405612e-04, 2.212288390258429605e+00, 8.548370417013592260e+02
1.377209468893944241e-04, 1.888360730714507385e+00, 8.074487602791446079e+02
1.448771853544760326e-04, 1.611840750491739360e+00, 7.626778503444787702e+02
1.524052753797290724e-04, 1.375793446824981947e+00, 7.203802096014911740e+02
1.603245390690039994e-04, 1.174297690022696683e+00, 6.804195674180060678e+02
1.686553025388738941e-04, 1.002298041718401755e+00, 6.426670177452336929e+02
1.774189480890164621e-04, 8.554789135967973968e-01, 6.070010590405702260e+02
1.866379690834667616e-04, 7.301553736464181377e-01, 5.733065169661259688e+02
1.963360276836043495e-04, 6.231820256907553146e-01, 5.414749708701241389e+02
2.065380155810527039e-04, 5.318731855564849953e-01, 5.114036699724666732e+02
2.172701178863743125e-04, 4.539359352410963777e-01, 4.829953689848587715e+02
2.285598803375427502e-04, 3.874132629073965273e-01, 4.561586420546124714e+02
2.404362800006929737e-04, 3.306341733347509249e-01, 4.308067769804768545e+02
2.529297996446142408e-04, 2.821721327019914849e-01, 4.068577573913252650e+02
2.660725059798808335e-04, 2.408094897040749527e-01, 3.842342564215259131e+02
2.798981319634359969e-04, 2.055067414461687059e-01, 3.628631427524117612e+02
2.944421633798757201e-04, 1.753766166200732002e-01, 3.426754988604337768e+02
3.097419299216577857e-04, 1.496615552086209833e-01, 3.236059285851542882e+02
3.258367010020083690e-04, 1.277148913947617204e-01, 3.055926169725849491e+02
3.427677865464497770e-04, 1.089846933895319975e-01, 2.885773037369306735e+02
3.605786430216419711e-04, 9.299982631062347904e-02, 2.725049385994348086e+02
3.793149849736817260e-04, 7.935813761993841531e-02, 2.573235302966207882e+02
3.990249023621416529e-04, 6.771630311767934396e-02, 2.429837753740984851e+02
4.197589839910068955e-04, 5.778132105527582912e-02, 2.294392430647818060e+02
4.415704473533120706e-04, 4.930307424466480459e-02, 2.166459731860134639e+02
4.645152752227491933e-04, 4.206808662920412389e-02, 2.045624638090155258e+02
4.886523593428331686e-04, 3.589414967992610866e-02, 1.931495010378556287e+02
5.140436515824254367e-04, 3.062575457285014735e-02, 1.823700910900326733e+02
5.407543229455804949e-04, 2.613014067736688442e-02, 1.721890834779011072e+02
5.688529308438407088e-04, 2.229402983673251654e-02, 1.625734565882487175e+02
5.984115950603185932e-04, 1.902073765616571835e-02, 1.534920020871695669e+02
6.295061828571967780e-04, 1.622772994137830146e-02, 1.449150971371809931e+02
6.622165037017614837e-04, 1.384458034475893017e-02, 1.368148526803335585e+02
6.966265141107679491e-04, 1.181118159495766519e-02, 1.291648986258257139e+02
7.328245331389029006e-04, 1.007623190156232799e-02, 1.219402658219911899e+02
7.709034690644293083e-04, 8.595959084347159704e-03, 1.151174744648226493e+02
8.109610578538404418e-04, 7.332999880850321270e-03, 1.086742430482709381e+02
8.531001140175886385e-04, 6.255472995061053289e-03, 1.025895746344161807e+02
8.974287945007472294e-04, 5.336166909931288997e-03, 9.684355042590573248e+01
9.440608762859225515e-04, 4.551866630950298850e-03, 9.141745699267072212e+01
9.931160484209324620e-04, 3.882755693477831904e-03, 8.629349638289647828e+01
1.044720219220798265e-03, 3.311929436945349175e-03, 8.145496257873320189e+01
1.099005839432519709e-03, 2.824960656777060746e-03, 7.688602793902926180e+01
1.156112242192098129e-03, 2.409535173445040424e-03, 7.257163564309156811e+01
1.216186000646367902e-03, 2.055151438822928802e-03, 6.849772672154075792e+01
1.279381304157525346e-03, 1.752847145567917831e-03, 6.465098225610445581e+01
1.345860354055946825e-03, 1.494970823157919628e-03, 6.101865254002601091e+01
1.415793779957078133e-03, 1.275000936633657878e-03, 5.758896494672253397e+01
1.489361077710912385e-03, 1.087364055084561864e-03, 5.435039068170544851e+01
1.566751070108147060e-03, 9.273103154079579812e-04, 5.129225234241561537e+01
1.648162391525506785e-03, 7.907937919021939144e-04, 4.840485933135580154e+01
1.733803997754137464e-03, 6.743498607946817134e-04, 4.567831372295247405e+01
1.823895702319638500e-03, 5.750322427624249147e-04, 4.310385495891580376e+01
1.918668740670287148e-03, 4.903219111012355235e-04, 4.067282941737039437e+01
2.018366363681555527e-03, 4.180686275043222220e-04, 3.837689839105414080e+01
2.123244462000214820e-03, 3.564410233760725464e-04, 3.620839079577192621e+01
2.233572222830528409e-03, 3.038779220438764489e-04, 3.416016624837162396e+01
2.349632820848305062e-03, 2.590473377987208411e-04, 3.222547161797766080e+01
2.471724145016129109e-03, 2.208078535923556004e-04, 3.039723066118745365e+01
2.600159563165272119e-03, 1.881940055291513362e-04, 2.866980077719863829e+01
2.735268726306713891e-03, 1.603810672895722921e-04, 2.703780335213660280e+01
2.877398414735666578e-03, 1.366615324317328154e-04, 2.549552959190287282e+01
3.026913428101298334e-03, 1.164331603084444041e-04, 2.403775528726875521e+01
3.184197521726119060e-03, 9.917999574900505390e-05, 2.265900359148941590e+01
3.349654391578272498e-03, 8.446605150165862426e-05, 2.135494412330860925e+01
3.523708710424869068e-03, 7.191381381539854831e-05, 2.012000642320494137e+01
3.706807217825759931e-03, 6.121401534327474683e-05, 1.895248803901652224e+01
3.899419866765435790e-03, 5.208760055519679751e-05, 1.784634588126251842e+01
4.102041029866064330e-03, 4.430548933111183455e-05, 1.679856183829271288e+01
4.315190768277641156e-03, 3.767223089241050494e-05, 1.580649340149914295e+01
4.539416166502023217e-03, 3.202259286390723146e-05, 1.486860887707338286e+01
4.775292736576902328e-03, 2.720413372755166513e-05, 1.397810860561620849e+01
5.023425895223866157e-03, 2.310290427875588625e-05, 1.313650303518292972e+01
5.284452517751802615e-03, 1.960941506846331501e-05, 1.233893081286143634e+01
5.559042572704037122e-03, 1.663535883861128333e-05, 1.158363264466004061e+01
5.847900841444799748e-03, 1.410325719613301158e-05, 1.086755272608735901e+01
6.151768727098664430e-03, 1.194830209127889712e-05, 1.018868803544915025e+01
6.471426157485817530e-03, 1.011687550881319076e-05, 9.546808910752501376e+00
6.807693586937403271e-03, 8.558309333872798577e-06, 8.937160742863683893e+00
7.161434102129013088e-03, 7.230522285756684926e-06, 8.355665308076703823e+00
7.533555637337169958e-03, 6.106202020847761607e-06, 7.808764465563173829e+00
7.925013304804717773e-03, 5.150152579031114354e-06, 7.288380695973897261e+00
8.336811846196331283e-03, 4.337407009475421470e-06, 6.792676612047578111e+00
8.770008211436322587e-03, 3.648509540916574958e-06, 6.323041997518187074e+00
9.225714271547610229e-03, 3.063297893926939330e-06, 5.874888648360081511e+00
9.705099672454878257e-03, 2.568224662131781096e-06, 5.450586733452161603e+00
1.020939483707678647e-02, 2.148633139576981580e-06, 5.046291758277611450e+00
1.073989412341243982e-02, 1.793645780450570404e-06, 4.661724651907666050e+00
1.129795914672797677e-02, 1.493368269756980803e-06, 4.295133985215271011e+00
1.188502227437018832e-02, 1.241145744797428779e-06, 3.950321523040427607e+00
1.250259030217718698e-02, 1.028257055936304008e-06, 3.621689658690413705e+00
1.315224832192234822e-02, 8.483644833670830267e-07, 3.306677893298088922e+00
1.383566378971778053e-02, 6.968526163733997673e-07, 3.005731847760312103e+00
1.455459080581963938e-02, 5.693789103674961997e-07, 2.717756639205779479e+00
1.531087461682028965e-02, 4.620410272914176554e-07, 2.440560763716852932e+00
1.610645635178269836e-02, 3.727831761438621538e-07, 2.179040435462328951e+00
1.694337800447328832e-02, 2.990021458033439568e-07, 1.934119020898353414e+00
1.782378767448087112e-02, 2.394423359576964570e-07, 1.713995755572870872e+00
1.874994508067413454e-02, 1.902772141027618907e-07, 1.507285427692731883e+00
1.972422736114849348e-02, 1.500792257940332212e-07, 1.315616210454295887e+00
2.074913517454906459e-02, 1.176477967304909250e-07, 1.141280394297259582e+00
2.182729911842998943e-02, 9.182212295750154737e-08, 9.857250990385675316e-01
2.296148648112360593e-02, 7.089666117778590652e-08, 8.422367719883300241e-01
2.415460834444940405e-02, 5.462671618231871224e-08, 7.181471544821419473e-01
2.540972705549301297e-02, 4.163916287877192545e-08, 6.057735082153485884e-01
2.673006408663303191e-02, 3.161812547601334804e-08, 5.090311338675458375e-01
2.811900830398933807e-02, 2.365566821154814642e-08, 4.214474115141877975e-01
2.958012466551540251e-02, 1.786705691428031413e-08, 3.522582209589328328e-01
3.111716337106013724e-02, 1.340655547054362305e-08, 2.924995988154980853e-01
3.273406948788379345e-02, 9.795732839862296637e-09, 2.365075169899470420e-01
3.443499307633384604e-02, 7.068872454823812276e-09, 1.888678845183184574e-01
3.622429984166987416e-02, 5.037122341156602970e-09, 1.489328242612165676e-01
3.810658233937726236e-02, 3.622645318338539015e-09, 1.185314780668165757e-01
4.008667176273017496e-02, 2.575475034638381236e-09, 9.325351033010323420e-02
4.216965034285814068e-02, 1.832636108253870771e-09, 7.343177832543264227e-02
4.436086439314318453e-02, 1.341898086211022545e-09, 5.950141642311476686e-02
4.666593803142881497e-02, 8.875231776274722459e-10, 4.354992785824194496e-02
4.909078761526029094e-02, 6.175518012450512243e-10, 3.353367081482189899e-02
5.164163692720710741e-02, 4.252104786678014707e-10, 2.555121942619147102e-02
5.432503314924325144e-02, 2.791110646801073050e-10, 1.856028740944157956e-02
5.714786366718654226e-02, 1.952857812838847085e-10, 1.437071045904799761e-02
6.011737374832767239e-02, 1.231817717348171369e-10, 1.003122647326766710e-02
6.324118513762183591e-02, 8.295595922950123883e-11, 7.475756609365506906e-03
6.652731562017405453e-02, 6.036694025234031064e-11, 6.020141563980631848e-03
6.998419960022730923e-02, 4.158291342783419637e-11, 4.589046213940144517e-03
7.362070974947361457e-02, 3.072023683654388237e-11, 3.751734138116469275e-03
7.744617978025175598e-02, 1.955326179059257068e-11, 2.642571153065675395e-03
8.147042840208371106e-02, 1.665501962364228363e-11, 2.490878844183576531e-03
8.570378452303674399e-02, 1.418598883373483860e-11, 2.347832177267252744e-03
9.015711376059551418e-02, 1.208191460436067525e-11, 2.212805187031359130e-03
9.484184633008958809e-02, 1.028949131038056694e-11, 2.085457323439747403e-03
9.977000638225524964e-02, 5.434290081839390125e-12, 1.218849836715239342e-03
1.049542428652322085e-01, 4.628606733516244189e-12, 1.148834988443700857e-03
1.104078619902073566e-01, 3.941718575575419505e-12, 1.082662191061307911e-03
1.161448613840341398e-01, 1.813826070127232000e-12, 5.513190289042707798e-04
1.221799660164868684e-01, 1.544565527997717881e-12, 5.195336329550736361e-04
1.285286659943612741e-01, 0.000000000000000000e+00, 0.000000000000000000e+00
1.352072563194275101e-01, 0.000000000000000000e+00, 0.000000000000000000e+00
1.422328787122818239e-01, 0.000000000000000000e+00, 0.000000000000000000e+00
1.496235656094432875e-01, 0.000000000000000000e+00, 0.000000000000000000e+00
1.573982864466219878e-01, 0.000000000000000000e+00, 0.000000000000000000e+00
1.655769963469526096e-01, 0.000000000000000000e+00, 0.000000000000000000e+00
1.741806873391609223e-01, 0.000000000000000000e+00, 0.000000000000000000e+00
1.832314422371207341e-01, 0.000000000000000000e+00, 0.000000000000000000e+00
1.927524913190932776e-01, 0.000000000000000000e+00, 0.000000000000000000e+00
2.027682719521279597e-01, 0.000000000000000000e+00, 0.000000000000000000e+00
2.133044913146575072e-01, 0.000000000000000000e+00, 0.000000000000000000e+00
2.243881923782766186e-01, 0.000000000000000000e+00, 0.000000000000000000e+00
2.360478233180573204e-01, 0.000000000000000000e+00, 0.000000000000000000e+00
2.483133105295562693e-01, 0.000000000000000000e+00, 0.000000000000000000e+00
2.612161354399200053e-01, 0.000000000000000000e+00, 0.000000000000000000e+00
2.747894153102391490e-01, 0.000000000000000000e+00, 0.000000000000000000e+00
2.890679882365471687e-01, 0.000000000000000000e+00, 0.000000000000000000e+00
3.040885025676277054e-01, 0.000000000000000000e+00, 0.000000000000000000e+00
3.198895109691397010e-01, 0.000000000000000000e+00, 0.000000000000000000e+00
3.365115693754908155e-01, 0.000000000000000000e+00, 0.000000000000000000e+00
3.539973410834342804e-01, 0.000000000000000000e+00, 0.000000000000000000e+00
3.723917062545675227e-01, 0.000000000000000000e+00, 0.000000000000000000e+00
3.917418771077822437e-01, 0.000000000000000000e+00, 0.000000000000000000e+00
4.120975190973295565e-01, 0.000000000000000000e+00, 0.000000000000000000e+00
4.335108783875284422e-01, 0.000000000000000000e+00, 0.000000000000000000e+00
4.560369159512959736e-01, 0.000000000000000000e+00, 0.000000000000000000e+00
4.797334486366891526e-01, 0.000000000000000000e+00, 0.000000000000000000e+00
5.046612975635276221e-01, 0.000000000000000000e+00, 0.000000000000000000e+00
5.308844442309867961e-01, 0.000000000000000000e+00, 0.000000000000000000e+00
5.584701947368295727e-01, 0.000000000000000000e+00, 0.000000000000000000e+00
5.874893525297757435e-01, 0.000000000000000000e+00, 0.000000000000000000e+00
6.180164001384151895e-01, 0.000000000000000000e+00, 0.000000000000000000e+00
6.501296903430903162e-01, 0.000000000000000000e+00, 0.000000000000000000e+00
6.839116472814292802e-01, 0.000000000000000000e+00, 0.000000000000000000e+00
7.194489780036983362e-01, 0.000000000000000000e+00, 0.000000000000000000e+00
7.568328950209720629e-01, 0.000000000000000000e+00, 0.000000000000000000e+00
7.961593504173167801e-01, 0.000000000000000000e+00, 0.000000000000000000e+00
8.375292821268809362e-01, 0.000000000000000000e+00, 0.000000000000000000e+00
8.810488730080129338e-01, 0.000000000000000000e+00, 0.000000000000000000e+00
9.268298233793484942e-01, 0.000000000000000000e+00, 0.000000000000000000e+00
9.749896377173866702e-01, 0.000000000000000000e+00, 0.000000000000000000e+00
