# M_f [M_sun], P(M_f) [M_sun^-1]
3.554939309087782630e-22, 4.227782254417344922e+19
4.164867986368243590e-22, 3.933722129153670349e+19
4.879443454781822347e-22, 3.738190851236311859e+19
5.716620192126315073e-22, 3.509331838096890266e+19
6.697433165046825470e-22, 3.262872248768759808e+19
7.846526355214260603e-22, 2.987732970055318733e+19
9.192771965891135454e-22, 2.792521791652361421e+19
1.076999586711594898e-21, 2.579219908223116493e+19
1.261782750709730719e-21, 2.382291832878193869e+19
1.478269564475659425e-21, 2.198337456785684890e+19
1.731899492227074708e-21, 2.042353743412158054e+19
2.029045258900605437e-21, 1.914804459799089562e+19
2.377172971725329711e-21, 1.781004511732374733e+19
2.785029714203261248e-21, 1.651717042423205274e+19
3.262863325997498860e-21, 1.528009202372707123e+19
3.822679890934355379e-21, 1.399353527280192717e+19
4.478545402782572019e-21, 1.284813642314902118e+19
5.246939188487060978e-21, 1.181320190050852454e+19
6.147167968996433368e-21, 1.085546962477627597e+19
7.201850961408169007e-21, 9.927287640035749888e+18
8.437488211144998925e-21, 9.096204357070609408e+18
9.885126434120334154e-21, 8.266181712029978624e+18
1.158113909889358002e-20, 7.495690796797507584e+18
1.356814034921921673e-20, 6.803057424449498112e+18
1.589605573027771623e-20, 6.146902024190232576e+18
1.862337662173687523e-20, 5.544644148919288832e+18
2.181862989662507000e-20, 5.001137801581933568e+18
2.556209973277687262e-20, 4.488543204021728768e+18
2.994784483921711958e-20, 4.046772587019581952e+18
3.508606178246820418e-20, 3.627260723226821120e+18
4.110585379389697468e-20, 3.251759678729025024e+18
4.815847462736724022e-20, 2.909139340541029376e+18
5.642112897261175748e-20, 2.602880483241991680e+18
6.610142491380065642e-20, 2.317851540851648000e+18
7.744259030612173168e-20, 2.058110947614441984e+18
9.072958413744709407e-20, 1.831224720398686720e+18
1.062962564296273862e-19, 1.622655571619330560e+18
1.245337365796392977e-19, 1.426707305045678848e+18
1.459002609066893339e-19, 1.259903050303334912e+18
1.709326863329692882e-19, 1.107954276367363584e+18
2.002599794916861493e-19, 9.752925559068290560e+17
2.346190201907295332e-19, 8.563415547041767680e+17
2.748731163110049905e-19, 7.490690771284143360e+17
3.220336953461912371e-19, 6.618954515461788160e+17
3.772857176071966462e-19, 5.818596697245890560e+17
4.420174496254335417e-19, 4.445400275684204800e+17
5.178553458437248030e-19, 3.396280003459754240e+17
6.067049150348568050e-19, 2.594753485978341120e+17
7.107985982605515872e-19, 1.982388273681256640e+17
8.327518613560927099e-19, 1.514542051437763520e+17
9.756289113246611492e-19, 1.157108148805631040e+17
1.143019687836545591e-18, 8.840291141215721600e+16
1.339130064327491740e-18, 6.753970883544848800e+16
1.568887525095887845e-18, 5.160024932108564800e+16
1.838064973649593682e-18, 3.942252307431845600e+16
2.153425783120427356e-18, 3.011875612992625600e+16
2.522893733294045941e-18, 2.301069033820703600e+16
2.955752104106024924e-18, 1.758013735881832200e+16
3.462876928042592619e-18, 1.343120197666357000e+16
4.057010262163551902e-18, 1.026142076457918400e+16
4.753080346001232680e-18, 7.839712059329295000e+15
5.568576689647165650e-18, 5.989529772070822000e+15
6.523989516518419787e-18, 4.575992921555320000e+15
7.643324602276253526e-18, 3.496052614308101500e+15
8.954706445778864130e-18, 2.670979630330451000e+15
1.049108492738794133e-17, 2.040624948389701000e+15
1.229106321017912490e-17, 1.559034794838657250e+15
1.439986768596596156e-17, 1.191100546641684000e+15
1.687048433707514473e-17, 9.099992616630030000e+14
1.976499006618515979e-17, 6.952382471505361250e+14
2.315611244532450716e-17, 5.311611126119243750e+14
2.712905707440121844e-17, 4.058063961634301875e+14
3.178364846361432647e-17, 3.100355565514980625e+14
3.723683823172148955e-17, 2.368667601963701875e+14
4.362564364134417995e-17, 1.809658953636995625e+14
5.111059030517391504e-17, 1.382577076565566719e+14
5.987974556477713349e-17, 1.056287080393181719e+14
7.015344388498441742e-17, 8.070019495601260938e+13
8.218982299448246298e-17, 6.165484352524920312e+13
9.629130987410051721e-17, 4.710421991167378906e+13
1.128122195602306520e-16, 3.598756247882888281e+13
1.321676576914936317e-16, 2.749445072216668359e+13
1.548439504847211017e-16, 2.100572443488959766e+13
1.814108642046238339e-16, 1.604834602783241602e+13
2.125359211544772699e-16, 1.226091540081646094e+13
2.490011718924986992e-16, 9.367323349413236328e+12
2.917228450939035525e-16, 7.156622802129382812e+12
3.417743687825801351e-16, 5.467650471910595703e+12
4.004133413656054675e-16, 4.177277817979903320e+12
4.691131301468769991e-16, 3.191434796029352539e+12
5.495998912665211303e-16, 2.438252015097085449e+12
6.438959412319121213e-16, 1.862821354370644043e+12
7.543705697967002551e-16, 1.423193081278396240e+12
8.837995709161229663e-16, 1.087317654935844849e+12
1.035434987557938712e-15, 8.307092679745277100e+11
1.213086822782425552e-15, 6.346607955514989014e+11
1.421218770170270965e-15, 4.848800187244460449e+11
1.665060368928408994e-15, 3.704477008918090820e+11
1.950738401691563623e-15, 2.830215595541284180e+11
2.285430836530691886e-15, 2.162281017795950012e+11
2.677547181126970641e-15, 1.651979872941975403e+11
3.136939780704104200e-15, 1.262110464891896515e+11
3.675151368806934184e-15, 9.642507464437265015e+10
4.305705090906085245e-15, 7.366863106526280212e+10
5.044444287983953543e-15, 5.628273789826451111e+10
5.909930577530328216e-15, 4.299993823040444183e+10
6.923910234161186932e-15, 3.285189663588850021e+10
8.111860588175597371e-15, 2.509880611437676239e+10
9.503630170902745736e-15, 1.917545508404219055e+10
1.113418869117993458e-14, 1.465002263472203827e+10
1.304450568692773882e-14, 1.119259815515294456e+10
1.528257992888903767e-14, 8.551130369302013397e+09
1.790464544140884680e-14, 6.533052431542402267e+09
2.097658444282498875e-14, 4.991243523371258736e+09
2.457558270711805719e-14, 3.813303531592389107e+09
2.879206893956380988e-14, 2.913358916701018810e+09
3.373198689528892016e-14, 2.225802406512089252e+09
3.951945733015404868e-14, 1.700510130924885035e+09
4.629989666834555381e-14, 1.299187518597979784e+09
5.424367074655676216e-14, 9.925775670402833223e+08
6.355037543901280041e-14, 7.583279645842037201e+08
7.445385171865133341e-14, 5.793615743152116537e+08
8.722806116326921614e-14, 4.426314859017001987e+08
1.021939695350504780e-13, 3.381698769874121547e+08
1.197276113908228647e-13, 2.583613442566823065e+08
1.402695383550534565e-13, 1.973877295007474720e+08
1.643358884536128603e-13, 1.508039674849152267e+08
1.925313546372367750e-13, 1.152140341506923288e+08
2.255643783427914986e-13, 8.802337157856917381e+07
2.642649498469248929e-13, 6.724974089697636664e+07
3.096054626651536335e-13, 5.137871419008336216e+07
3.627251459856035670e-13, 3.925327052363058180e+07
4.249586890286010331e-13, 2.998944740230041742e+07
4.978697765499685977e-13, 2.291189863465079293e+07
5.832903781036313840e-13, 1.750466062565788999e+07
6.833667782485480914e-13, 1.337353784902109951e+07
8.006135042584769108e-13, 1.021736544638872333e+07
9.379765063263084318e-13, 7.806053852940866724e+06
1.098907177733620883e-12, 5.963814946358833462e+06
1.287449074821890004e-12, 4.556346826261538081e+06
1.508339515697955710e-12, 3.481043023167961277e+06
1.767128610450621027e-12, 2.659512319727923721e+06
2.070318713640647402e-12, 2.031863937261078740e+06
2.425527802958077446e-12, 1.552341392817304470e+06
2.841680889111551975e-12, 1.185986795481903944e+06
3.329234266329045287e-12, 9.060923621585165383e+05
3.900438238005257590e-12, 6.922533806144403061e+05
4.569644918760408134e-12, 5.288806782059132820e+05
5.353668846768369621e-12, 4.040641465132025769e+05
6.272209467127062636e-12, 3.087044794498213450e+05
7.348346101620664173e-12, 2.358498188838929636e+05
8.609117841521512969e-12, 1.801889530970486812e+05
1.008620293386256217e-11, 1.376641243616822467e+05
1.181671473149198844e-11, 1.051752109939198417e+05
1.384413420601148128e-11, 8.035372344390135549e+04
1.621940245398964309e-11, 6.139013943292114709e+04
1.900220064684535723e-11, 4.690198609362076240e+04
2.226244958451911904e-11, 3.583305603235895978e+04
2.608206653083284003e-11, 2.737640776202828420e+04
3.055702347291745383e-11, 2.091553950174241618e+04
3.579975852069152363e-11, 1.597944469522276268e+04
4.194200103539933424e-11, 1.220827467486606110e+04
4.913808147160267494e-11, 9.327105816928138665e+03
5.756880909596944173e-11, 7.125896490240304047e+03
6.744601501471849372e-11, 5.444175512734872427e+03
7.901787465817365748e-11, 4.159342840517681907e+03
9.257514345558095331e-11, 3.177732398875953095e+03
1.084584623782321578e-10, 2.427783292213803179e+03
1.270669169105270310e-10, 1.854823161139850527e+03
1.488680645023350689e-10, 1.417082397301384844e+03
1.744096824531938844e-10, 1.082649064542930319e+03
2.043335314065755398e-10, 8.271424336358397795e+02
2.393914802768297581e-10, 6.319356549153797005e+02
2.804643977649551806e-10, 4.827979504489646843e+02
3.285842851328589352e-10, 3.688569224722193667e+02
3.849602063458864622e-10, 2.818061650411893879e+02
4.510086671063629299e-10, 2.152994860429223820e+02
5.283892060840569477e-10, 1.644884834286174566e+02
6.190460926115560205e-10, 1.256689524092886217e+02
7.252571785440163173e-10, 9.601088447905475221e+01
8.496911317388502362e-10, 7.335216000108398759e+01
9.954744892081493267e-10, 5.604091853796698786e+01
1.166270214726448448e-09, 4.281515435011622372e+01
1.366369734738289428e-09, 3.271069427481177172e+01
1.600800765066854691e-09, 2.499090351478886518e+01
1.875453637685745777e-09, 1.909299523318884084e+01
2.197229301650036782e-09, 1.458700242133666514e+01
2.574212716869338996e-09, 1.114443635827534251e+01
3.015875997428001928e-09, 8.514316732481637118e+00
3.533316408647045077e-09, 6.504911411463135451e+00
4.139535197820245990e-09, 4.969730752023002296e+00
4.849764264546636664e-09, 3.796852146360595981e+00
5.681848878603233730e-09, 2.900775745763912283e+00
6.656696061556467092e-09, 2.216176414845874021e+00
7.798799898182857864e-09, 1.693143714909389752e+00
9.136856976714022134e-09, 1.293547642036320777e+00
1.070448742150435761e-08, 9.882593499848139063e-01
1.254107963484337046e-08, 7.550186308000406132e-01
1.469277997296015627e-08, 5.768240658164784929e-01
1.721365222289457542e-08, 4.406833939977374270e-01
2.016703601333963015e-08, 3.366728778729768390e-01
2.362713829099000118e-08, 2.572098376613516924e-01
2.768089784995247636e-08, 1.965003361002084226e-01
3.243016976252675725e-08, 1.501180411857592212e-01
3.799428459753194850e-08, 1.146836265183050346e-01
4.451304672929294335e-08, 8.761157947613121277e-02
5.215024707302747141e-08, 6.692913674682432479e-02
6.109777850789253333e-08, 5.112799930217210714e-02
7.158045739212245458e-08, 3.905611279648622119e-02
8.386167231601665177e-08, 2.983387050650812555e-02
9.825000202377754192e-08, 2.278834797299229831e-02
1.151069687866058048e-07, 1.740633850994462856e-02
1.348561220388992395e-07, 1.329478917605130331e-02
1.579936805136920602e-07, 1.015369770177758715e-02
1.851010002724404292e-07, 7.754348244635087678e-03
2.168591819018276323e-07, 5.921302014282660807e-03
2.540661838991262367e-07, 4.521206776655223476e-03
2.976568722383458751e-07, 3.451425175142731200e-03
3.487265098841028302e-07, 2.634423660018542310e-03
4.085582764525233750e-07, 2.010439222997126556e-03
4.786555094802828620e-07, 1.533917723952527359e-03
5.607794773983806434e-07, 1.170077238595993493e-03
6.569936332972589126e-07, 8.923013454534058650e-04
7.697154614067526183e-07, 6.801645095317810545e-04
9.017772189895008571e-07, 5.182895744216817809e-04
1.056497099853249245e-06, 3.946676945595532847e-04
1.237762607541896761e-06, 3.003824217116033801e-04
1.450128233046472805e-06, 2.284368270602342020e-04
1.698929891293638432e-06, 1.736045575098205628e-04
1.990418991751685834e-06, 1.317923722397372043e-04
2.331919511822318867e-06, 9.995536887081681347e-05
2.732012019656224729e-06, 7.570526837161362262e-05
3.200749270163831329e-06, 5.723333422656309139e-05
3.749908791302991839e-06, 4.320689724994910901e-05
4.393288807145992575e-06, 3.253848028527520672e-05
5.147054933111502699e-06, 2.443856576053251393e-05
6.030146354452266775e-06, 1.829526683565254916e-05
7.064751693670376281e-06, 1.364284291179340938e-05
8.276866523540982274e-06, 1.012751348634226571e-05
9.696946533859272140e-06, 7.478245800493379695e-06
1.136067276342852149e-05, 5.485626996463829030e-06
1.330984812456625985e-05, 3.992222483856112298e-06
1.559344774627215830e-05, 2.872864150082875640e-06
1.826884952705988956e-05, 2.045024142258168887e-06
2.140327581641746703e-05, 1.433223414597692826e-06
2.507548244869502754e-05, 9.791862311843505882e-07
2.937773756821394599e-05, 6.464926144671911535e-07
3.441813996570822800e-05, 4.060808071972903944e-07
4.032333517679733450e-05, 2.364280840059239812e-07
4.724169758738698836e-05, 1.152183978620729344e-07
