# M_f [M_sun], P(M_f) [M_sun^-1]
3.548962714117586356e-25, 0.000000000000000000e+00
4.143897244964681628e-25, 0.000000000000000000e+00
4.838564324307219260e-25, 0.000000000000000000e+00
5.649682734992169490e-25, 0.000000000000000000e+00
6.596773932655885372e-25, 0.000000000000000000e+00
7.702631875067320117e-25, 0.000000000000000000e+00
8.993871611864740876e-25, 0.000000000000000000e+00
1.050156983777701776e-24, 0.000000000000000000e+00
1.226201282573591067e-24, 0.000000000000000000e+00
1.431756974063410238e-24, 0.000000000000000000e+00
1.671771235205982412e-24, 0.000000000000000000e+00
1.952020568777308980e-24, 0.000000000000000000e+00
2.279249828377506683e-24, 0.000000000000000000e+00
2.661334549057996954e-24, 0.000000000000000000e+00
3.107470490433956329e-24, 0.000000000000000000e+00
3.628394954078874531e-24, 0.000000000000000000e+00
4.236645201720489617e-24, 0.000000000000000000e+00
4.946860193674237954e-24, 0.000000000000000000e+00
5.776132909553281211e-24, 0.000000000000000000e+00
6.744421730674377979e-24, 0.000000000000000000e+00
7.875030785036159497e-24, 0.000000000000000000e+00
9.195170815492024403e-24, 0.000000000000000000e+00
1.073661406971731716e-23, 0.000000000000000000e+00
1.253645897342513110e-23, 0.000000000000000000e+00
1.463802299047425984e-23, 0.000000000000000000e+00
1.709188515862952929e-23, 0.000000000000000000e+00
1.995710339202826004e-23, 0.000000000000000000e+00
2.330263584757434168e-23, 0.000000000000000000e+00
2.720900056375714993e-23, 0.000000000000000000e+00
3.177021331497144511e-23, 0.000000000000000000e+00
3.709605032032140160e-23, 0.000000000000000000e+00
4.331469026427151886e-23, 0.000000000000000000e+00
5.057579921552993781e-23, 0.000000000000000000e+00
5.905413268993206007e-23, 0.000000000000000000e+00
6.895374154936251738e-23, 0.000000000000000000e+00
8.051288296148122256e-23, 0.000000000000000000e+00
9.400975461394818512e-23, 0.000000000000000000e+00
1.097691901903814394e-22, 0.000000000000000000e+00
1.281704772502877614e-22, 0.000000000000000000e+00
1.496564856684707842e-22, 0.000000000000000000e+00
1.747443263311006971e-22, 0.000000000000000000e+00
2.040377966148069427e-22, 0.000000000000000000e+00
2.382419121782715813e-22, 0.000000000000000000e+00
2.781798748077653061e-22, 0.000000000000000000e+00
3.248128846873889935e-22, 0.000000000000000000e+00
3.792632739224971983e-22, 0.000000000000000000e+00
4.428415180784706451e-22, 0.000000000000000000e+00
5.170777758305154950e-22, 0.000000000000000000e+00
6.037587157996679498e-22, 0.000000000000000000e+00
7.049705168986915043e-22, 0.000000000000000000e+00
8.231490770914376496e-22, 0.000000000000000000e+00
9.611386389565238025e-22, 0.000000000000000000e+00
1.122260243016206653e-21, 0.000000000000000000e+00
1.310391656319376225e-21, 0.000000000000000000e+00
1.530060699946438888e-21, 0.000000000000000000e+00
1.786554221579997443e-21, 0.000000000000000000e+00
2.086045335820364214e-21, 0.000000000000000000e+00
2.435741994580735524e-21, 0.000000000000000000e+00
2.844060463254972146e-21, 0.000000000000000000e+00
3.320827877766432378e-21, 0.000000000000000000e+00
3.877518757505402961e-21, 0.000000000000000000e+00
4.527531166390591196e-21, 0.000000000000000000e+00
5.286509168514232234e-21, 0.000000000000000000e+00
6.172719339017780476e-21, 0.000000000000000000e+00
7.207490391810404495e-21, 0.000000000000000000e+00
8.415726504796120160e-21, 0.000000000000000000e+00
9.826506696977815998e-21, 0.000000000000000000e+00
1.147378468284583961e-20, 0.000000000000000000e+00
1.339720604767883656e-20, 0.000000000000000000e+00
1.564306241098517039e-20, 0.000000000000000000e+00
1.826540554225283020e-20, 0.000000000000000000e+00
2.132734824280151716e-20, 0.000000000000000000e+00
2.490258330249094031e-20, 0.000000000000000000e+00
2.907715708851964547e-20, 0.000000000000000000e+00
3.395154045186442600e-20, 0.000000000000000000e+00
3.964304679255259240e-20, 0.000000000000000000e+00
4.628865548014387372e-20, 0.000000000000000000e+00
5.404830858161902066e-20, 0.000000000000000000e+00
6.310876024011991138e-20, 0.000000000000000000e+00
7.368807134881180046e-20, 0.000000000000000000e+00
8.604085769467593336e-20, 0.000000000000000000e+00
1.004644178810475172e-19, 0.000000000000000000e+00
1.173058885116423403e-19, 0.000000000000000000e+00
1.369705988422578918e-19, 0.000000000000000000e+00
1.599318259743174272e-19, 0.000000000000000000e+00
1.867421853717413878e-19, 0.000000000000000000e+00
2.180469308404809387e-19, 0.000000000000000000e+00
2.545994840657364937e-19, 0.000000000000000000e+00
2.972795674613780767e-19, 0.000000000000000000e+00
3.471143767408655819e-19, 0.000000000000000000e+00
4.053033027769513840e-19, 0.000000000000000000e+00
4.732467977393484649e-19, 0.000000000000000000e+00
5.525800802412904732e-19, 0.000000000000000000e+00
6.452124906878854795e-19, 0.000000000000000000e+00
7.533734440045013057e-19, 0.000000000000000000e+00
8.796660857047170922e-19, 0.000000000000000000e+00
1.027129942656215233e-18, 0.000000000000000000e+00
1.199314076381365808e-18, 0.000000000000000000e+00
1.400362499497209111e-18, 0.000000000000000000e+00
1.635113911040676270e-18, 0.000000000000000000e+00
1.909218151042094247e-18, 0.000000000000000000e+00
2.229272177097818710e-18, 0.000000000000000000e+00
2.602978835535310412e-18, 0.000000000000000000e+00
3.039332248368829520e-18, 0.000000000000000000e+00
3.548834277815029616e-18, 0.000000000000000000e+00
4.143747278091769203e-18, 0.000000000000000000e+00
4.838389217561514039e-18, 0.000000000000000000e+00
5.649478274021606592e-18, 0.000000000000000000e+00
6.596535196630497956e-18, 0.000000000000000000e+00
7.702353118248023089e-18, 0.000000000000000000e+00
8.993546125318797605e-18, 0.000000000000000000e+00
1.050118978791184392e-17, 0.000000000000000000e+00
1.226156906576543473e-17, 0.000000000000000000e+00
1.431705159044002820e-17, 0.000000000000000000e+00
1.671710734114975772e-17, 0.000000000000000000e+00
1.951949925514886663e-17, 0.000000000000000000e+00
2.279167342748857588e-17, 0.000000000000000000e+00
2.661238235854156293e-17, 0.000000000000000000e+00
3.107358031653111131e-17, 0.000000000000000000e+00
3.628263643138282592e-17, 0.000000000000000000e+00
4.236491878316220397e-17, 0.000000000000000000e+00
4.946681167721122281e-17, 0.000000000000000000e+00
5.775923872374348195e-17, 0.000000000000000000e+00
6.744177651302501599e-17, 0.000000000000000000e+00
7.874745789132278381e-17, 0.000000000000000000e+00
9.194838043965264702e-17, 0.000000000000000000e+00
1.073622551364499575e-16, 0.000000000000000000e+00
1.253600528129948575e-16, 0.000000000000000000e+00
1.463749324313652303e-16, 0.000000000000000000e+00
1.709126660647493911e-16, 0.000000000000000000e+00
1.995638114815701302e-16, 0.000000000000000000e+00
2.330179252950391720e-16, 0.000000000000000000e+00
2.720801587507204238e-16, 0.000000000000000000e+00
3.176906355684263719e-16, 0.000000000000000000e+00
3.709470782113892190e-16, 0.000000000000000000e+00
4.331312271366239694e-16, 4.433251948896706581e+09
5.057396888673425339e-16, 5.582170789914797974e+10
5.905199553182014303e-16, 6.487465253213272095e+10
6.895124612624175452e-16, 4.984851496379260254e+10
8.050996921517614587e-16, 3.972909510015496063e+10
9.400635241836067561e-16, 3.052712136865937805e+10
1.097652176637426354e-15, 5.178658686099369812e+10
1.281658387844818299e-15, 4.826219283515847778e+10
1.496510696280042197e-15, 9.383154189812547302e+10
1.747380023663327855e-15, 1.669639099777221069e+11
2.040304125247816402e-15, 3.432205036244481201e+11
2.382332902476464009e-15, 5.081737802654328613e+11
2.781698075296781474e-15, 7.176510305921273193e+11
3.248011297693212803e-15, 1.068056055125841919e+12
3.792495484549381372e-15, 1.572278480347284180e+12
4.428254917260453338e-15, 2.210332203680935547e+12
5.170590628816885501e-15, 3.071096487601242188e+12
6.037368658836964984e-15, 3.994452754770025879e+12
7.049450041464057396e-15, 5.079356741063443359e+12
8.231192874789720272e-15, 6.146090091434911133e+12
9.611038555274013536e-15, 7.211537200539608398e+12
1.122219628626107451e-14, 8.133121507181057617e+12
1.310344233488316355e-14, 8.837889876596193359e+12
1.530005327333422790e-14, 9.334530802615921875e+12
1.786489566513994436e-14, 9.545774138997232422e+12
2.085969842226470568e-14, 9.489437402072869141e+12
2.435653845529604593e-14, 9.029860142610859375e+12
2.843957537234173260e-14, 8.318563490295137695e+12
3.320707697621301066e-14, 7.494298514959642578e+12
3.877378430820567309e-14, 6.632994291308721680e+12
4.527367315877207227e-14, 5.790943022115552734e+12
5.286317850727665526e-14, 4.997395363326428711e+12
6.172495949449466709e-14, 4.268788651162883301e+12
7.207229554069590400e-14, 3.618491039934599609e+12
8.415421941214433446e-14, 3.039608070804515137e+12
9.826151077522554733e-14, 2.534406567608800293e+12
1.147336944870571982e-13, 2.097005781740463623e+12
1.339672120527618000e-13, 1.721948893223255371e+12
1.564249629145710343e-13, 1.402071356758864014e+12
1.826474452061308525e-13, 1.132123402653875977e+12
2.132657641002332364e-13, 9.069799301344472656e+11
2.490168208261894248e-13, 7.208266720377625732e+11
2.907610479159630927e-13, 5.689019886172481689e+11
3.395031175191101639e-13, 4.462315616632398071e+11
3.964161211804007018e-13, 3.482141942804381714e+11
4.628698030228503768e-13, 2.706619799700985107e+11
5.404635258335326130e-13, 2.097574235920687256e+11
6.310647634578878334e-13, 1.621630471991444702e+11
7.368540459117346958e-13, 1.251552683204175110e+11
8.603774389199028282e-13, 9.647550196208279419e+10
1.004607820923932483e-12, 7.430502326624734497e+10
1.173016432332888215e-12, 5.719091218833811951e+10
1.369656419016833193e-12, 4.400030450035876465e+10
1.599260380711907916e-12, 3.383862163007419968e+10
1.867354272066798725e-12, 2.601777497110499573e+10
2.180390397624856683e-12, 2.000064029720668793e+10
2.545902701576178349e-12, 1.537296720984627724e+10
2.972688089689554387e-12, 1.181505650276926422e+10
3.471018147359357998e-12, 9.080108305530693054e+09
4.052886349255764866e-12, 6.978127747892863274e+09
4.732296710254901824e-12, 5.362374156329274178e+09
5.525600824706499793e-12, 4.120564300523740292e+09
6.451891405674874902e-12, 3.166281970243976116e+09
7.533461795592588149e-12, 2.432914058308335781e+09
8.796342507521895701e-12, 1.869407358769831181e+09
1.027092771014048268e-11, 1.436418956554814100e+09
1.199270673427324702e-11, 1.103718464073968887e+09
1.400311820638017854e-11, 8.480773957895864248e+08
1.635054736571430363e-11, 6.516474016339797974e+08
1.909149056791221305e-11, 5.007141307674643993e+08
2.229191500151088592e-11, 3.847397229261718392e+08
2.602884634213915806e-11, 2.956270760132620335e+08
3.039222255498335907e-11, 2.271545225625724196e+08
3.548705846160559437e-11, 1.745414453117117584e+08
4.143597316646138997e-11, 1.341145040293416381e+08
4.838214117152900590e-11, 1.030511702187069952e+08
5.649273820450414145e-11, 7.918266380138555169e+07
6.596296469244882950e-11, 6.084253321312663704e+07
7.702074371516900180e-11, 4.675030707574713230e+07
8.993220650552190613e-11, 3.592209423662043363e+07
1.050080975180062726e-10, 2.760189044863118604e+07
1.226112532185457416e-10, 2.120879565984670445e+07
1.431653345899774112e-10, 1.629645672923244350e+07
1.671650235213482158e-10, 1.252190393962544948e+07
1.951879284809018891e-10, 9.621605535388823599e+06
2.279084860105338701e-10, 7.393068460273908451e+06
2.661141926135866703e-10, 5.680700695664927363e+06
3.107245576942134500e-10, 4.364948135828909464e+06
3.628132336949815997e-10, 3.353947558443958405e+06
4.236338560460705138e-10, 2.577112917438134551e+06
4.946502148246891704e-10, 1.980207165882993024e+06
5.775714842760397404e-10, 1.521555533434823621e+06
6.743933580763869986e-10, 1.169135876898911083e+06
7.874460803542362888e-10, 8.983429579901944380e+05
9.194505284481391166e-10, 6.902705546177952783e+05
1.073583697163442448e-09, 5.303914661259693094e+05
1.253555160559284636e-09, 4.075432530872190837e+05
1.463696351497021232e-09, 3.131488980206666165e+05
1.709064807670563662e-09, 2.406179751197378791e+05
1.995565893042375731e-09, 1.848865198526161548e+05
2.330094924195305965e-09, 1.420634730476869736e+05
2.720703122202257710e-09, 1.091590148944291577e+05
3.176791384032336837e-09, 8.387582168093539076e+04
3.709336537054124696e-09, 6.444867122936205124e+04
4.331155521978282322e-09, 4.952119860036497994e+04
5.057213862417803832e-09, 3.805119739535492408e+04
5.904985845105158122e-09, 2.923785498216102496e+04
6.894875079342960596e-09, 2.246584135253082786e+04
8.050705557431865460e-09, 1.726234800689131225e+04
9.400295034589802586e-09, 1.326407740689635466e+04
1.097612452808688640e-08, 1.019187826510647392e+04
1.281612004865416702e-08, 7.831255758258976130e+03
1.496456537835437654e-08, 6.017395926051472998e+03
1.747316786304279705e-08, 4.623658688796397655e+03
2.040230287019851416e-08, 3.552736089365206681e+03
2.382246686290472952e-08, 2.729858445490869599e+03
2.781597406159238859e-08, 2.097574079517215978e+03
3.247893752766619457e-08, 1.611738156727517435e+03
3.792358234841027568e-08, 1.238430580935340004e+03
4.428094659536107595e-08, 9.515877609486493611e+02
5.170403506100775866e-08, 7.311829025599158740e+02
6.037150167584694934e-08, 5.618277776744020002e+02
7.049194923174215987e-08, 4.316983488829510520e+02
8.230894989445869222e-08, 3.317092387273700069e+02
9.610690733570848061e-08, 2.548794067473369296e+02
1.122179015705835130e-07, 1.958447471439516789e+02
1.310296812373474564e-07, 1.504835775998958525e+02
1.529949956724325201e-07, 1.156288716317671827e+02
1.786424913787846109e-07, 8.884714311075005355e+01
2.085894351364676277e-07, 6.826854510939853071e+01
2.435565699668571264e-07, 5.245632091449968470e+01
2.843854614938248337e-07, 4.030649253584509495e+01
3.320587521825467136e-07, 3.097078316243621288e+01
3.877238109214126943e-07, 2.379739216558263593e+01
4.527203471293543005e-07, 1.828548767760610616e+01
5.286126539864874544e-07, 1.405023950865746052e+01
6.172272567965604518e-07, 1.079595093952311302e+01
7.206968725768446012e-07, 8.295414325196361460e+00
8.415117388654812462e-07, 6.374047011898769988e+00
9.825795470937055071e-07, 4.897702961802801624e+00
1.147295422959284638e-06, 3.763306774686957734e+00
1.339623638041987889e-06, 2.891657118032236351e+00
1.564193019241686001e-06, 2.221897266378300539e+00
1.826408352289566483e-06, 1.707265683256741440e+00
2.132580460517753101e-06, 1.311832212385889429e+00
2.490078089536171985e-06, 1.007988252988545330e+00
2.907505253275528389e-06, 7.745200251753083798e-01
3.394908309642402768e-06, 5.951266596392715824e-01
3.964017749544815386e-06, 4.572844268023832370e-01
4.628530518505076199e-06, 3.513686473200392513e-01
5.404439665587494086e-06, 2.699847080971960467e-01
6.310419253411135426e-06, 2.074511491299432520e-01
7.368273793004429503e-06, 1.594014700174666566e-01
8.603463020199222133e-06, 1.224806730605244171e-01
1.004571464353174789e-05, 9.411113995658478004e-02
1.172973981085711423e-05, 7.231256117072580591e-02
1.369606851405000625e-05, 5.556305554092389604e-02
1.599202503775273322e-05, 4.269277555406984087e-02
1.867286692861943421e-05, 3.280353454982063571e-02
2.180311489700670832e-05, 2.520430587765032718e-02
2.545810565829488036e-05, 1.936508309038276893e-02
2.972580508658805780e-05, 1.487806449499756711e-02
3.470892531856226512e-05, 1.143023038925430369e-02
4.052739676050301244e-05, 8.780631563985560190e-03
4.732125449314459231e-05, 6.743798517243991195e-03
