# M_f [M_sun], P(M_f) [M_sun^-1]
3.554939309087782630e-22, 1.595004540944401818e+19
4.164867986368243590e-22, 1.506114407602457805e+19
4.879443454781822347e-22, 1.433631672778470400e+19
5.716620192126315073e-22, 1.360389583824230195e+19
6.697433165046825470e-22, 1.293018356155165286e+19
7.846526355214260603e-22, 1.223539544078818099e+19
9.192771965891135454e-22, 1.166672363689838797e+19
1.076999586711594898e-21, 1.103855285893326029e+19
1.261782750709730719e-21, 1.034901165727889408e+19
1.478269564475659425e-21, 9.778292011520866304e+18
1.731899492227074708e-21, 9.276846369727981568e+18
2.029045258900605437e-21, 8.747573446801720320e+18
2.377172971725329711e-21, 8.299412158498500608e+18
2.785029714203261248e-21, 7.812442035410540544e+18
3.262863325997498860e-21, 7.321521183943798784e+18
3.822679890934355379e-21, 6.886027217240707072e+18
4.478545402782572019e-21, 6.454399269134106624e+18
5.246939188487060978e-21, 6.069057867774101504e+18
6.147167968996433368e-21, 5.658186315290132480e+18
7.201850961408169007e-21, 5.312410870411058176e+18
8.437488211144998925e-21, 4.965901003172141056e+18
9.885126434120334154e-21, 4.640017619628276736e+18
1.158113909889358002e-20, 4.309602856012934144e+18
1.356814034921921673e-20, 4.014161367298866688e+18
1.589605573027771623e-20, 3.711793588910962176e+18
1.862337662173687523e-20, 3.436924792883796480e+18
2.181862989662507000e-20, 3.191030610936131072e+18
2.556209973277687262e-20, 2.955497205293788672e+18
2.994784483921711958e-20, 2.729907369248018432e+18
3.508606178246820418e-20, 2.519943980103148544e+18
4.110585379389697468e-20, 2.318621001071527424e+18
4.815847462736724022e-20, 2.140202016703553280e+18
5.642112897261175748e-20, 1.974814240997571840e+18
6.610142491380065642e-20, 1.816003131001480704e+18
7.744259030612173168e-20, 1.672455093381737728e+18
9.072958413744709407e-20, 1.542076920314472960e+18
1.062962564296273862e-19, 1.420532621234989056e+18
1.245337365796392977e-19, 1.307528481106342912e+18
1.459002609066893339e-19, 1.204928352585670656e+18
1.709326863329692882e-19, 1.110410199456365184e+18
2.002599794916861493e-19, 1.023798667245435264e+18
2.346190201907295332e-19, 9.454253060614865920e+17
2.748731163110049905e-19, 8.756947935085198080e+17
3.220336953461912371e-19, 8.335401319945324800e+17
3.772857176071966462e-19, 8.320469574439805440e+17
4.420174496254335417e-19, 6.356827885586940160e+17
5.178553458437248030e-19, 4.856608200468821760e+17
6.067049150348568050e-19, 3.710442320821680640e+17
7.107985982605515872e-19, 2.834773086042968000e+17
8.327518613560927099e-19, 2.165762934585637440e+17
9.756289113246611492e-19, 1.654640052820756480e+17
1.143019687836545591e-18, 1.264142838847914240e+17
1.339130064327491740e-18, 9.658034774911718400e+16
1.568887525095887845e-18, 7.378725951444948800e+16
1.838064973649593682e-18, 5.637336987847542400e+16
2.153425783120427356e-18, 4.306918094489020000e+16
2.522893733294045941e-18, 3.290479797930161200e+16
2.955752104106024924e-18, 2.513922267163775600e+16
3.462876928042592619e-18, 1.920633328099218800e+16
4.057010262163551902e-18, 1.467361353685480200e+16
4.753080346001232680e-18, 1.121062157356489600e+16
5.568576689647165650e-18, 8.564900237424136000e+15
6.523989516518419787e-18, 6.543572592799684000e+15
7.643324602276253526e-18, 4.999280912829011000e+15
8.954706445778864130e-18, 3.819444086687114500e+15
1.049108492738794133e-17, 2.918050292771783500e+15
1.229106321017912490e-17, 2.229386611738870500e+15
1.439986768596596156e-17, 1.703248459052273000e+15
1.687048433707514473e-17, 1.301279597710137000e+15
1.976499006618515979e-17, 9.941759127490211250e+14
2.315611244532450716e-17, 7.595490986177081250e+14
2.712905707440121844e-17, 5.802945191216062500e+14
3.178364846361432647e-17, 4.433442545523488125e+14
3.723683823172148955e-17, 3.387144313237716875e+14
4.362564364134417995e-17, 2.587773830582921250e+14
5.111059030517391504e-17, 1.977055826076880312e+14
5.987974556477713349e-17, 1.510468068433970938e+14
7.015344388498441742e-17, 1.153995631112710312e+14
8.218982299448246298e-17, 8.816511546701579688e+13
9.629130987410051721e-17, 6.735803304400059375e+13
1.128122195602306520e-16, 5.146144925374814062e+13
1.321676576914936317e-16, 3.931648000419126562e+13
1.548439504847211017e-16, 3.003773936287627734e+13
1.814108642046238339e-16, 2.294879363401563672e+13
2.125359211544772699e-16, 1.753284835767371680e+13
2.490011718924986992e-16, 1.339507324156416602e+13
2.917228450939035525e-16, 1.023381845815924414e+13
3.417743687825801351e-16, 7.818623933282178711e+12
4.004133413656054675e-16, 5.973418471318928711e+12
4.691131301468769991e-16, 4.563683908827482422e+12
5.495998912665211303e-16, 3.486648544663676270e+12
6.438959412319121213e-16, 2.663794933406917480e+12
7.543705697967002551e-16, 2.035135849325709717e+12
8.837995709161229663e-16, 1.554841130324353516e+12
1.035434987557938712e-15, 1.187896592431068604e+12
1.213086822782425552e-15, 9.075514448315192871e+11
1.421218770170270965e-15, 6.933681182889414062e+11
1.665060368928408994e-15, 5.297323366046727905e+11
1.950738401691563623e-15, 4.047148131603426514e+11
2.285430836530691886e-15, 3.092015885631062012e+11
2.677547181126970641e-15, 2.362296097426777954e+11
3.136939780704104200e-15, 1.804791132494084473e+11
3.675151368806934184e-15, 1.378858067571366882e+11
4.305705090906085245e-15, 1.053445762379861908e+11
5.044444287983953543e-15, 8.048311863096473694e+10
5.909930577530328216e-15, 6.148899749648652649e+10
6.923910234161186932e-15, 4.697751376234899139e+10
8.111860588175597371e-15, 3.589075914625989532e+10
9.503630170902745736e-15, 2.742049310254103088e+10
1.113418869117993458e-14, 2.094922091010863113e+10
1.304450568692773882e-14, 1.600517740871205139e+10
1.528257992888903767e-14, 1.222793463218488884e+10
1.790464544140884680e-14, 9.342126085262540817e+09
2.097658444282498875e-14, 7.137372125234213829e+09
2.457558270711805719e-14, 5.452942979899803162e+09
2.879206893956380988e-14, 4.166041313291993618e+09
3.373198689528892016e-14, 3.182850121126381874e+09
3.951945733015404868e-14, 2.431693334685641289e+09
4.629989666834555381e-14, 1.857810531103271723e+09
5.424367074655676216e-14, 1.419364818847174406e+09
6.355037543901280041e-14, 1.084392867438089848e+09
7.445385171865133341e-14, 8.284747341445268393e+08
8.722806116326921614e-14, 6.329536146233209372e+08
1.021939695350504780e-13, 4.835757347246941924e+08
1.197276113908228647e-13, 3.694512296176835895e+08
1.402695383550534565e-13, 2.822602568021763563e+08
1.643358884536128603e-13, 2.156464674694327116e+08
1.925313546372367750e-13, 1.647536194398322105e+08
2.255643783427914986e-13, 1.258715500279904753e+08
2.642649498469248929e-13, 9.616569978994125128e+07
3.096054626651536335e-13, 7.347046901353436708e+07
3.627251459856035670e-13, 5.613134234943599999e+07
4.249586890286010331e-13, 4.288427222815392911e+07
4.978697765499685977e-13, 3.276352795974084362e+07
5.832903781036313840e-13, 2.503129256069524586e+07
6.833667782485480914e-13, 1.912387481722460687e+07
8.006135042584769108e-13, 1.461061537742210738e+07
9.379765063263084318e-13, 1.116249106144068204e+07
1.098907177733620883e-12, 8.528128588599814102e+06
1.287449074821890004e-12, 6.515479100614204071e+06
1.508339515697955710e-12, 4.977817520967122167e+06
1.767128610450621027e-12, 3.803046082987750415e+06
2.070318713640647402e-12, 2.905522239018597640e+06
2.425527802958077446e-12, 2.219815194467483554e+06
2.841680889111551975e-12, 1.695935908563659526e+06
3.329234266329045287e-12, 1.295692818501703674e+06
3.900438238005257590e-12, 9.899076203771071741e+05
4.569644918760408134e-12, 7.562881285410329001e+05
5.353668846768369621e-12, 5.778031421181070618e+05
6.272209467127062636e-12, 4.414408455518532428e+05
7.348346101620664173e-12, 3.372602291667818208e+05
8.609117841521512969e-12, 2.576663743621026224e+05
1.008620293386256217e-11, 1.968567732825469866e+05
1.181671473149198844e-11, 1.503983174867626512e+05
1.384413420601148128e-11, 1.149041179561266181e+05
1.621940245398964309e-11, 8.778659585430948937e+04
1.900220064684535723e-11, 6.706884445268522541e+04
2.226244958451911904e-11, 5.124050946021396521e+04
2.608206653083284003e-11, 3.914768221543614345e+04
3.055702347291745383e-11, 2.990877800592431595e+04
3.579975852069152363e-11, 2.285026725248785806e+04
4.194200103539933424e-11, 1.745757426471369399e+04
4.913808147160267494e-11, 1.333756389046817458e+04
5.756880909596944173e-11, 1.018988134368168539e+04
6.744601501471849372e-11, 7.785055984169261137e+03
7.901787465817365748e-11, 5.947772557710019100e+03
9.257514345558095331e-11, 4.544090421519177653e+03
1.084584623782321578e-10, 3.471679109504361350e+03
1.270669169105270310e-10, 2.652358272953807500e+03
1.488680645023350689e-10, 2.026398224559610298e+03
1.744096824531938844e-10, 1.548165573305933776e+03
2.043335314065755398e-10, 1.182796445852352917e+03
2.393914802768297581e-10, 9.036549094406841505e+02
2.804643977649551806e-10, 6.903911425812958669e+02
3.285842851328589352e-10, 5.274579080728423151e+02
3.849602063458864622e-10, 4.029771317577713603e+02
4.510086671063629299e-10, 3.078739806176383240e+02
5.283892060840569477e-10, 2.352153033324369176e+02
6.190460926115560205e-10, 1.797041663198372419e+02
7.252571785440163173e-10, 1.372937339279060893e+02
8.496911317388502362e-10, 1.048922202422482712e+02
9.954744892081493267e-10, 8.013750679504333618e+01
1.166270214726448448e-09, 6.122493873899453831e+01
1.366369734738289428e-09, 4.677576238631388605e+01
1.600800765066854691e-09, 3.573661121169290311e+01
1.875453637685745777e-09, 2.730271499253913348e+01
2.197229301650036782e-09, 2.085923097710114504e+01
2.574212716869338996e-09, 1.593641766651200520e+01
3.015875997428001928e-09, 1.217539494633104447e+01
3.533316408647045077e-09, 9.301979149370591671e+00
4.139535197820245990e-09, 7.106694574012597521e+00
4.849764264546636664e-09, 5.429499006731692390e+00
5.681848878603233730e-09, 4.148125456170862257e+00
6.656696061556467092e-09, 3.169157549899450199e+00
7.798799898182857864e-09, 2.421227607088130451e+00
9.136856976714022134e-09, 1.849810416714938732e+00
1.070448742150435761e-08, 1.413248634410635862e+00
1.254107963484337046e-08, 1.079716350981511530e+00
1.469277997296015627e-08, 8.248982074866751946e-01
1.721365222289457542e-08, 6.302176688222397294e-01
2.016703601333963015e-08, 4.814820623028331914e-01
2.362713829099000118e-08, 3.678485755918344258e-01
2.768089784995247636e-08, 2.810331298894362395e-01
3.243016976252675725e-08, 2.147061257945715174e-01
3.799428459753194850e-08, 1.640327259301763430e-01
4.451304672929294335e-08, 1.253183543524898913e-01
5.215024707302747141e-08, 9.574070764654661614e-02
6.109777850789253333e-08, 7.314359693622624059e-02
7.158045739212245458e-08, 5.587938655350307288e-02
8.386167231601665177e-08, 4.268975622612979082e-02
9.825000202377754192e-08, 3.261301336597970113e-02
1.151069687866058048e-07, 2.491445220397426469e-02
1.348561220388992395e-07, 1.903288118492088912e-02
1.579936805136920602e-07, 1.453947504817311442e-02
1.851010002724404292e-07, 1.110665433387885564e-02
2.168591819018276323e-07, 8.484042246314963884e-03
2.540661838991262367e-07, 6.480431619194108352e-03
2.976568722383458751e-07, 4.949767961305686845e-03
3.487265098841028302e-07, 3.780400731224573679e-03
4.085582764525233750e-07, 2.887079870603960745e-03
4.786555094802828620e-07, 2.204680374413964770e-03
5.607794773983806434e-07, 1.683392393808078296e-03
6.569936332972589126e-07, 1.285187188659872581e-03
7.697154614067526183e-07, 9.810185446090615748e-04
9.017772189895008571e-07, 7.487028966741756265e-04
1.056497099853249245e-06, 5.712621506259970335e-04
1.237762607541896761e-06, 4.357449065856613133e-04
1.450128233046472805e-06, 3.322564661902517786e-04
1.698929891293638432e-06, 2.532509731922909712e-04
1.990418991751685834e-06, 1.929314410131396354e-04
2.331919511822318867e-06, 1.468992168620380427e-04
2.732012019656224729e-06, 1.117701943827493534e-04
3.200749270163831329e-06, 8.495995717080769927e-05
3.749908791302991839e-06, 6.451063581447221578e-05
4.393288807145992575e-06, 4.892165466915819372e-05
5.147054933111502699e-06, 3.703971467534889161e-05
6.030146354452266775e-06, 2.799523075521211053e-05
7.064751693670376281e-06, 2.110574211676186389e-05
8.276866523540982274e-06, 1.586412437491719097e-05
9.696946533859272140e-06, 1.188262577618292425e-05
1.136067276342852149e-05, 8.857378199436235843e-06
1.330984812456625985e-05, 6.565431975740932236e-06
1.559344774627215830e-05, 4.828571279634378893e-06
1.826884952705988956e-05, 3.517108587398312250e-06
2.140327581641746703e-05, 2.528786029308102169e-06
2.507548244869502754e-05, 1.785456449002481156e-06
2.937773756821394599e-05, 1.229756075312429451e-06
3.441813996570822800e-05, 8.142778281008388675e-07
4.032333517679733450e-05, 5.054092824255620186e-07
4.724169758738698836e-05, 2.738983318044190554e-07
