# M_f [M_sun], P(M_f) [M_sun^-1]
3.548962714117586356e-25, 0.000000000000000000e+00
4.143897244964681628e-25, 0.000000000000000000e+00
4.838564324307219260e-25, 0.000000000000000000e+00
5.649682734992169490e-25, 0.000000000000000000e+00
6.596773932655885372e-25, 0.000000000000000000e+00
7.702631875067320117e-25, 0.000000000000000000e+00
8.993871611864740876e-25, 0.000000000000000000e+00
1.050156983777701776e-24, 0.000000000000000000e+00
1.226201282573591067e-24, 0.000000000000000000e+00
1.431756974063410238e-24, 0.000000000000000000e+00
1.671771235205982412e-24, 0.000000000000000000e+00
1.952020568777308980e-24, 0.000000000000000000e+00
2.279249828377506683e-24, 0.000000000000000000e+00
2.661334549057996954e-24, 0.000000000000000000e+00
3.107470490433956329e-24, 0.000000000000000000e+00
3.628394954078874531e-24, 0.000000000000000000e+00
4.236645201720489617e-24, 0.000000000000000000e+00
4.946860193674237954e-24, 0.000000000000000000e+00
5.776132909553281211e-24, 0.000000000000000000e+00
6.744421730674377979e-24, 0.000000000000000000e+00
7.875030785036159497e-24, 0.000000000000000000e+00
9.195170815492024403e-24, 0.000000000000000000e+00
1.073661406971731716e-23, 0.000000000000000000e+00
1.253645897342513110e-23, 0.000000000000000000e+00
1.463802299047425984e-23, 0.000000000000000000e+00
1.709188515862952929e-23, 0.000000000000000000e+00
1.995710339202826004e-23, 0.000000000000000000e+00
2.330263584757434168e-23, 0.000000000000000000e+00
2.720900056375714993e-23, 0.000000000000000000e+00
3.177021331497144511e-23, 0.000000000000000000e+00
3.709605032032140160e-23, 0.000000000000000000e+00
4.331469026427151886e-23, 0.000000000000000000e+00
5.057579921552993781e-23, 0.000000000000000000e+00
5.905413268993206007e-23, 0.000000000000000000e+00
6.895374154936251738e-23, 1.035632134365375061e+11
8.051288296148122256e-23, 7.957610859083531189e+10
9.400975461394818512e-23, 4.538371373825123901e+11
1.097691901903814394e-22, 3.487202852104940796e+11
1.281704772502877614e-22, 2.679503885879511108e+11
1.496564856684707842e-22, 2.058882542525343933e+11
1.747443263311006971e-22, 1.582008276328447876e+11
2.040377966148069427e-22, 1.256846947959438965e+12
2.382419121782715813e-22, 1.267925349598871094e+12
2.781798748077653061e-22, 2.043192690524649902e+12
3.248128846873889935e-22, 2.040446858910100098e+12
3.792632739224971983e-22, 3.370886060221972656e+12
4.428415180784706451e-22, 8.551591033249317188e+13
5.170777758305154950e-22, 6.577081356970069531e+13
6.037587157996679498e-22, 5.053710897004271094e+13
7.049705168986915043e-22, 3.898022376829396875e+13
8.231490770914376496e-22, 3.002863483999512109e+13
9.611386389565238025e-22, 2.411083415442272266e+13
1.122260243016206653e-21, 1.875185226327862109e+13
1.310391656319376225e-21, 1.469260919552924805e+13
1.530060699946438888e-21, 1.373854842370381641e+13
1.786554221579997443e-21, 1.064251183166414844e+13
2.086045335820364214e-21, 1.081795666004736328e+13
2.435741994580735524e-21, 8.387966039700613281e+12
2.844060463254972146e-21, 8.234007380509325195e+12
3.320827877766432378e-21, 6.935593940358023438e+12
3.877518757505402961e-21, 1.518717349408132422e+13
4.527531166390591196e-21, 1.227682161160807617e+13
5.286509168514232234e-21, 9.755908865451453125e+12
6.172719339017780476e-21, 1.036421703678610938e+13
7.207490391810404495e-21, 1.077427620717878906e+13
8.415726504796120160e-21, 9.132849760440835938e+12
9.826506696977815998e-21, 1.875037013093846484e+13
1.147378468284583961e-20, 1.590651836981575000e+13
1.339720604767883656e-20, 5.348713599777373438e+13
1.564306241098517039e-20, 7.962862982617467188e+13
1.826540554225283020e-20, 6.386487195371273438e+13
2.132734824280151716e-20, 9.216229952319645312e+13
2.490258330249094031e-20, 8.022135469291715625e+13
2.907715708851964547e-20, 9.208293932731421875e+13
3.395154045186442600e-20, 7.961106079507810938e+13
3.964304679255259240e-20, 3.674813013855671250e+14
4.628865548014387372e-20, 2.884185347107475000e+14
5.404830858161902066e-20, 1.619744841979649000e+15
6.310876024011991138e-20, 1.246803672543171250e+15
7.368807134881180046e-20, 1.011243962956388125e+15
8.604085769467593336e-20, 8.544305137271242500e+14
1.004644178810475172e-19, 6.650850995356376250e+14
1.173058885116423403e-19, 5.906907660341246250e+14
1.369705988422578918e-19, 4.684307960718829375e+14
1.599318259743174272e-19, 3.696466338310018750e+14
1.867421853717413878e-19, 3.319482864988516875e+14
2.180469308404809387e-19, 4.079412018073179375e+14
2.545994840657364937e-19, 4.202457216733355625e+14
2.972795674613780767e-19, 3.475747360553705000e+14
3.471143767408655819e-19, 2.928111905521019375e+14
4.053033027769513840e-19, 2.929727142802889375e+14
4.732467977393484649e-19, 3.608503006978701250e+14
5.525800802412904732e-19, 3.472870523726017500e+14
6.452124906878854795e-19, 3.258285558924950625e+14
7.533734440045013057e-19, 2.882400541878641250e+14
8.796660857047170922e-19, 2.643857274505933750e+14
1.027129942656215233e-18, 2.761167526920535938e+14
1.199314076381365808e-18, 3.846806689401250625e+14
1.400362499497209111e-18, 3.668563638203125625e+14
1.635113911040676270e-18, 3.297911195347183750e+14
1.909218151042094247e-18, 3.080566182685465000e+14
2.229272177097818710e-18, 2.763174913719086875e+14
2.602978835535310412e-18, 2.543146499210243125e+14
3.039332248368829520e-18, 2.838181860598643125e+14
3.548834277815029616e-18, 2.727459087344931875e+14
4.143747278091769203e-18, 2.670055981510340625e+14
4.838389217561514039e-18, 2.768826972528630938e+14
5.649478274021606592e-18, 2.555279144822153438e+14
6.596535196630497956e-18, 2.601279422315257812e+14
7.702353118248023089e-18, 2.642598395708211250e+14
8.993546125318797605e-18, 2.703272389855963750e+14
1.050118978791184392e-17, 2.770795595948556875e+14
1.226156906576543473e-17, 2.822731507975798125e+14
1.431705159044002820e-17, 2.917364803202509375e+14
1.671710734114975772e-17, 2.956235235296801250e+14
1.951949925514886663e-17, 3.362678499168879375e+14
2.279167342748857588e-17, 3.556292341174730000e+14
2.661238235854156293e-17, 3.716733421558912500e+14
3.107358031653111131e-17, 4.007051102267337500e+14
3.628263643138282592e-17, 4.302284543034541875e+14
4.236491878316220397e-17, 4.796338994391666250e+14
4.946681167721122281e-17, 5.292970278637831250e+14
5.775923872374348195e-17, 5.838795958738541250e+14
6.744177651302501599e-17, 6.380727413390531250e+14
7.874745789132278381e-17, 6.778533840072378750e+14
9.194838043965264702e-17, 7.144909377505428750e+14
1.073622551364499575e-16, 7.306491019505621250e+14
1.253600528129948575e-16, 7.419072742702490000e+14
1.463749324313652303e-16, 7.479553899003571250e+14
1.709126660647493911e-16, 7.333562312443476250e+14
1.995638114815701302e-16, 7.143387206568893750e+14
2.330179252950391720e-16, 6.883822064275146250e+14
2.720801587507204238e-16, 6.533047833595385000e+14
3.176906355684263719e-16, 6.128938397541153750e+14
3.709470782113892190e-16, 5.710090250710747500e+14
4.331312271366239694e-16, 5.244159638121197500e+14
5.057396888673425339e-16, 4.763874732755295000e+14
5.905199553182014303e-16, 4.274948361257996875e+14
6.895124612624175452e-16, 3.772411360259968125e+14
8.050996921517614587e-16, 3.274703447595283750e+14
9.400635241836067561e-16, 2.806582138439893750e+14
1.097652176637426354e-15, 2.365046825927432500e+14
1.281658387844818299e-15, 1.965746620268579375e+14
1.496510696280042197e-15, 1.612102532474392188e+14
1.747380023663327855e-15, 1.307369179327208750e+14
2.040304125247816402e-15, 1.049697132319604062e+14
2.382332902476464009e-15, 8.363157745549523438e+13
2.781698075296781474e-15, 6.604622160625444531e+13
3.248011297693212803e-15, 5.185659493238472656e+13
3.792495484549381372e-15, 4.053427515073868750e+13
4.428254917260453338e-15, 3.155061331975489453e+13
5.170590628816885501e-15, 2.448921866198748828e+13
6.037368658836964984e-15, 1.896031186118505859e+13
7.049450041464057396e-15, 1.465424782435576758e+13
8.231192874789720272e-15, 1.130489611827857617e+13
9.611038555274013536e-15, 8.713596100640043945e+12
1.122219628626107451e-14, 6.711835984718907227e+12
1.310344233488316355e-14, 5.165330300037206055e+12
1.530005327333422790e-14, 3.974508853942383301e+12
1.786489566513994436e-14, 3.056729885783201660e+12
2.085969842226470568e-14, 2.349914457889943848e+12
2.435653845529604593e-14, 1.805964221711534424e+12
2.843957537234173260e-14, 1.387813039470784668e+12
3.320707697621301066e-14, 1.066406064266847656e+12
3.877378430820567309e-14, 8.194072192741793213e+11
4.527367315877207227e-14, 6.296177538913836670e+11
5.286317850727665526e-14, 4.837881333203427124e+11
6.172495949449466709e-14, 3.717340910288740234e+11
7.207229554069590400e-14, 2.856337824239506226e+11
8.415421941214433446e-14, 2.194758554964333801e+11
9.826151077522554733e-14, 1.686412956231781006e+11
1.147336944870571982e-13, 1.295809350697787018e+11
1.339672120527618000e-13, 9.956765732420054626e+10
1.564249629145710343e-13, 7.650599507193099976e+10
1.826474452061308525e-13, 5.878582903783435822e+10
2.132657641002332364e-13, 4.516997252724790955e+10
2.490168208261894248e-13, 3.470779351273593903e+10
2.907610479159630927e-13, 2.666884354120159912e+10
3.395031175191101639e-13, 2.049185913363241196e+10
3.964161211804007018e-13, 1.574557552670592308e+10
4.628698030228503768e-13, 1.209861667466773796e+10
5.404635258335326130e-13, 9.296359163858837128e+09
6.310647634578878334e-13, 7.143154948071908951e+09
7.368540459117346958e-13, 5.488671605920829773e+09
8.603774389199028282e-13, 4.217396398248961449e+09
1.004607820923932483e-12, 3.240571418909436226e+09
1.173016432332888215e-12, 2.489996698885604382e+09
1.369656419016833193e-12, 1.913268597034607172e+09
1.599260380711907916e-12, 1.470121113044162273e+09
1.867354272066798725e-12, 1.129614566570357084e+09
2.180390397624856683e-12, 8.679754701346428394e+08
2.545902701576178349e-12, 6.669367028853776455e+08
2.972688089689554387e-12, 5.124621323516577482e+08
3.471018147359357998e-12, 3.937666570972139835e+08
4.052886349255764866e-12, 3.025631932832236886e+08
4.732296710254901824e-12, 2.324840945199036002e+08
5.525600824706499793e-12, 1.786365788317582905e+08
6.451891405674874902e-12, 1.372611178943314850e+08
7.533461795592588149e-12, 1.054689595848772377e+08
8.796342507521895701e-12, 8.104043822357578576e+07
1.027092771014048268e-11, 6.227000395774213225e+07
1.199270673427324702e-11, 4.784714077935704589e+07
1.400311820638017854e-11, 3.676487337437109649e+07
1.635054736571430363e-11, 2.824945906990586594e+07
1.909149056791221305e-11, 2.170636854371795058e+07
2.229191500151088592e-11, 1.667877659624015167e+07
2.602884634213915806e-11, 1.281566592143779062e+07
3.039222255498335907e-11, 9.847321917438575998e+06
3.548705846160559437e-11, 7.566500250736225396e+06
4.143597316646138997e-11, 5.813958465962420218e+06
4.838214117152900590e-11, 4.467337074702113867e+06
5.649273820450414145e-11, 3.432617958600669634e+06
6.596296469244882950e-11, 2.637558687860138714e+06
7.702074371516900180e-11, 2.026649794520232128e+06
8.993220650552190613e-11, 1.557238678910462186e+06
1.050080975180062726e-10, 1.196551789581101621e+06
1.226112532185457416e-10, 9.194066758996869903e+05
1.431653345899774112e-10, 7.064535554610843537e+05
1.671650235213482158e-10, 5.428244313092196826e+05
1.951879284809018891e-10, 4.170947913400753168e+05
2.279084860105338701e-10, 3.204866124003053410e+05
2.661141926135866703e-10, 2.462547688445811218e+05
3.107245576942134500e-10, 1.892164097964612010e+05
3.628132336949815997e-10, 1.453893174505662464e+05
4.236338560460705138e-10, 1.117134885508647130e+05
4.946502148246891704e-10, 8.583768348663141660e+04
5.775714842760397404e-10, 6.595524092106052558e+04
6.743933580763869986e-10, 5.067796889577743423e+04
7.874460803542362888e-10, 3.893927803883972229e+04
9.194505284481391166e-10, 2.991953971919839387e+04
1.073583697163442448e-09, 2.298897506210766369e+04
1.253555160559284636e-09, 1.766373006983469895e+04
1.463696351497021232e-09, 1.357195709756294491e+04
1.709064807670563662e-09, 1.042794553506264310e+04
1.995565893042375731e-09, 8.012184538393245930e+03
2.330094924195305965e-09, 6.156012489946025198e+03
2.720703122202257710e-09, 4.729779958606941364e+03
3.176791384032336837e-09, 3.633925881152400507e+03
3.709336537054124696e-09, 2.791922627602832108e+03
4.331155521978282322e-09, 2.144958174710099684e+03
5.057213862417803832e-09, 1.647873846819348046e+03
5.904985845105158122e-09, 1.265953756316907629e+03
6.894875079342960596e-09, 9.725114782433395249e+02
8.050705557431865460e-09, 7.470567410886873176e+02
9.400295034589802586e-09, 5.738412909576483116e+02
1.097612452808688640e-08, 4.407626501863408635e+02
1.281612004865416702e-08, 3.385230245580926294e+02
1.496456537835437654e-08, 2.599796874310318913e+02
1.747316786304279705e-08, 1.996417087086757647e+02
2.040230287019851416e-08, 1.532897185862624383e+02
2.382246686290472952e-08, 1.176851592586247648e+02
2.781597406159238859e-08, 9.033862709839281990e+01
3.247893752766619457e-08, 6.933523624866467117e+01
3.792358234841027568e-08, 5.320672738953771841e+01
4.428094659536107595e-08, 4.082074179355057453e+01
5.170403506100775866e-08, 3.131040816572706476e+01
6.037150167584694934e-08, 2.400898809880164109e+01
7.049194923174215987e-08, 1.840506234209135883e+01
8.230894989445869222e-08, 1.410461819492916646e+01
9.610690733570848061e-08, 1.080432796773292203e+01
1.122179015705835130e-07, 8.272728315305000635e+00
1.310296812373474564e-07, 6.331342362384764222e+00
1.529949956724325201e-07, 4.842724834219463759e+00
1.786424913787846109e-07, 3.701897117748774946e+00
2.085894351364676277e-07, 2.828119477858575870e+00
2.435565699668571264e-07, 2.158684199908393442e+00
2.843854614938248337e-07, 1.646259959068645751e+00
3.320587521825467136e-07, 1.254693898190534895e+00
3.877238109214126943e-07, 9.550880334556443030e-01
4.527203471293543005e-07, 7.262779461964226080e-01
5.286126539864874544e-07, 5.516904380357245952e-01
6.172272567965604518e-07, 4.185006727226429635e-01
7.206968725768446012e-07, 3.170079413332155815e-01
8.415117388654812462e-07, 2.397623038605708468e-01
9.825795470937055071e-07, 1.809927602711161043e-01
1.147295422959284638e-06, 1.364279558162147521e-01
1.339623638041987889e-06, 1.026009300650969625e-01
1.564193019241686001e-06, 7.698803129477371776e-02
1.826408352289566483e-06, 5.763356022274047918e-02
2.132580460517753101e-06, 4.302898842408432734e-02
2.490078089536171985e-06, 3.203873795040437095e-02
2.907505253275528389e-06, 2.377086382413091600e-02
3.394908309642402768e-06, 1.758614526904098141e-02
3.964017749544815386e-06, 1.296717268706915928e-02
4.628530518505076199e-06, 9.517823076364404292e-03
5.404439665587494086e-06, 6.950287149490710047e-03
6.310419253411135426e-06, 5.050902051696711491e-03
7.368273793004429503e-06, 3.643352704760518916e-03
8.603463020199222133e-06, 2.612148754392152813e-03
1.004571464353174789e-05, 1.857879544575718068e-03
1.172973981085711423e-05, 1.308249525324700450e-03
1.369606851405000625e-05, 9.096683054513460525e-04
1.599202503775273322e-05, 6.256159665881730466e-04
1.867286692861943421e-05, 4.214737968290195504e-04
2.180311489700670832e-05, 2.791456365650051463e-04
2.545810565829488036e-05, 1.790070720658897842e-04
2.972580508658805780e-05, 1.108409861233977586e-04
3.470892531856226512e-05, 6.452125643639985292e-05
4.052739676050301244e-05, 3.410849709923052532e-05
4.732125449314459231e-05, 1.482968881143355703e-05
